,Tarih,Saat,Toplam (MWh),IZMIR WindSpeed(m/s)
0,01.02.2018,00:00,0.0,0j
1,01.02.2018,01:00,1.0,(2.845727130703496+0j)
2,01.02.2018,02:00,5.0,(4.866124944308272+0j)
3,01.02.2018,03:00,6.0,(5.171029370782441+0j)
4,01.02.2018,04:00,9.0,(5.919350969396254+0j)
5,01.02.2018,05:00,16.0,(7.170783028460548+0j)
6,01.02.2018,06:00,20.0,(7.724491855603646+0j)
7,01.02.2018,07:00,19.0,(7.593542967381978+0j)
8,01.02.2018,08:00,39.0,(9.650462409337567+0j)
9,01.02.2018,09:00,45.0,(10.121947777604984+0j)
10,01.02.2018,10:00,33.0,(9.127767465531983+0j)
11,01.02.2018,11:00,46.0,(10.19637653715948+0j)
12,01.02.2018,12:00,42.0,(9.891823330401618+0j)
13,01.02.2018,13:00,36.0,(9.396383955788593+0j)
14,01.02.2018,14:00,36.0,(9.396383955788593+0j)
15,01.02.2018,15:00,36.0,(9.396383955788593+0j)
16,01.02.2018,16:00,37.0,(9.482594128751929+0j)
17,01.02.2018,17:00,36.0,(9.396383955788593+0j)
18,01.02.2018,18:00,35.0,(9.308562145233848+0j)
19,01.02.2018,19:00,47.0,(10.269734286241032+0j)
20,01.02.2018,20:00,55.0,(10.822164994364314+0j)
21,01.02.2018,21:00,61.0,(11.202196833891742+0j)
22,01.02.2018,22:00,65.0,(11.441888376335278+0j)
23,01.02.2018,23:00,66.0,(11.500266368369322+0j)
24,02.02.2018,00:00,66.0,(11.500266368369322+0j)
25,02.02.2018,01:00,48.0,(10.34205874156488+0j)
26,02.02.2018,02:00,56.0,(10.887360331968232+0j)
27,02.02.2018,03:00,65.0,(11.441888376335278+0j)
28,02.02.2018,04:00,54.0,(10.756174542690822+0j)
29,02.02.2018,05:00,46.0,(10.19637653715948+0j)
30,02.02.2018,06:00,51.0,(10.5531792067093+0j)
31,02.02.2018,07:00,55.0,(10.822164994364314+0j)
32,02.02.2018,08:00,56.0,(10.887360331968232+0j)
33,02.02.2018,09:00,36.0,(9.396383955788593+0j)
34,02.02.2018,10:00,45.0,(10.121947777604984+0j)
35,02.02.2018,11:00,45.0,(10.121947777604984+0j)
36,02.02.2018,12:00,40.0,(9.732249888616542+0j)
37,02.02.2018,13:00,38.0,(9.567264627885733+0j)
38,02.02.2018,14:00,45.0,(10.121947777604984+0j)
39,02.02.2018,15:00,41.0,(9.812685353516676+0j)
40,02.02.2018,16:00,53.0,(10.689364281461948+0j)
41,02.02.2018,17:00,61.0,(11.202196833891742+0j)
42,02.02.2018,18:00,62.0,(11.263079534051261+0j)
43,02.02.2018,19:00,63.0,(11.323311051132062+0j)
44,02.02.2018,20:00,65.0,(11.441888376335278+0j)
45,02.02.2018,21:00,66.0,(11.500266368369322+0j)
46,02.02.2018,22:00,48.0,(10.34205874156488+0j)
47,02.02.2018,23:00,51.0,(10.5531792067093+0j)
48,03.02.2018,00:00,42.0,(9.891823330401618+0j)
49,03.02.2018,01:00,57.0,(10.9517840818175+0j)
50,03.02.2018,02:00,50.0,(10.483748386047209+0j)
51,03.02.2018,03:00,35.0,(9.308562145233848+0j)
52,03.02.2018,04:00,46.0,(10.19637653715948+0j)
53,03.02.2018,05:00,52.0,(10.621708264608335+0j)
54,03.02.2018,06:00,58.0,(11.015458675840927+0j)
55,03.02.2018,07:00,61.0,(11.202196833891742+0j)
56,03.02.2018,08:00,61.0,(11.202196833891742+0j)
57,03.02.2018,09:00,66.0,(11.500266368369322+0j)
58,03.02.2018,10:00,66.0,(11.500266368369322+0j)
59,03.02.2018,11:00,50.0,(10.483748386047209+0j)
60,03.02.2018,12:00,35.0,(9.308562145233848+0j)
61,03.02.2018,13:00,28.0,(8.641303622061608+0j)
62,03.02.2018,14:00,31.0,(8.939512150377235+0j)
63,03.02.2018,15:00,58.0,(11.015458675840927+0j)
64,03.02.2018,16:00,19.0,(7.593542967381978+0j)
65,03.02.2018,17:00,48.0,(10.34205874156488+0j)
66,03.02.2018,18:00,42.0,(9.891823330401618+0j)
67,03.02.2018,19:00,25.0,(8.320956608290626+0j)
68,03.02.2018,20:00,11.0,(6.32884048187752+0j)
69,03.02.2018,21:00,30.0,(8.84233584359671+0j)
70,03.02.2018,22:00,52.0,(10.621708264608335+0j)
71,03.02.2018,23:00,62.0,(11.263079534051261+0j)
72,04.02.2018,00:00,66.0,(11.500266368369322+0j)
73,04.02.2018,01:00,54.0,(10.756174542690822+0j)
74,04.02.2018,02:00,62.0,(11.263079534051261+0j)
75,04.02.2018,03:00,60.0,(11.140645059587433+0j)
76,04.02.2018,04:00,66.0,(11.500266368369322+0j)
77,04.02.2018,05:00,66.0,(11.500266368369322+0j)
78,04.02.2018,06:00,58.0,(11.015458675840927+0j)
79,04.02.2018,07:00,58.0,(11.015458675840927+0j)
80,04.02.2018,08:00,60.0,(11.140645059587433+0j)
81,04.02.2018,09:00,62.0,(11.263079534051261+0j)
82,04.02.2018,10:00,64.0,(11.382908522813985+0j)
83,04.02.2018,11:00,26.0,(8.430455436469295+0j)
84,04.02.2018,12:00,58.0,(11.015458675840927+0j)
85,04.02.2018,13:00,60.0,(11.140645059587433+0j)
86,04.02.2018,14:00,36.0,(9.396383955788593+0j)
87,04.02.2018,15:00,47.0,(10.269734286241032+0j)
88,04.02.2018,16:00,58.0,(11.015458675840927+0j)
89,04.02.2018,17:00,49.0,(10.41338553855059+0j)
90,04.02.2018,18:00,62.0,(11.263079534051261+0j)
91,04.02.2018,19:00,64.0,(11.382908522813985+0j)
92,04.02.2018,20:00,68.0,(11.615276661700541+0j)
93,04.02.2018,21:00,60.0,(11.140645059587433+0j)
94,04.02.2018,22:00,50.0,(10.483748386047209+0j)
95,04.02.2018,23:00,45.0,(10.121947777604984+0j)
96,05.02.2018,00:00,37.0,(9.482594128751929+0j)
97,05.02.2018,01:00,15.0,(7.018166609990766+0j)
98,05.02.2018,02:00,14.0,(6.858607230018604+0j)
99,05.02.2018,03:00,17.0,(7.317165783214581+0j)
100,05.02.2018,04:00,20.0,(7.724491855603646+0j)
101,05.02.2018,05:00,17.0,(7.317165783214581+0j)
102,05.02.2018,06:00,8.0,(5.691454261406992+0j)
103,05.02.2018,07:00,6.0,(5.171029370782441+0j)
104,05.02.2018,08:00,15.0,(7.018166609990766+0j)
105,05.02.2018,09:00,20.0,(7.724491855603646+0j)
106,05.02.2018,10:00,18.0,(7.457914888057963+0j)
107,05.02.2018,11:00,19.0,(7.593542967381978+0j)
108,05.02.2018,12:00,10.0,(6.130933248752508+0j)
109,05.02.2018,13:00,11.0,(6.32884048187752+0j)
110,05.02.2018,14:00,25.0,(8.320956608290626+0j)
111,05.02.2018,15:00,20.0,(7.724491855603646+0j)
112,05.02.2018,16:00,29.0,(8.74297534497106+0j)
113,05.02.2018,17:00,37.0,(9.482594128751929+0j)
114,05.02.2018,18:00,32.0,(9.034620481786352+0j)
115,05.02.2018,19:00,29.0,(8.74297534497106+0j)
116,05.02.2018,20:00,31.0,(8.939512150377235+0j)
117,05.02.2018,21:00,20.0,(7.724491855603646+0j)
118,05.02.2018,22:00,14.0,(6.858607230018604+0j)
119,05.02.2018,23:00,9.0,(5.919350969396254+0j)
120,06.02.2018,00:00,6.0,(5.171029370782441+0j)
121,06.02.2018,01:00,9.0,(5.919350969396254+0j)
122,06.02.2018,02:00,14.0,(6.858607230018604+0j)
123,06.02.2018,03:00,7.0,(5.443680165984116+0j)
124,06.02.2018,04:00,5.0,(4.866124944308272+0j)
125,06.02.2018,05:00,9.0,(5.919350969396254+0j)
126,06.02.2018,06:00,6.0,(5.171029370782441+0j)
127,06.02.2018,07:00,3.0,(4.1042487314692515+0j)
128,06.02.2018,08:00,5.0,(4.866124944308272+0j)
129,06.02.2018,09:00,7.0,(5.443680165984116+0j)
130,06.02.2018,10:00,3.0,(4.1042487314692515+0j)
131,06.02.2018,11:00,2.0,(3.585391514230274+0j)
132,06.02.2018,12:00,0.0,0j
133,06.02.2018,13:00,0.0,0j
134,06.02.2018,14:00,0.0,0j
135,06.02.2018,15:00,1.0,(2.845727130703496+0j)
136,06.02.2018,16:00,0.0,0j
137,06.02.2018,17:00,1.0,(2.845727130703496+0j)
138,06.02.2018,18:00,0.0,0j
139,06.02.2018,19:00,0.0,0j
140,06.02.2018,20:00,0.0,0j
141,06.02.2018,21:00,0.0,0j
142,06.02.2018,22:00,0.0,0j
143,06.02.2018,23:00,0.0,0j
144,07.02.2018,00:00,0.0,0j
145,07.02.2018,01:00,1.0,(2.845727130703496+0j)
146,07.02.2018,02:00,0.0,0j
147,07.02.2018,03:00,1.0,(2.845727130703496+0j)
148,07.02.2018,04:00,0.0,0j
149,07.02.2018,05:00,2.0,(3.585391514230274+0j)
150,07.02.2018,06:00,2.0,(3.585391514230274+0j)
151,07.02.2018,07:00,2.0,(3.585391514230274+0j)
152,07.02.2018,08:00,8.0,(5.691454261406992+0j)
153,07.02.2018,09:00,12.0,(6.515088753873438+0j)
154,07.02.2018,10:00,20.0,(7.724491855603646+0j)
155,07.02.2018,11:00,25.0,(8.320956608290626+0j)
156,07.02.2018,12:00,6.0,(5.171029370782441+0j)
157,07.02.2018,13:00,16.0,(7.170783028460548+0j)
158,07.02.2018,14:00,25.0,(8.320956608290626+0j)
159,07.02.2018,15:00,44.0,(10.0464080386713+0j)
160,07.02.2018,16:00,38.0,(9.567264627885733+0j)
161,07.02.2018,17:00,26.0,(8.430455436469295+0j)
162,07.02.2018,18:00,15.0,(7.018166609990766+0j)
163,07.02.2018,19:00,20.0,(7.724491855603646+0j)
164,07.02.2018,20:00,31.0,(8.939512150377235+0j)
165,07.02.2018,21:00,31.0,(8.939512150377235+0j)
166,07.02.2018,22:00,45.0,(10.121947777604984+0j)
167,07.02.2018,23:00,47.0,(10.269734286241032+0j)
168,08.02.2018,00:00,58.0,(11.015458675840927+0j)
169,08.02.2018,01:00,58.0,(11.015458675840927+0j)
170,08.02.2018,02:00,53.0,(10.689364281461948+0j)
171,08.02.2018,03:00,58.0,(11.015458675840927+0j)
172,08.02.2018,04:00,58.0,(11.015458675840927+0j)
173,08.02.2018,05:00,58.0,(11.015458675840927+0j)
174,08.02.2018,06:00,65.0,(11.441888376335278+0j)
175,08.02.2018,07:00,66.0,(11.500266368369322+0j)
176,08.02.2018,08:00,64.0,(11.382908522813985+0j)
177,08.02.2018,09:00,60.0,(11.140645059587433+0j)
178,08.02.2018,10:00,64.0,(11.382908522813985+0j)
179,08.02.2018,11:00,46.0,(10.19637653715948+0j)
180,08.02.2018,12:00,52.0,(10.621708264608335+0j)
181,08.02.2018,13:00,46.0,(10.19637653715948+0j)
182,08.02.2018,14:00,65.0,(11.441888376335278+0j)
183,08.02.2018,15:00,60.0,(11.140645059587433+0j)
184,08.02.2018,16:00,32.0,(9.034620481786352+0j)
185,08.02.2018,17:00,25.0,(8.320956608290626+0j)
186,08.02.2018,18:00,17.0,(7.317165783214581+0j)
187,08.02.2018,19:00,31.0,(8.939512150377235+0j)
188,08.02.2018,20:00,5.0,(4.866124944308272+0j)
189,08.02.2018,21:00,3.0,(4.1042487314692515+0j)
190,08.02.2018,22:00,2.0,(3.585391514230274+0j)
191,08.02.2018,23:00,0.0,0j
192,09.02.2018,00:00,1.0,(2.845727130703496+0j)
193,09.02.2018,01:00,0.0,0j
194,09.02.2018,02:00,0.0,0j
195,09.02.2018,03:00,0.0,0j
196,09.02.2018,04:00,0.0,0j
197,09.02.2018,05:00,0.0,0j
198,09.02.2018,06:00,0.0,0j
199,09.02.2018,07:00,0.0,0j
200,09.02.2018,08:00,0.0,0j
201,09.02.2018,09:00,0.0,0j
202,09.02.2018,10:00,0.0,0j
203,09.02.2018,11:00,0.0,0j
204,09.02.2018,12:00,0.0,0j
205,09.02.2018,13:00,0.0,0j
206,09.02.2018,14:00,0.0,0j
207,09.02.2018,15:00,0.0,0j
208,09.02.2018,16:00,0.0,0j
209,09.02.2018,17:00,0.0,0j
210,09.02.2018,18:00,0.0,0j
211,09.02.2018,19:00,0.0,0j
212,09.02.2018,20:00,0.0,0j
213,09.02.2018,21:00,0.0,0j
214,09.02.2018,22:00,0.0,0j
215,09.02.2018,23:00,0.0,0j
216,10.02.2018,00:00,0.0,0j
217,10.02.2018,01:00,0.0,0j
218,10.02.2018,02:00,0.0,0j
219,10.02.2018,03:00,2.0,(3.585391514230274+0j)
220,10.02.2018,04:00,9.0,(5.919350969396254+0j)
221,10.02.2018,05:00,9.0,(5.919350969396254+0j)
222,10.02.2018,06:00,9.0,(5.919350969396254+0j)
223,10.02.2018,07:00,9.0,(5.919350969396254+0j)
224,10.02.2018,08:00,9.0,(5.919350969396254+0j)
225,10.02.2018,09:00,9.0,(5.919350969396254+0j)
226,10.02.2018,10:00,16.0,(7.170783028460548+0j)
227,10.02.2018,11:00,16.0,(7.170783028460548+0j)
228,10.02.2018,12:00,13.0,(6.691256914211192+0j)
229,10.02.2018,13:00,15.0,(7.018166609990766+0j)
230,10.02.2018,14:00,13.0,(6.691256914211192+0j)
231,10.02.2018,15:00,5.0,(4.866124944308272+0j)
232,10.02.2018,16:00,5.0,(4.866124944308272+0j)
233,10.02.2018,17:00,43.0,(9.969714910096506+0j)
234,10.02.2018,18:00,45.0,(10.121947777604984+0j)
235,10.02.2018,19:00,47.0,(10.269734286241032+0j)
236,10.02.2018,20:00,40.0,(9.732249888616542+0j)
237,10.02.2018,21:00,22.0,(7.9738393445443+0j)
238,10.02.2018,22:00,53.0,(10.689364281461948+0j)
239,10.02.2018,23:00,66.0,(11.500266368369322+0j)
240,11.02.2018,00:00,64.0,(11.382908522813985+0j)
241,11.02.2018,01:00,18.0,(7.457914888057963+0j)
242,11.02.2018,02:00,53.0,(10.689364281461948+0j)
243,11.02.2018,03:00,61.0,(11.202196833891742+0j)
244,11.02.2018,04:00,65.0,(11.441888376335278+0j)
245,11.02.2018,05:00,65.0,(11.441888376335278+0j)
246,11.02.2018,06:00,65.0,(11.441888376335278+0j)
247,11.02.2018,07:00,66.0,(11.500266368369322+0j)
248,11.02.2018,08:00,67.0,(11.55805762209552+0j)
249,11.02.2018,09:00,67.0,(11.55805762209552+0j)
250,11.02.2018,10:00,67.0,(11.55805762209552+0j)
251,11.02.2018,11:00,67.0,(11.55805762209552+0j)
252,11.02.2018,12:00,67.0,(11.55805762209552+0j)
253,11.02.2018,13:00,68.0,(11.615276661700541+0j)
254,11.02.2018,14:00,68.0,(11.615276661700541+0j)
255,11.02.2018,15:00,65.0,(11.441888376335278+0j)
256,11.02.2018,16:00,50.0,(10.483748386047209+0j)
257,11.02.2018,17:00,68.0,(11.615276661700541+0j)
258,11.02.2018,18:00,34.0,(9.219051195842558+0j)
259,11.02.2018,19:00,20.0,(7.724491855603646+0j)
260,11.02.2018,20:00,6.0,(5.171029370782441+0j)
261,11.02.2018,21:00,4.0,(4.517310240893176+0j)
262,11.02.2018,22:00,6.0,(5.171029370782441+0j)
263,11.02.2018,23:00,8.0,(5.691454261406992+0j)
264,12.02.2018,00:00,1.0,(2.845727130703496+0j)
265,12.02.2018,01:00,1.0,(2.845727130703496+0j)
266,12.02.2018,02:00,4.0,(4.517310240893176+0j)
267,12.02.2018,03:00,0.0,0j
268,12.02.2018,04:00,0.0,0j
269,12.02.2018,05:00,0.0,0j
270,12.02.2018,06:00,0.0,0j
271,12.02.2018,07:00,3.0,(4.1042487314692515+0j)
272,12.02.2018,08:00,2.0,(3.585391514230274+0j)
273,12.02.2018,09:00,5.0,(4.866124944308272+0j)
274,12.02.2018,10:00,6.0,(5.171029370782441+0j)
275,12.02.2018,11:00,3.0,(4.1042487314692515+0j)
276,12.02.2018,12:00,2.0,(3.585391514230274+0j)
277,12.02.2018,13:00,0.0,0j
278,12.02.2018,14:00,0.0,0j
279,12.02.2018,15:00,10.0,(6.130933248752508+0j)
280,12.02.2018,16:00,8.0,(5.691454261406992+0j)
281,12.02.2018,17:00,10.0,(6.130933248752508+0j)
282,12.02.2018,18:00,2.0,(3.585391514230274+0j)
283,12.02.2018,19:00,1.0,(2.845727130703496+0j)
284,12.02.2018,20:00,1.0,(2.845727130703496+0j)
285,12.02.2018,21:00,0.0,0j
286,12.02.2018,22:00,0.0,0j
287,12.02.2018,23:00,0.0,0j
288,13.02.2018,00:00,0.0,0j
289,13.02.2018,01:00,0.0,0j
290,13.02.2018,02:00,1.0,(2.845727130703496+0j)
291,13.02.2018,03:00,0.0,0j
292,13.02.2018,04:00,0.0,0j
293,13.02.2018,05:00,0.0,0j
294,13.02.2018,06:00,0.0,0j
295,13.02.2018,07:00,0.0,0j
296,13.02.2018,08:00,0.0,0j
297,13.02.2018,09:00,0.0,0j
298,13.02.2018,10:00,0.0,0j
299,13.02.2018,11:00,0.0,0j
300,13.02.2018,12:00,0.0,0j
301,13.02.2018,13:00,0.0,0j
302,13.02.2018,14:00,0.0,0j
303,13.02.2018,15:00,0.0,0j
304,13.02.2018,16:00,0.0,0j
305,13.02.2018,17:00,0.0,0j
306,13.02.2018,18:00,1.0,(2.845727130703496+0j)
307,13.02.2018,19:00,8.0,(5.691454261406992+0j)
308,13.02.2018,20:00,15.0,(7.018166609990766+0j)
309,13.02.2018,21:00,31.0,(8.939512150377235+0j)
310,13.02.2018,22:00,41.0,(9.812685353516676+0j)
311,13.02.2018,23:00,50.0,(10.483748386047209+0j)
312,14.02.2018,00:00,54.0,(10.756174542690822+0j)
313,14.02.2018,01:00,50.0,(10.483748386047209+0j)
314,14.02.2018,02:00,58.0,(11.015458675840927+0j)
315,14.02.2018,03:00,60.0,(11.140645059587433+0j)
316,14.02.2018,04:00,63.0,(11.323311051132062+0j)
317,14.02.2018,05:00,66.0,(11.500266368369322+0j)
318,14.02.2018,06:00,62.0,(11.263079534051261+0j)
319,14.02.2018,07:00,65.0,(11.441888376335278+0j)
320,14.02.2018,08:00,65.0,(11.441888376335278+0j)
321,14.02.2018,09:00,65.0,(11.441888376335278+0j)
322,14.02.2018,10:00,63.0,(11.323311051132062+0j)
323,14.02.2018,11:00,57.0,(10.9517840818175+0j)
324,14.02.2018,12:00,65.0,(11.441888376335278+0j)
325,14.02.2018,13:00,65.0,(11.441888376335278+0j)
326,14.02.2018,14:00,57.0,(10.9517840818175+0j)
327,14.02.2018,15:00,61.0,(11.202196833891742+0j)
328,14.02.2018,16:00,35.0,(9.308562145233848+0j)
329,14.02.2018,17:00,24.0,(8.208497462938503+0j)
330,14.02.2018,18:00,38.0,(9.567264627885733+0j)
331,14.02.2018,19:00,21.0,(7.851145380281553+0j)
332,14.02.2018,20:00,38.0,(9.567264627885733+0j)
333,14.02.2018,21:00,35.0,(9.308562145233848+0j)
334,14.02.2018,22:00,20.0,(7.724491855603646+0j)
335,14.02.2018,23:00,28.0,(8.641303622061608+0j)
336,15.02.2018,00:00,18.0,(7.457914888057963+0j)
337,15.02.2018,01:00,29.0,(8.74297534497106+0j)
338,15.02.2018,02:00,26.0,(8.430455436469295+0j)
339,15.02.2018,03:00,30.0,(8.84233584359671+0j)
340,15.02.2018,04:00,22.0,(7.9738393445443+0j)
341,15.02.2018,05:00,30.0,(8.84233584359671+0j)
342,15.02.2018,06:00,26.0,(8.430455436469295+0j)
343,15.02.2018,07:00,20.0,(7.724491855603646+0j)
344,15.02.2018,08:00,15.0,(7.018166609990766+0j)
345,15.02.2018,09:00,27.0,(8.537181392110488+0j)
346,15.02.2018,10:00,39.0,(9.650462409337567+0j)
347,15.02.2018,11:00,30.0,(8.84233584359671+0j)
348,15.02.2018,12:00,28.0,(8.641303622061608+0j)
349,15.02.2018,13:00,24.0,(8.208497462938503+0j)
350,15.02.2018,14:00,26.0,(8.430455436469295+0j)
351,15.02.2018,15:00,24.0,(8.208497462938503+0j)
352,15.02.2018,16:00,20.0,(7.724491855603646+0j)
353,15.02.2018,17:00,5.0,(4.866124944308272+0j)
354,15.02.2018,18:00,16.0,(7.170783028460548+0j)
355,15.02.2018,19:00,3.0,(4.1042487314692515+0j)
356,15.02.2018,20:00,7.0,(5.443680165984116+0j)
357,15.02.2018,21:00,34.0,(9.219051195842558+0j)
358,15.02.2018,22:00,42.0,(9.891823330401618+0j)
359,15.02.2018,23:00,56.0,(10.887360331968232+0j)
360,16.02.2018,00:00,44.0,(10.0464080386713+0j)
361,16.02.2018,01:00,40.0,(9.732249888616542+0j)
362,16.02.2018,02:00,26.0,(8.430455436469295+0j)
363,16.02.2018,03:00,15.0,(7.018166609990766+0j)
364,16.02.2018,04:00,18.0,(7.457914888057963+0j)
365,16.02.2018,05:00,22.0,(7.9738393445443+0j)
366,16.02.2018,06:00,29.0,(8.74297534497106+0j)
367,16.02.2018,07:00,36.0,(9.396383955788593+0j)
368,16.02.2018,08:00,42.0,(9.891823330401618+0j)
369,16.02.2018,09:00,52.0,(10.621708264608335+0j)
370,16.02.2018,10:00,62.0,(11.263079534051261+0j)
371,16.02.2018,11:00,58.0,(11.015458675840927+0j)
372,16.02.2018,12:00,54.0,(10.756174542690822+0j)
373,16.02.2018,13:00,62.0,(11.263079534051261+0j)
374,16.02.2018,14:00,54.0,(10.756174542690822+0j)
375,16.02.2018,15:00,56.0,(10.887360331968232+0j)
376,16.02.2018,16:00,54.0,(10.756174542690822+0j)
377,16.02.2018,17:00,53.0,(10.689364281461948+0j)
378,16.02.2018,18:00,52.0,(10.621708264608335+0j)
379,16.02.2018,19:00,52.0,(10.621708264608335+0j)
380,16.02.2018,20:00,50.0,(10.483748386047209+0j)
381,16.02.2018,21:00,60.0,(11.140645059587433+0j)
382,16.02.2018,22:00,60.0,(11.140645059587433+0j)
383,16.02.2018,23:00,58.0,(11.015458675840927+0j)
384,17.02.2018,00:00,53.0,(10.689364281461948+0j)
385,17.02.2018,01:00,51.0,(10.5531792067093+0j)
386,17.02.2018,02:00,57.0,(10.9517840818175+0j)
387,17.02.2018,03:00,51.0,(10.5531792067093+0j)
388,17.02.2018,04:00,43.0,(9.969714910096506+0j)
389,17.02.2018,05:00,48.0,(10.34205874156488+0j)
390,17.02.2018,06:00,56.0,(10.887360331968232+0j)
391,17.02.2018,07:00,56.0,(10.887360331968232+0j)
392,17.02.2018,08:00,60.0,(11.140645059587433+0j)
393,17.02.2018,09:00,60.0,(11.140645059587433+0j)
394,17.02.2018,10:00,59.0,(11.078405520382008+0j)
395,17.02.2018,11:00,60.0,(11.140645059587433+0j)
396,17.02.2018,12:00,56.0,(10.887360331968232+0j)
397,17.02.2018,13:00,58.0,(11.015458675840927+0j)
398,17.02.2018,14:00,62.0,(11.263079534051261+0j)
399,17.02.2018,15:00,56.0,(10.887360331968232+0j)
400,17.02.2018,16:00,66.0,(11.500266368369322+0j)
401,17.02.2018,17:00,57.0,(10.9517840818175+0j)
402,17.02.2018,18:00,57.0,(10.9517840818175+0j)
403,17.02.2018,19:00,55.0,(10.822164994364314+0j)
404,17.02.2018,20:00,59.0,(11.078405520382008+0j)
405,17.02.2018,21:00,62.0,(11.263079534051261+0j)
406,17.02.2018,22:00,56.0,(10.887360331968232+0j)
407,17.02.2018,23:00,55.0,(10.822164994364314+0j)
408,18.02.2018,00:00,48.0,(10.34205874156488+0j)
409,18.02.2018,01:00,36.0,(9.396383955788593+0j)
410,18.02.2018,02:00,32.0,(9.034620481786352+0j)
411,18.02.2018,03:00,29.0,(8.74297534497106+0j)
412,18.02.2018,04:00,30.0,(8.84233584359671+0j)
413,18.02.2018,05:00,22.0,(7.9738393445443+0j)
414,18.02.2018,06:00,7.0,(5.443680165984116+0j)
415,18.02.2018,07:00,8.0,(5.691454261406992+0j)
416,18.02.2018,08:00,4.0,(4.517310240893176+0j)
417,18.02.2018,09:00,1.0,(2.845727130703496+0j)
418,18.02.2018,10:00,0.0,0j
419,18.02.2018,11:00,0.0,0j
420,18.02.2018,12:00,0.0,0j
421,18.02.2018,13:00,0.0,0j
422,18.02.2018,14:00,0.0,0j
423,18.02.2018,15:00,0.0,0j
424,18.02.2018,16:00,0.0,0j
425,18.02.2018,17:00,0.0,0j
426,18.02.2018,18:00,1.0,(2.845727130703496+0j)
427,18.02.2018,19:00,4.0,(4.517310240893176+0j)
428,18.02.2018,20:00,14.0,(6.858607230018604+0j)
429,18.02.2018,21:00,16.0,(7.170783028460548+0j)
430,18.02.2018,22:00,15.0,(7.018166609990766+0j)
431,18.02.2018,23:00,8.0,(5.691454261406992+0j)
432,19.02.2018,00:00,2.0,(3.585391514230274+0j)
433,19.02.2018,01:00,2.0,(3.585391514230274+0j)
434,19.02.2018,02:00,2.0,(3.585391514230274+0j)
435,19.02.2018,03:00,1.0,(2.845727130703496+0j)
436,19.02.2018,04:00,4.0,(4.517310240893176+0j)
437,19.02.2018,05:00,5.0,(4.866124944308272+0j)
438,19.02.2018,06:00,5.0,(4.866124944308272+0j)
439,19.02.2018,07:00,4.0,(4.517310240893176+0j)
440,19.02.2018,08:00,2.0,(3.585391514230274+0j)
441,19.02.2018,09:00,7.0,(5.443680165984116+0j)
442,19.02.2018,10:00,7.0,(5.443680165984116+0j)
443,19.02.2018,11:00,4.0,(4.517310240893176+0j)
444,19.02.2018,12:00,2.0,(3.585391514230274+0j)
445,19.02.2018,13:00,6.0,(5.171029370782441+0j)
446,19.02.2018,14:00,5.0,(4.866124944308272+0j)
447,19.02.2018,15:00,10.0,(6.130933248752508+0j)
448,19.02.2018,16:00,14.0,(6.858607230018604+0j)
449,19.02.2018,17:00,19.0,(7.593542967381978+0j)
450,19.02.2018,18:00,15.0,(7.018166609990766+0j)
451,19.02.2018,19:00,10.0,(6.130933248752508+0j)
452,19.02.2018,20:00,10.0,(6.130933248752508+0j)
453,19.02.2018,21:00,9.0,(5.919350969396254+0j)
454,19.02.2018,22:00,6.0,(5.171029370782441+0j)
455,19.02.2018,23:00,6.0,(5.171029370782441+0j)
456,20.02.2018,00:00,5.0,(4.866124944308272+0j)
457,20.02.2018,01:00,3.0,(4.1042487314692515+0j)
458,20.02.2018,02:00,4.0,(4.517310240893176+0j)
459,20.02.2018,03:00,4.0,(4.517310240893176+0j)
460,20.02.2018,04:00,2.0,(3.585391514230274+0j)
461,20.02.2018,05:00,4.0,(4.517310240893176+0j)
462,20.02.2018,06:00,3.0,(4.1042487314692515+0j)
463,20.02.2018,07:00,1.0,(2.845727130703496+0j)
464,20.02.2018,08:00,1.0,(2.845727130703496+0j)
465,20.02.2018,09:00,1.0,(2.845727130703496+0j)
466,20.02.2018,10:00,0.0,0j
467,20.02.2018,11:00,0.0,0j
468,20.02.2018,12:00,0.0,0j
469,20.02.2018,13:00,0.0,0j
470,20.02.2018,14:00,0.0,0j
471,20.02.2018,15:00,0.0,0j
472,20.02.2018,16:00,0.0,0j
473,20.02.2018,17:00,0.0,0j
474,20.02.2018,18:00,0.0,0j
475,20.02.2018,19:00,1.0,(2.845727130703496+0j)
476,20.02.2018,20:00,0.0,0j
477,20.02.2018,21:00,0.0,0j
478,20.02.2018,22:00,0.0,0j
479,20.02.2018,23:00,1.0,(2.845727130703496+0j)
480,21.02.2018,00:00,1.0,(2.845727130703496+0j)
481,21.02.2018,01:00,1.0,(2.845727130703496+0j)
482,21.02.2018,02:00,2.0,(3.585391514230274+0j)
483,21.02.2018,03:00,6.0,(5.171029370782441+0j)
484,21.02.2018,04:00,5.0,(4.866124944308272+0j)
485,21.02.2018,05:00,6.0,(5.171029370782441+0j)
486,21.02.2018,06:00,3.0,(4.1042487314692515+0j)
487,21.02.2018,07:00,2.0,(3.585391514230274+0j)
488,21.02.2018,08:00,1.0,(2.845727130703496+0j)
489,21.02.2018,09:00,0.0,0j
490,21.02.2018,10:00,0.0,0j
491,21.02.2018,11:00,0.0,0j
492,21.02.2018,12:00,0.0,0j
493,21.02.2018,13:00,0.0,0j
494,21.02.2018,14:00,0.0,0j
495,21.02.2018,15:00,0.0,0j
496,21.02.2018,16:00,0.0,0j
497,21.02.2018,17:00,0.0,0j
498,21.02.2018,18:00,0.0,0j
499,21.02.2018,19:00,2.0,(3.585391514230274+0j)
500,21.02.2018,20:00,3.0,(4.1042487314692515+0j)
501,21.02.2018,21:00,1.0,(2.845727130703496+0j)
502,21.02.2018,22:00,2.0,(3.585391514230274+0j)
503,21.02.2018,23:00,4.0,(4.517310240893176+0j)
504,22.02.2018,00:00,6.0,(5.171029370782441+0j)
505,22.02.2018,01:00,11.0,(6.32884048187752+0j)
506,22.02.2018,02:00,25.0,(8.320956608290626+0j)
507,22.02.2018,03:00,32.0,(9.034620481786352+0j)
508,22.02.2018,04:00,37.0,(9.482594128751929+0j)
509,22.02.2018,05:00,52.0,(10.621708264608335+0j)
510,22.02.2018,06:00,44.0,(10.0464080386713+0j)
511,22.02.2018,07:00,40.0,(9.732249888616542+0j)
512,22.02.2018,08:00,35.0,(9.308562145233848+0j)
513,22.02.2018,09:00,24.0,(8.208497462938503+0j)
514,22.02.2018,10:00,13.0,(6.691256914211192+0j)
515,22.02.2018,11:00,6.0,(5.171029370782441+0j)
516,22.02.2018,12:00,1.0,(2.845727130703496+0j)
517,22.02.2018,13:00,1.0,(2.845727130703496+0j)
518,22.02.2018,14:00,3.0,(4.1042487314692515+0j)
519,22.02.2018,15:00,3.0,(4.1042487314692515+0j)
520,22.02.2018,16:00,3.0,(4.1042487314692515+0j)
521,22.02.2018,17:00,0.0,0j
522,22.02.2018,18:00,0.0,0j
523,22.02.2018,19:00,0.0,0j
524,22.02.2018,20:00,0.0,0j
525,22.02.2018,21:00,0.0,0j
526,22.02.2018,22:00,0.0,0j
527,22.02.2018,23:00,0.0,0j
528,23.02.2018,00:00,0.0,0j
529,23.02.2018,01:00,3.0,(4.1042487314692515+0j)
530,23.02.2018,02:00,9.0,(5.919350969396254+0j)
531,23.02.2018,03:00,12.0,(6.515088753873438+0j)
532,23.02.2018,04:00,14.0,(6.858607230018604+0j)
533,23.02.2018,05:00,16.0,(7.170783028460548+0j)
534,23.02.2018,06:00,21.0,(7.851145380281553+0j)
535,23.02.2018,07:00,24.0,(8.208497462938503+0j)
536,23.02.2018,08:00,27.0,(8.537181392110488+0j)
537,23.02.2018,09:00,17.0,(7.317165783214581+0j)
538,23.02.2018,10:00,16.0,(7.170783028460548+0j)
539,23.02.2018,11:00,19.0,(7.593542967381978+0j)
540,23.02.2018,12:00,26.0,(8.430455436469295+0j)
541,23.02.2018,13:00,25.0,(8.320956608290626+0j)
542,23.02.2018,14:00,34.0,(9.219051195842558+0j)
543,23.02.2018,15:00,25.0,(8.320956608290626+0j)
544,23.02.2018,16:00,33.0,(9.127767465531983+0j)
545,23.02.2018,17:00,33.0,(9.127767465531983+0j)
546,23.02.2018,18:00,34.0,(9.219051195842558+0j)
547,23.02.2018,19:00,30.0,(8.84233584359671+0j)
548,23.02.2018,20:00,26.0,(8.430455436469295+0j)
549,23.02.2018,21:00,26.0,(8.430455436469295+0j)
550,23.02.2018,22:00,32.0,(9.034620481786352+0j)
551,23.02.2018,23:00,25.0,(8.320956608290626+0j)
552,24.02.2018,00:00,10.0,(6.130933248752508+0j)
553,24.02.2018,01:00,6.0,(5.171029370782441+0j)
554,24.02.2018,02:00,4.0,(4.517310240893176+0j)
555,24.02.2018,03:00,2.0,(3.585391514230274+0j)
556,24.02.2018,04:00,3.0,(4.1042487314692515+0j)
557,24.02.2018,05:00,3.0,(4.1042487314692515+0j)
558,24.02.2018,06:00,3.0,(4.1042487314692515+0j)
559,24.02.2018,07:00,3.0,(4.1042487314692515+0j)
560,24.02.2018,08:00,3.0,(4.1042487314692515+0j)
561,24.02.2018,09:00,3.0,(4.1042487314692515+0j)
562,24.02.2018,10:00,1.0,(2.845727130703496+0j)
563,24.02.2018,11:00,1.0,(2.845727130703496+0j)
564,24.02.2018,12:00,4.0,(4.517310240893176+0j)
565,24.02.2018,13:00,4.0,(4.517310240893176+0j)
566,24.02.2018,14:00,5.0,(4.866124944308272+0j)
567,24.02.2018,15:00,10.0,(6.130933248752508+0j)
568,24.02.2018,16:00,39.0,(9.650462409337567+0j)
569,24.02.2018,17:00,13.0,(6.691256914211192+0j)
570,24.02.2018,18:00,20.0,(7.724491855603646+0j)
571,24.02.2018,19:00,8.0,(5.691454261406992+0j)
572,24.02.2018,20:00,9.0,(5.919350969396254+0j)
573,24.02.2018,21:00,15.0,(7.018166609990766+0j)
574,24.02.2018,22:00,17.0,(7.317165783214581+0j)
575,24.02.2018,23:00,20.0,(7.724491855603646+0j)
576,25.02.2018,00:00,49.0,(10.41338553855059+0j)
577,25.02.2018,01:00,43.0,(9.969714910096506+0j)
578,25.02.2018,02:00,27.0,(8.537181392110488+0j)
579,25.02.2018,03:00,24.0,(8.208497462938503+0j)
580,25.02.2018,04:00,37.0,(9.482594128751929+0j)
581,25.02.2018,05:00,28.0,(8.641303622061608+0j)
582,25.02.2018,06:00,33.0,(9.127767465531983+0j)
583,25.02.2018,07:00,45.0,(10.121947777604984+0j)
584,25.02.2018,08:00,45.0,(10.121947777604984+0j)
585,25.02.2018,09:00,52.0,(10.621708264608335+0j)
586,25.02.2018,10:00,50.0,(10.483748386047209+0j)
587,25.02.2018,11:00,45.0,(10.121947777604984+0j)
588,25.02.2018,12:00,45.0,(10.121947777604984+0j)
589,25.02.2018,13:00,45.0,(10.121947777604984+0j)
590,25.02.2018,14:00,45.0,(10.121947777604984+0j)
591,25.02.2018,15:00,29.0,(8.74297534497106+0j)
592,25.02.2018,16:00,32.0,(9.034620481786352+0j)
593,25.02.2018,17:00,25.0,(8.320956608290626+0j)
594,25.02.2018,18:00,26.0,(8.430455436469295+0j)
595,25.02.2018,19:00,18.0,(7.457914888057963+0j)
596,25.02.2018,20:00,16.0,(7.170783028460548+0j)
597,25.02.2018,21:00,20.0,(7.724491855603646+0j)
598,25.02.2018,22:00,15.0,(7.018166609990766+0j)
599,25.02.2018,23:00,13.0,(6.691256914211192+0j)
600,26.02.2018,00:00,10.0,(6.130933248752508+0j)
601,26.02.2018,01:00,17.0,(7.317165783214581+0j)
602,26.02.2018,02:00,15.0,(7.018166609990766+0j)
603,26.02.2018,03:00,13.0,(6.691256914211192+0j)
604,26.02.2018,04:00,12.0,(6.515088753873438+0j)
605,26.02.2018,05:00,7.0,(5.443680165984116+0j)
606,26.02.2018,06:00,7.0,(5.443680165984116+0j)
607,26.02.2018,07:00,8.0,(5.691454261406992+0j)
608,26.02.2018,08:00,12.0,(6.515088753873438+0j)
609,26.02.2018,09:00,14.0,(6.858607230018604+0j)
610,26.02.2018,10:00,12.0,(6.515088753873438+0j)
611,26.02.2018,11:00,19.0,(7.593542967381978+0j)
612,26.02.2018,12:00,29.0,(8.74297534497106+0j)
613,26.02.2018,13:00,36.0,(9.396383955788593+0j)
614,26.02.2018,14:00,31.0,(8.939512150377235+0j)
615,26.02.2018,15:00,25.0,(8.320956608290626+0j)
616,26.02.2018,16:00,30.0,(8.84233584359671+0j)
617,26.02.2018,17:00,30.0,(8.84233584359671+0j)
618,26.02.2018,18:00,26.0,(8.430455436469295+0j)
619,26.02.2018,19:00,24.0,(8.208497462938503+0j)
620,26.02.2018,20:00,21.0,(7.851145380281553+0j)
621,26.02.2018,21:00,21.0,(7.851145380281553+0j)
622,26.02.2018,22:00,22.0,(7.9738393445443+0j)
623,26.02.2018,23:00,21.0,(7.851145380281553+0j)
624,27.02.2018,00:00,30.0,(8.84233584359671+0j)
625,27.02.2018,01:00,32.0,(9.034620481786352+0j)
626,27.02.2018,02:00,25.0,(8.320956608290626+0j)
627,27.02.2018,03:00,15.0,(7.018166609990766+0j)
628,27.02.2018,04:00,19.0,(7.593542967381978+0j)
629,27.02.2018,05:00,20.0,(7.724491855603646+0j)
630,27.02.2018,06:00,23.0,(8.092869420675413+0j)
631,27.02.2018,07:00,27.0,(8.537181392110488+0j)
632,27.02.2018,08:00,46.0,(10.19637653715948+0j)
633,27.02.2018,09:00,61.0,(11.202196833891742+0j)
634,27.02.2018,10:00,8.0,(5.691454261406992+0j)
635,27.02.2018,11:00,10.0,(6.130933248752508+0j)
636,27.02.2018,12:00,26.0,(8.430455436469295+0j)
637,27.02.2018,13:00,48.0,(10.34205874156488+0j)
638,27.02.2018,14:00,42.0,(9.891823330401618+0j)
639,27.02.2018,15:00,24.0,(8.208497462938503+0j)
640,27.02.2018,16:00,12.0,(6.515088753873438+0j)
641,27.02.2018,17:00,8.0,(5.691454261406992+0j)
642,27.02.2018,18:00,7.0,(5.443680165984116+0j)
643,27.02.2018,19:00,0.0,0j
644,27.02.2018,20:00,28.0,(8.641303622061608+0j)
645,27.02.2018,21:00,32.0,(9.034620481786352+0j)
646,27.02.2018,22:00,40.0,(9.732249888616542+0j)
647,27.02.2018,23:00,45.0,(10.121947777604984+0j)
648,28.02.2018,00:00,51.0,(10.5531792067093+0j)
649,28.02.2018,01:00,57.0,(10.9517840818175+0j)
650,28.02.2018,02:00,45.0,(10.121947777604984+0j)
651,28.02.2018,03:00,64.0,(11.382908522813985+0j)
652,28.02.2018,04:00,66.0,(11.500266368369322+0j)
653,28.02.2018,05:00,68.0,(11.615276661700541+0j)
654,28.02.2018,06:00,69.0,(11.671937444523078+0j)
655,28.02.2018,07:00,69.0,(11.671937444523078+0j)
656,28.02.2018,08:00,67.0,(11.55805762209552+0j)
657,28.02.2018,09:00,68.0,(11.615276661700541+0j)
658,28.02.2018,10:00,68.0,(11.615276661700541+0j)
659,28.02.2018,11:00,56.0,(10.887360331968232+0j)
660,28.02.2018,12:00,59.0,(11.078405520382008+0j)
661,28.02.2018,13:00,51.0,(10.5531792067093+0j)
662,28.02.2018,14:00,34.0,(9.219051195842558+0j)
663,28.02.2018,15:00,33.0,(9.127767465531983+0j)
664,28.02.2018,16:00,30.0,(8.84233584359671+0j)
665,28.02.2018,17:00,15.0,(7.018166609990766+0j)
666,28.02.2018,18:00,18.0,(7.457914888057963+0j)
667,28.02.2018,19:00,15.0,(7.018166609990766+0j)
668,28.02.2018,20:00,15.0,(7.018166609990766+0j)
669,28.02.2018,21:00,12.0,(6.515088753873438+0j)
670,28.02.2018,22:00,10.0,(6.130933248752508+0j)
671,28.02.2018,23:00,6.0,(5.171029370782441+0j)
672,01.03.2018,00:00,0.0,0j
673,01.03.2018,01:00,0.0,0j
674,01.03.2018,02:00,0.0,0j
675,01.03.2018,03:00,3.0,(4.1042487314692515+0j)
676,01.03.2018,04:00,8.0,(5.691454261406992+0j)
677,01.03.2018,05:00,16.0,(7.170783028460548+0j)
678,01.03.2018,06:00,27.0,(8.537181392110488+0j)
679,01.03.2018,07:00,22.0,(7.9738393445443+0j)
680,01.03.2018,08:00,10.0,(6.130933248752508+0j)
681,01.03.2018,09:00,12.0,(6.515088753873438+0j)
682,01.03.2018,10:00,12.0,(6.515088753873438+0j)
683,01.03.2018,11:00,6.0,(5.171029370782441+0j)
684,01.03.2018,12:00,2.0,(3.585391514230274+0j)
685,01.03.2018,13:00,2.0,(3.585391514230274+0j)
686,01.03.2018,14:00,0.0,0j
687,01.03.2018,15:00,0.0,0j
688,01.03.2018,16:00,0.0,0j
689,01.03.2018,17:00,0.0,0j
690,01.03.2018,18:00,0.0,0j
691,01.03.2018,19:00,0.0,0j
692,01.03.2018,20:00,4.0,(4.517310240893176+0j)
693,01.03.2018,21:00,0.0,0j
694,01.03.2018,22:00,0.0,0j
695,01.03.2018,23:00,1.0,(2.845727130703496+0j)
696,02.03.2018,00:00,4.0,(4.517310240893176+0j)
697,02.03.2018,01:00,10.0,(6.130933248752508+0j)
698,02.03.2018,02:00,10.0,(6.130933248752508+0j)
699,02.03.2018,03:00,8.0,(5.691454261406992+0j)
700,02.03.2018,04:00,8.0,(5.691454261406992+0j)
701,02.03.2018,05:00,5.0,(4.866124944308272+0j)
702,02.03.2018,06:00,12.0,(6.515088753873438+0j)
703,02.03.2018,07:00,14.0,(6.858607230018604+0j)
704,02.03.2018,08:00,20.0,(7.724491855603646+0j)
705,02.03.2018,09:00,22.0,(7.9738393445443+0j)
706,02.03.2018,10:00,37.0,(9.482594128751929+0j)
707,02.03.2018,11:00,34.0,(9.219051195842558+0j)
708,02.03.2018,12:00,30.0,(8.84233584359671+0j)
709,02.03.2018,13:00,33.0,(9.127767465531983+0j)
710,02.03.2018,14:00,23.0,(8.092869420675413+0j)
711,02.03.2018,15:00,26.0,(8.430455436469295+0j)
712,02.03.2018,16:00,25.0,(8.320956608290626+0j)
713,02.03.2018,17:00,25.0,(8.320956608290626+0j)
714,02.03.2018,18:00,40.0,(9.732249888616542+0j)
715,02.03.2018,19:00,55.0,(10.822164994364314+0j)
716,02.03.2018,20:00,64.0,(11.382908522813985+0j)
717,02.03.2018,21:00,64.0,(11.382908522813985+0j)
718,02.03.2018,22:00,68.0,(11.615276661700541+0j)
719,02.03.2018,23:00,66.0,(11.500266368369322+0j)
720,03.03.2018,00:00,68.0,(11.615276661700541+0j)
721,03.03.2018,01:00,65.0,(11.441888376335278+0j)
722,03.03.2018,02:00,68.0,(11.615276661700541+0j)
723,03.03.2018,03:00,68.0,(11.615276661700541+0j)
724,03.03.2018,04:00,69.0,(11.671937444523078+0j)
725,03.03.2018,05:00,69.0,(11.671937444523078+0j)
726,03.03.2018,06:00,69.0,(11.671937444523078+0j)
727,03.03.2018,07:00,69.0,(11.671937444523078+0j)
728,03.03.2018,08:00,69.0,(11.671937444523078+0j)
729,03.03.2018,09:00,69.0,(11.671937444523078+0j)
730,03.03.2018,10:00,69.0,(11.671937444523078+0j)
731,03.03.2018,11:00,68.0,(11.615276661700541+0j)
732,03.03.2018,12:00,68.0,(11.615276661700541+0j)
733,03.03.2018,13:00,68.0,(11.615276661700541+0j)
734,03.03.2018,14:00,67.0,(11.55805762209552+0j)
735,03.03.2018,15:00,67.0,(11.55805762209552+0j)
736,03.03.2018,16:00,67.0,(11.55805762209552+0j)
737,03.03.2018,17:00,67.0,(11.55805762209552+0j)
738,03.03.2018,18:00,62.0,(11.263079534051261+0j)
739,03.03.2018,19:00,50.0,(10.483748386047209+0j)
740,03.03.2018,20:00,50.0,(10.483748386047209+0j)
741,03.03.2018,21:00,45.0,(10.121947777604984+0j)
742,03.03.2018,22:00,48.0,(10.34205874156488+0j)
743,03.03.2018,23:00,55.0,(10.822164994364314+0j)
744,04.03.2018,00:00,68.0,(11.615276661700541+0j)
745,04.03.2018,01:00,67.0,(11.55805762209552+0j)
746,04.03.2018,02:00,65.0,(11.441888376335278+0j)
747,04.03.2018,03:00,66.0,(11.500266368369322+0j)
748,04.03.2018,04:00,69.0,(11.671937444523078+0j)
749,04.03.2018,05:00,65.0,(11.441888376335278+0j)
750,04.03.2018,06:00,60.0,(11.140645059587433+0j)
751,04.03.2018,07:00,67.0,(11.55805762209552+0j)
752,04.03.2018,08:00,68.0,(11.615276661700541+0j)
753,04.03.2018,09:00,68.0,(11.615276661700541+0j)
754,04.03.2018,10:00,68.0,(11.615276661700541+0j)
755,04.03.2018,11:00,68.0,(11.615276661700541+0j)
756,04.03.2018,12:00,67.0,(11.55805762209552+0j)
757,04.03.2018,13:00,55.0,(10.822164994364314+0j)
758,04.03.2018,14:00,51.0,(10.5531792067093+0j)
759,04.03.2018,15:00,43.0,(9.969714910096506+0j)
760,04.03.2018,16:00,26.0,(8.430455436469295+0j)
761,04.03.2018,17:00,26.0,(8.430455436469295+0j)
762,04.03.2018,18:00,18.0,(7.457914888057963+0j)
763,04.03.2018,19:00,11.0,(6.32884048187752+0j)
764,04.03.2018,20:00,2.0,(3.585391514230274+0j)
765,04.03.2018,21:00,0.0,0j
766,04.03.2018,22:00,0.0,0j
767,04.03.2018,23:00,0.0,0j
768,05.03.2018,00:00,0.0,0j
769,05.03.2018,01:00,1.0,(2.845727130703496+0j)
770,05.03.2018,02:00,1.0,(2.845727130703496+0j)
771,05.03.2018,03:00,1.0,(2.845727130703496+0j)
772,05.03.2018,04:00,2.0,(3.585391514230274+0j)
773,05.03.2018,05:00,6.0,(5.171029370782441+0j)
774,05.03.2018,06:00,8.0,(5.691454261406992+0j)
775,05.03.2018,07:00,14.0,(6.858607230018604+0j)
776,05.03.2018,08:00,17.0,(7.317165783214581+0j)
777,05.03.2018,09:00,16.0,(7.170783028460548+0j)
778,05.03.2018,10:00,9.0,(5.919350969396254+0j)
779,05.03.2018,11:00,4.0,(4.517310240893176+0j)
780,05.03.2018,12:00,18.0,(7.457914888057963+0j)
781,05.03.2018,13:00,5.0,(4.866124944308272+0j)
782,05.03.2018,14:00,11.0,(6.32884048187752+0j)
783,05.03.2018,15:00,9.0,(5.919350969396254+0j)
784,05.03.2018,16:00,25.0,(8.320956608290626+0j)
785,05.03.2018,17:00,26.0,(8.430455436469295+0j)
786,05.03.2018,18:00,26.0,(8.430455436469295+0j)
787,05.03.2018,19:00,39.0,(9.650462409337567+0j)
788,05.03.2018,20:00,37.0,(9.482594128751929+0j)
789,05.03.2018,21:00,34.0,(9.219051195842558+0j)
790,05.03.2018,22:00,35.0,(9.308562145233848+0j)
791,05.03.2018,23:00,38.0,(9.567264627885733+0j)
792,06.03.2018,00:00,49.0,(10.41338553855059+0j)
793,06.03.2018,01:00,44.0,(10.0464080386713+0j)
794,06.03.2018,02:00,48.0,(10.34205874156488+0j)
795,06.03.2018,03:00,50.0,(10.483748386047209+0j)
796,06.03.2018,04:00,55.0,(10.822164994364314+0j)
797,06.03.2018,05:00,61.0,(11.202196833891742+0j)
798,06.03.2018,06:00,55.0,(10.822164994364314+0j)
799,06.03.2018,07:00,46.0,(10.19637653715948+0j)
800,06.03.2018,08:00,59.0,(11.078405520382008+0j)
801,06.03.2018,09:00,59.0,(11.078405520382008+0j)
802,06.03.2018,10:00,58.0,(11.015458675840927+0j)
803,06.03.2018,11:00,54.0,(10.756174542690822+0j)
804,06.03.2018,12:00,55.0,(10.822164994364314+0j)
805,06.03.2018,13:00,57.0,(10.9517840818175+0j)
806,06.03.2018,14:00,60.0,(11.140645059587433+0j)
807,06.03.2018,15:00,61.0,(11.202196833891742+0j)
808,06.03.2018,16:00,37.0,(9.482594128751929+0j)
809,06.03.2018,17:00,50.0,(10.483748386047209+0j)
810,06.03.2018,18:00,36.0,(9.396383955788593+0j)
811,06.03.2018,19:00,31.0,(8.939512150377235+0j)
812,06.03.2018,20:00,31.0,(8.939512150377235+0j)
813,06.03.2018,21:00,44.0,(10.0464080386713+0j)
814,06.03.2018,22:00,50.0,(10.483748386047209+0j)
815,06.03.2018,23:00,50.0,(10.483748386047209+0j)
816,07.03.2018,00:00,62.0,(11.263079534051261+0j)
817,07.03.2018,01:00,64.0,(11.382908522813985+0j)
818,07.03.2018,02:00,67.0,(11.55805762209552+0j)
819,07.03.2018,03:00,67.0,(11.55805762209552+0j)
820,07.03.2018,04:00,64.0,(11.382908522813985+0j)
821,07.03.2018,05:00,65.0,(11.441888376335278+0j)
822,07.03.2018,06:00,66.0,(11.500266368369322+0j)
823,07.03.2018,07:00,67.0,(11.55805762209552+0j)
824,07.03.2018,08:00,67.0,(11.55805762209552+0j)
825,07.03.2018,09:00,68.0,(11.615276661700541+0j)
826,07.03.2018,10:00,68.0,(11.615276661700541+0j)
827,07.03.2018,11:00,59.0,(11.078405520382008+0j)
828,07.03.2018,12:00,67.0,(11.55805762209552+0j)
829,07.03.2018,13:00,62.0,(11.263079534051261+0j)
830,07.03.2018,14:00,60.0,(11.140645059587433+0j)
831,07.03.2018,15:00,55.0,(10.822164994364314+0j)
832,07.03.2018,16:00,55.0,(10.822164994364314+0j)
833,07.03.2018,17:00,55.0,(10.822164994364314+0j)
834,07.03.2018,18:00,56.0,(10.887360331968232+0j)
835,07.03.2018,19:00,56.0,(10.887360331968232+0j)
836,07.03.2018,20:00,55.0,(10.822164994364314+0j)
837,07.03.2018,21:00,56.0,(10.887360331968232+0j)
838,07.03.2018,22:00,42.0,(9.891823330401618+0j)
839,07.03.2018,23:00,36.0,(9.396383955788593+0j)
840,08.03.2018,00:00,42.0,(9.891823330401618+0j)
841,08.03.2018,01:00,42.0,(9.891823330401618+0j)
842,08.03.2018,02:00,36.0,(9.396383955788593+0j)
843,08.03.2018,03:00,26.0,(8.430455436469295+0j)
844,08.03.2018,04:00,38.0,(9.567264627885733+0j)
845,08.03.2018,05:00,45.0,(10.121947777604984+0j)
846,08.03.2018,06:00,45.0,(10.121947777604984+0j)
847,08.03.2018,07:00,30.0,(8.84233584359671+0j)
848,08.03.2018,08:00,65.0,(11.441888376335278+0j)
849,08.03.2018,09:00,64.0,(11.382908522813985+0j)
850,08.03.2018,10:00,63.0,(11.323311051132062+0j)
851,08.03.2018,11:00,62.0,(11.263079534051261+0j)
852,08.03.2018,12:00,64.0,(11.382908522813985+0j)
853,08.03.2018,13:00,67.0,(11.55805762209552+0j)
854,08.03.2018,14:00,63.0,(11.323311051132062+0j)
855,08.03.2018,15:00,60.0,(11.140645059587433+0j)
856,08.03.2018,16:00,60.0,(11.140645059587433+0j)
857,08.03.2018,17:00,60.0,(11.140645059587433+0j)
858,08.03.2018,18:00,50.0,(10.483748386047209+0j)
859,08.03.2018,19:00,39.0,(9.650462409337567+0j)
860,08.03.2018,20:00,25.0,(8.320956608290626+0j)
861,08.03.2018,21:00,20.0,(7.724491855603646+0j)
862,08.03.2018,22:00,28.0,(8.641303622061608+0j)
863,08.03.2018,23:00,20.0,(7.724491855603646+0j)
864,09.03.2018,00:00,13.0,(6.691256914211192+0j)
865,09.03.2018,01:00,11.0,(6.32884048187752+0j)
866,09.03.2018,02:00,10.0,(6.130933248752508+0j)
867,09.03.2018,03:00,10.0,(6.130933248752508+0j)
868,09.03.2018,04:00,8.0,(5.691454261406992+0j)
869,09.03.2018,05:00,13.0,(6.691256914211192+0j)
870,09.03.2018,06:00,21.0,(7.851145380281553+0j)
871,09.03.2018,07:00,20.0,(7.724491855603646+0j)
872,09.03.2018,08:00,10.0,(6.130933248752508+0j)
873,09.03.2018,09:00,4.0,(4.517310240893176+0j)
874,09.03.2018,10:00,3.0,(4.1042487314692515+0j)
875,09.03.2018,11:00,2.0,(3.585391514230274+0j)
876,09.03.2018,12:00,2.0,(3.585391514230274+0j)
877,09.03.2018,13:00,0.0,0j
878,09.03.2018,14:00,0.0,0j
879,09.03.2018,15:00,0.0,0j
880,09.03.2018,16:00,2.0,(3.585391514230274+0j)
881,09.03.2018,17:00,0.0,0j
882,09.03.2018,18:00,1.0,(2.845727130703496+0j)
883,09.03.2018,19:00,1.0,(2.845727130703496+0j)
884,09.03.2018,20:00,1.0,(2.845727130703496+0j)
885,09.03.2018,21:00,0.0,0j
886,09.03.2018,22:00,0.0,0j
887,09.03.2018,23:00,4.0,(4.517310240893176+0j)
888,10.03.2018,00:00,7.0,(5.443680165984116+0j)
889,10.03.2018,01:00,5.0,(4.866124944308272+0j)
890,10.03.2018,02:00,6.0,(5.171029370782441+0j)
891,10.03.2018,03:00,6.0,(5.171029370782441+0j)
892,10.03.2018,04:00,6.0,(5.171029370782441+0j)
893,10.03.2018,05:00,4.0,(4.517310240893176+0j)
894,10.03.2018,06:00,1.0,(2.845727130703496+0j)
895,10.03.2018,07:00,3.0,(4.1042487314692515+0j)
896,10.03.2018,08:00,3.0,(4.1042487314692515+0j)
897,10.03.2018,09:00,0.0,0j
898,10.03.2018,10:00,0.0,0j
899,10.03.2018,11:00,0.0,0j
900,10.03.2018,12:00,0.0,0j
901,10.03.2018,13:00,0.0,0j
902,10.03.2018,14:00,0.0,0j
903,10.03.2018,15:00,0.0,0j
904,10.03.2018,16:00,2.0,(3.585391514230274+0j)
905,10.03.2018,17:00,0.0,0j
906,10.03.2018,18:00,0.0,0j
907,10.03.2018,19:00,1.0,(2.845727130703496+0j)
908,10.03.2018,20:00,0.0,0j
909,10.03.2018,21:00,1.0,(2.845727130703496+0j)
910,10.03.2018,22:00,3.0,(4.1042487314692515+0j)
911,10.03.2018,23:00,4.0,(4.517310240893176+0j)
912,11.03.2018,00:00,6.0,(5.171029370782441+0j)
913,11.03.2018,01:00,3.0,(4.1042487314692515+0j)
914,11.03.2018,02:00,4.0,(4.517310240893176+0j)
915,11.03.2018,03:00,4.0,(4.517310240893176+0j)
916,11.03.2018,04:00,3.0,(4.1042487314692515+0j)
917,11.03.2018,05:00,4.0,(4.517310240893176+0j)
918,11.03.2018,06:00,4.0,(4.517310240893176+0j)
919,11.03.2018,07:00,3.0,(4.1042487314692515+0j)
920,11.03.2018,08:00,2.0,(3.585391514230274+0j)
921,11.03.2018,09:00,2.0,(3.585391514230274+0j)
922,11.03.2018,10:00,0.0,0j
923,11.03.2018,11:00,0.0,0j
924,11.03.2018,12:00,0.0,0j
925,11.03.2018,13:00,0.0,0j
926,11.03.2018,14:00,0.0,0j
927,11.03.2018,15:00,2.0,(3.585391514230274+0j)
928,11.03.2018,16:00,2.0,(3.585391514230274+0j)
929,11.03.2018,17:00,8.0,(5.691454261406992+0j)
930,11.03.2018,18:00,9.0,(5.919350969396254+0j)
931,11.03.2018,19:00,6.0,(5.171029370782441+0j)
932,11.03.2018,20:00,10.0,(6.130933248752508+0j)
933,11.03.2018,21:00,6.0,(5.171029370782441+0j)
934,11.03.2018,22:00,2.0,(3.585391514230274+0j)
935,11.03.2018,23:00,3.0,(4.1042487314692515+0j)
936,12.03.2018,00:00,2.0,(3.585391514230274+0j)
937,12.03.2018,01:00,1.0,(2.845727130703496+0j)
938,12.03.2018,02:00,2.0,(3.585391514230274+0j)
939,12.03.2018,03:00,0.0,0j
940,12.03.2018,04:00,1.0,(2.845727130703496+0j)
941,12.03.2018,05:00,3.0,(4.1042487314692515+0j)
942,12.03.2018,06:00,5.0,(4.866124944308272+0j)
943,12.03.2018,07:00,5.0,(4.866124944308272+0j)
944,12.03.2018,08:00,6.0,(5.171029370782441+0j)
945,12.03.2018,09:00,4.0,(4.517310240893176+0j)
946,12.03.2018,10:00,2.0,(3.585391514230274+0j)
947,12.03.2018,11:00,2.0,(3.585391514230274+0j)
948,12.03.2018,12:00,1.0,(2.845727130703496+0j)
949,12.03.2018,13:00,1.0,(2.845727130703496+0j)
950,12.03.2018,14:00,1.0,(2.845727130703496+0j)
951,12.03.2018,15:00,7.0,(5.443680165984116+0j)
952,12.03.2018,16:00,5.0,(4.866124944308272+0j)
953,12.03.2018,17:00,5.0,(4.866124944308272+0j)
954,12.03.2018,18:00,6.0,(5.171029370782441+0j)
955,12.03.2018,19:00,7.0,(5.443680165984116+0j)
956,12.03.2018,20:00,15.0,(7.018166609990766+0j)
957,12.03.2018,21:00,20.0,(7.724491855603646+0j)
958,12.03.2018,22:00,28.0,(8.641303622061608+0j)
959,12.03.2018,23:00,28.0,(8.641303622061608+0j)
960,13.03.2018,00:00,42.0,(9.891823330401618+0j)
961,13.03.2018,01:00,41.0,(9.812685353516676+0j)
962,13.03.2018,02:00,50.0,(10.483748386047209+0j)
963,13.03.2018,03:00,52.0,(10.621708264608335+0j)
964,13.03.2018,04:00,45.0,(10.121947777604984+0j)
965,13.03.2018,05:00,20.0,(7.724491855603646+0j)
966,13.03.2018,06:00,68.0,(11.615276661700541+0j)
967,13.03.2018,07:00,66.0,(11.500266368369322+0j)
968,13.03.2018,08:00,66.0,(11.500266368369322+0j)
969,13.03.2018,09:00,64.29,(11.400075554242049+0j)
970,13.03.2018,10:00,67.78,(11.602736849882843+0j)
971,13.03.2018,11:00,59.9,(11.134452370674099+0j)
972,13.03.2018,12:00,48.15,(10.352820517010631+0j)
973,13.03.2018,13:00,35.54,(9.356190637421294+0j)
974,13.03.2018,14:00,42.61,(9.939482325635403+0j)
975,13.03.2018,15:00,42.56,(9.935593030229073+0j)
976,13.03.2018,16:00,33.0,(9.127767465531983+0j)
977,13.03.2018,17:00,25.0,(8.320956608290626+0j)
978,13.03.2018,18:00,22.0,(7.9738393445443+0j)
979,13.03.2018,19:00,22.0,(7.9738393445443+0j)
980,13.03.2018,20:00,27.0,(8.537181392110488+0j)
981,13.03.2018,21:00,37.0,(9.482594128751929+0j)
982,13.03.2018,22:00,40.0,(9.732249888616542+0j)
983,13.03.2018,23:00,22.0,(7.9738393445443+0j)
984,14.03.2018,00:00,32.0,(9.034620481786352+0j)
985,14.03.2018,01:00,30.0,(8.84233584359671+0j)
986,14.03.2018,02:00,22.0,(7.9738393445443+0j)
987,14.03.2018,03:00,21.0,(7.851145380281553+0j)
988,14.03.2018,04:00,29.0,(8.74297534497106+0j)
989,14.03.2018,05:00,21.0,(7.851145380281553+0j)
990,14.03.2018,06:00,10.0,(6.130933248752508+0j)
991,14.03.2018,07:00,7.0,(5.443680165984116+0j)
992,14.03.2018,08:00,12.0,(6.515088753873438+0j)
993,14.03.2018,09:00,12.57,(6.6166528111253955+0j)
994,14.03.2018,10:00,17.66,(7.410658847272952+0j)
995,14.03.2018,11:00,20.37,(7.7718354590983685+0j)
996,14.03.2018,12:00,22.8,(8.069343504744813+0j)
997,14.03.2018,13:00,16.21,(7.202018943072635+0j)
998,14.03.2018,14:00,28.53,(8.695485694480295+0j)
999,14.03.2018,15:00,19.0,(7.593542967381978+0j)
1000,14.03.2018,16:00,20.0,(7.724491855603646+0j)
1001,14.03.2018,17:00,23.0,(8.092869420675413+0j)
1002,14.03.2018,18:00,32.0,(9.034620481786352+0j)
1003,14.03.2018,19:00,30.0,(8.84233584359671+0j)
1004,14.03.2018,20:00,30.0,(8.84233584359671+0j)
1005,14.03.2018,21:00,27.0,(8.537181392110488+0j)
1006,14.03.2018,22:00,24.0,(8.208497462938503+0j)
1007,14.03.2018,23:00,27.0,(8.537181392110488+0j)
1008,15.03.2018,00:00,24.0,(8.208497462938503+0j)
1009,15.03.2018,01:00,11.0,(6.32884048187752+0j)
1010,15.03.2018,02:00,13.0,(6.691256914211192+0j)
1011,15.03.2018,03:00,9.0,(5.919350969396254+0j)
1012,15.03.2018,04:00,18.0,(7.457914888057963+0j)
1013,15.03.2018,05:00,24.0,(8.208497462938503+0j)
1014,15.03.2018,06:00,5.0,(4.866124944308272+0j)
1015,15.03.2018,07:00,4.0,(4.517310240893176+0j)
1016,15.03.2018,08:00,2.0,(3.585391514230274+0j)
1017,15.03.2018,09:00,3.0,(4.1042487314692515+0j)
1018,15.03.2018,10:00,2.0,(3.585391514230274+0j)
1019,15.03.2018,11:00,14.0,(6.858607230018604+0j)
1020,15.03.2018,12:00,10.0,(6.130933248752508+0j)
1021,15.03.2018,13:00,14.0,(6.858607230018604+0j)
1022,15.03.2018,14:00,10.0,(6.130933248752508+0j)
1023,15.03.2018,15:00,30.0,(8.84233584359671+0j)
1024,15.03.2018,16:00,5.0,(4.866124944308272+0j)
1025,15.03.2018,17:00,5.0,(4.866124944308272+0j)
1026,15.03.2018,18:00,4.0,(4.517310240893176+0j)
1027,15.03.2018,19:00,4.0,(4.517310240893176+0j)
1028,15.03.2018,20:00,2.0,(3.585391514230274+0j)
1029,15.03.2018,21:00,2.0,(3.585391514230274+0j)
1030,15.03.2018,22:00,2.0,(3.585391514230274+0j)
1031,15.03.2018,23:00,2.0,(3.585391514230274+0j)
1032,16.03.2018,00:00,0.0,0j
1033,16.03.2018,01:00,0.0,0j
1034,16.03.2018,02:00,0.0,0j
1035,16.03.2018,03:00,1.0,(2.845727130703496+0j)
1036,16.03.2018,04:00,2.0,(3.585391514230274+0j)
1037,16.03.2018,05:00,5.0,(4.866124944308272+0j)
1038,16.03.2018,06:00,4.0,(4.517310240893176+0j)
1039,16.03.2018,07:00,4.0,(4.517310240893176+0j)
1040,16.03.2018,08:00,5.0,(4.866124944308272+0j)
1041,16.03.2018,09:00,1.0,(2.845727130703496+0j)
1042,16.03.2018,10:00,4.0,(4.517310240893176+0j)
1043,16.03.2018,11:00,5.0,(4.866124944308272+0j)
1044,16.03.2018,12:00,5.0,(4.866124944308272+0j)
1045,16.03.2018,13:00,7.0,(5.443680165984116+0j)
1046,16.03.2018,14:00,9.0,(5.919350969396254+0j)
1047,16.03.2018,15:00,11.0,(6.32884048187752+0j)
1048,16.03.2018,16:00,15.0,(7.018166609990766+0j)
1049,16.03.2018,17:00,20.0,(7.724491855603646+0j)
1050,16.03.2018,18:00,27.0,(8.537181392110488+0j)
1051,16.03.2018,19:00,10.0,(6.130933248752508+0j)
1052,16.03.2018,20:00,21.0,(7.851145380281553+0j)
1053,16.03.2018,21:00,15.0,(7.018166609990766+0j)
1054,16.03.2018,22:00,15.0,(7.018166609990766+0j)
1055,16.03.2018,23:00,18.0,(7.457914888057963+0j)
1056,17.03.2018,00:00,20.0,(7.724491855603646+0j)
1057,17.03.2018,01:00,19.0,(7.593542967381978+0j)
1058,17.03.2018,02:00,14.0,(6.858607230018604+0j)
1059,17.03.2018,03:00,8.0,(5.691454261406992+0j)
1060,17.03.2018,04:00,18.0,(7.457914888057963+0j)
1061,17.03.2018,05:00,24.0,(8.208497462938503+0j)
1062,17.03.2018,06:00,16.0,(7.170783028460548+0j)
1063,17.03.2018,07:00,14.0,(6.858607230018604+0j)
1064,17.03.2018,08:00,18.0,(7.457914888057963+0j)
1065,17.03.2018,09:00,18.0,(7.457914888057963+0j)
1066,17.03.2018,10:00,19.0,(7.593542967381978+0j)
1067,17.03.2018,11:00,21.0,(7.851145380281553+0j)
1068,17.03.2018,12:00,27.0,(8.537181392110488+0j)
1069,17.03.2018,13:00,30.0,(8.84233584359671+0j)
1070,17.03.2018,14:00,21.0,(7.851145380281553+0j)
1071,17.03.2018,15:00,9.0,(5.919350969396254+0j)
1072,17.03.2018,16:00,35.0,(9.308562145233848+0j)
1073,17.03.2018,17:00,48.0,(10.34205874156488+0j)
1074,17.03.2018,18:00,54.0,(10.756174542690822+0j)
1075,17.03.2018,19:00,59.0,(11.078405520382008+0j)
1076,17.03.2018,20:00,62.0,(11.263079534051261+0j)
1077,17.03.2018,21:00,62.0,(11.263079534051261+0j)
1078,17.03.2018,22:00,52.0,(10.621708264608335+0j)
1079,17.03.2018,23:00,40.0,(9.732249888616542+0j)
1080,18.03.2018,00:00,48.0,(10.34205874156488+0j)
1081,18.03.2018,01:00,50.0,(10.483748386047209+0j)
1082,18.03.2018,02:00,65.0,(11.441888376335278+0j)
1083,18.03.2018,03:00,65.0,(11.441888376335278+0j)
1084,18.03.2018,04:00,65.0,(11.441888376335278+0j)
1085,18.03.2018,05:00,66.0,(11.500266368369322+0j)
1086,18.03.2018,06:00,65.0,(11.441888376335278+0j)
1087,18.03.2018,07:00,60.0,(11.140645059587433+0j)
1088,18.03.2018,08:00,66.0,(11.500266368369322+0j)
1089,18.03.2018,09:00,62.0,(11.263079534051261+0j)
1090,18.03.2018,10:00,49.7,(10.462738813936651+0j)
1091,18.03.2018,11:00,56.7,(10.932536618455623+0j)
1092,18.03.2018,12:00,34.3,(9.246086691367596+0j)
1093,18.03.2018,13:00,40.9,(9.804701065732843+0j)
1094,18.03.2018,14:00,56.7,(10.932536618455623+0j)
1095,18.03.2018,15:00,59.3,(11.09715074313623+0j)
1096,18.03.2018,16:00,63.9,(11.376976834130275+0j)
1097,18.03.2018,17:00,62.8,(11.311316009260558+0j)
1098,18.03.2018,18:00,63.5,(11.353187999776134+0j)
1099,18.03.2018,19:00,31.4,(8.977797466122473+0j)
1100,18.03.2018,20:00,31.1,(8.949114211625888+0j)
1101,18.03.2018,21:00,34.3,(9.246086691367596+0j)
1102,18.03.2018,22:00,38.0,(9.567264627885733+0j)
1103,18.03.2018,23:00,49.0,(10.41338553855059+0j)
1104,19.03.2018,00:00,41.0,(9.812685353516676+0j)
1105,19.03.2018,01:00,23.0,(8.092869420675413+0j)
1106,19.03.2018,02:00,16.0,(7.170783028460548+0j)
1107,19.03.2018,03:00,5.0,(4.866124944308272+0j)
1108,19.03.2018,04:00,4.0,(4.517310240893176+0j)
1109,19.03.2018,05:00,22.0,(7.9738393445443+0j)
1110,19.03.2018,06:00,24.0,(8.208497462938503+0j)
1111,19.03.2018,07:00,24.0,(8.208497462938503+0j)
1112,19.03.2018,08:00,21.0,(7.851145380281553+0j)
1113,19.03.2018,09:00,20.0,(7.724491855603646+0j)
1114,19.03.2018,10:00,20.0,(7.724491855603646+0j)
1115,19.03.2018,11:00,19.0,(7.593542967381978+0j)
1116,19.03.2018,12:00,12.0,(6.515088753873438+0j)
1117,19.03.2018,13:00,40.0,(9.732249888616542+0j)
1118,19.03.2018,14:00,29.0,(8.74297534497106+0j)
1119,19.03.2018,15:00,49.0,(10.41338553855059+0j)
1120,19.03.2018,16:00,45.0,(10.121947777604984+0j)
1121,19.03.2018,17:00,38.0,(9.567264627885733+0j)
1122,19.03.2018,18:00,20.0,(7.724491855603646+0j)
1123,19.03.2018,19:00,20.0,(7.724491855603646+0j)
1124,19.03.2018,20:00,30.0,(8.84233584359671+0j)
1125,19.03.2018,21:00,25.0,(8.320956608290626+0j)
1126,19.03.2018,22:00,29.0,(8.74297534497106+0j)
1127,19.03.2018,23:00,48.0,(10.34205874156488+0j)
1128,20.03.2018,00:00,65.0,(11.441888376335278+0j)
1129,20.03.2018,01:00,59.0,(11.078405520382008+0j)
1130,20.03.2018,02:00,55.0,(10.822164994364314+0j)
1131,20.03.2018,03:00,63.0,(11.323311051132062+0j)
1132,20.03.2018,04:00,66.0,(11.500266368369322+0j)
1133,20.03.2018,05:00,65.0,(11.441888376335278+0j)
1134,20.03.2018,06:00,65.0,(11.441888376335278+0j)
1135,20.03.2018,07:00,65.0,(11.441888376335278+0j)
1136,20.03.2018,08:00,65.0,(11.441888376335278+0j)
1137,20.03.2018,09:00,44.0,(10.0464080386713+0j)
1138,20.03.2018,10:00,61.0,(11.202196833891742+0j)
1139,20.03.2018,11:00,31.0,(8.939512150377235+0j)
1140,20.03.2018,12:00,30.0,(8.84233584359671+0j)
1141,20.03.2018,13:00,29.0,(8.74297534497106+0j)
1142,20.03.2018,14:00,38.0,(9.567264627885733+0j)
1143,20.03.2018,15:00,24.0,(8.208497462938503+0j)
1144,20.03.2018,16:00,17.0,(7.317165783214581+0j)
1145,20.03.2018,17:00,15.0,(7.018166609990766+0j)
1146,20.03.2018,18:00,10.0,(6.130933248752508+0j)
1147,20.03.2018,19:00,11.0,(6.32884048187752+0j)
1148,20.03.2018,20:00,17.0,(7.317165783214581+0j)
1149,20.03.2018,21:00,24.0,(8.208497462938503+0j)
1150,20.03.2018,22:00,29.0,(8.74297534497106+0j)
1151,20.03.2018,23:00,20.0,(7.724491855603646+0j)
1152,21.03.2018,00:00,19.0,(7.593542967381978+0j)
1153,21.03.2018,01:00,28.0,(8.641303622061608+0j)
1154,21.03.2018,02:00,24.0,(8.208497462938503+0j)
1155,21.03.2018,03:00,22.0,(7.9738393445443+0j)
1156,21.03.2018,04:00,28.0,(8.641303622061608+0j)
1157,21.03.2018,05:00,23.0,(8.092869420675413+0j)
1158,21.03.2018,06:00,26.0,(8.430455436469295+0j)
1159,21.03.2018,07:00,36.0,(9.396383955788593+0j)
1160,21.03.2018,08:00,30.0,(8.84233584359671+0j)
1161,21.03.2018,09:00,27.0,(8.537181392110488+0j)
1162,21.03.2018,10:00,51.0,(10.5531792067093+0j)
1163,21.03.2018,11:00,36.0,(9.396383955788593+0j)
1164,21.03.2018,12:00,39.0,(9.650462409337567+0j)
1165,21.03.2018,13:00,7.0,(5.443680165984116+0j)
1166,21.03.2018,14:00,12.0,(6.515088753873438+0j)
1167,21.03.2018,15:00,15.0,(7.018166609990766+0j)
1168,21.03.2018,16:00,8.0,(5.691454261406992+0j)
1169,21.03.2018,17:00,4.0,(4.517310240893176+0j)
1170,21.03.2018,18:00,4.0,(4.517310240893176+0j)
1171,21.03.2018,19:00,3.0,(4.1042487314692515+0j)
1172,21.03.2018,20:00,2.0,(3.585391514230274+0j)
1173,21.03.2018,21:00,3.0,(4.1042487314692515+0j)
1174,21.03.2018,22:00,2.0,(3.585391514230274+0j)
1175,21.03.2018,23:00,2.0,(3.585391514230274+0j)
1176,22.03.2018,00:00,1.0,(2.845727130703496+0j)
1177,22.03.2018,01:00,1.0,(2.845727130703496+0j)
1178,22.03.2018,02:00,0.0,0j
1179,22.03.2018,03:00,0.0,0j
1180,22.03.2018,04:00,0.0,0j
1181,22.03.2018,05:00,4.0,(4.517310240893176+0j)
1182,22.03.2018,06:00,4.0,(4.517310240893176+0j)
1183,22.03.2018,07:00,14.0,(6.858607230018604+0j)
1184,22.03.2018,08:00,32.0,(9.034620481786352+0j)
1185,22.03.2018,09:00,26.0,(8.430455436469295+0j)
1186,22.03.2018,10:00,11.0,(6.32884048187752+0j)
1187,22.03.2018,11:00,11.0,(6.32884048187752+0j)
1188,22.03.2018,12:00,4.0,(4.517310240893176+0j)
1189,22.03.2018,13:00,4.0,(4.517310240893176+0j)
1190,22.03.2018,14:00,4.0,(4.517310240893176+0j)
1191,22.03.2018,15:00,5.0,(4.866124944308272+0j)
1192,22.03.2018,16:00,6.0,(5.171029370782441+0j)
1193,22.03.2018,17:00,8.0,(5.691454261406992+0j)
1194,22.03.2018,18:00,10.0,(6.130933248752508+0j)
1195,22.03.2018,19:00,12.0,(6.515088753873438+0j)
1196,22.03.2018,20:00,14.0,(6.858607230018604+0j)
1197,22.03.2018,21:00,12.0,(6.515088753873438+0j)
1198,22.03.2018,22:00,15.0,(7.018166609990766+0j)
1199,22.03.2018,23:00,16.0,(7.170783028460548+0j)
1200,23.03.2018,00:00,21.0,(7.851145380281553+0j)
1201,23.03.2018,01:00,31.0,(8.939512150377235+0j)
1202,23.03.2018,02:00,43.0,(9.969714910096506+0j)
1203,23.03.2018,03:00,60.0,(11.140645059587433+0j)
1204,23.03.2018,04:00,53.0,(10.689364281461948+0j)
1205,23.03.2018,05:00,61.0,(11.202196833891742+0j)
1206,23.03.2018,06:00,62.0,(11.263079534051261+0j)
1207,23.03.2018,07:00,64.0,(11.382908522813985+0j)
1208,23.03.2018,08:00,61.0,(11.202196833891742+0j)
1209,23.03.2018,09:00,53.0,(10.689364281461948+0j)
1210,23.03.2018,10:00,66.0,(11.500266368369322+0j)
1211,23.03.2018,11:00,57.0,(10.9517840818175+0j)
1212,23.03.2018,12:00,55.0,(10.822164994364314+0j)
1213,23.03.2018,13:00,56.0,(10.887360331968232+0j)
1214,23.03.2018,14:00,60.0,(11.140645059587433+0j)
1215,23.03.2018,15:00,60.0,(11.140645059587433+0j)
1216,23.03.2018,16:00,54.0,(10.756174542690822+0j)
1217,23.03.2018,17:00,54.0,(10.756174542690822+0j)
1218,23.03.2018,18:00,54.0,(10.756174542690822+0j)
1219,23.03.2018,19:00,53.0,(10.689364281461948+0j)
1220,23.03.2018,20:00,48.0,(10.34205874156488+0j)
1221,23.03.2018,21:00,47.0,(10.269734286241032+0j)
1222,23.03.2018,22:00,66.0,(11.500266368369322+0j)
1223,23.03.2018,23:00,40.0,(9.732249888616542+0j)
1224,24.03.2018,00:00,21.0,(7.851145380281553+0j)
1225,24.03.2018,01:00,18.0,(7.457914888057963+0j)
1226,24.03.2018,02:00,54.0,(10.756174542690822+0j)
1227,24.03.2018,03:00,38.0,(9.567264627885733+0j)
1228,24.03.2018,04:00,34.0,(9.219051195842558+0j)
1229,24.03.2018,05:00,36.0,(9.396383955788593+0j)
1230,24.03.2018,06:00,33.0,(9.127767465531983+0j)
1231,24.03.2018,07:00,33.0,(9.127767465531983+0j)
1232,24.03.2018,08:00,21.0,(7.851145380281553+0j)
1233,24.03.2018,09:00,17.0,(7.317165783214581+0j)
1234,24.03.2018,10:00,21.0,(7.851145380281553+0j)
1235,24.03.2018,11:00,18.0,(7.457914888057963+0j)
1236,24.03.2018,12:00,11.0,(6.32884048187752+0j)
1237,24.03.2018,13:00,14.0,(6.858607230018604+0j)
1238,24.03.2018,14:00,1.0,(2.845727130703496+0j)
1239,24.03.2018,15:00,2.0,(3.585391514230274+0j)
1240,24.03.2018,16:00,14.0,(6.858607230018604+0j)
1241,24.03.2018,17:00,6.0,(5.171029370782441+0j)
1242,24.03.2018,18:00,3.0,(4.1042487314692515+0j)
1243,24.03.2018,19:00,1.0,(2.845727130703496+0j)
1244,24.03.2018,20:00,1.0,(2.845727130703496+0j)
1245,24.03.2018,21:00,32.0,(9.034620481786352+0j)
1246,24.03.2018,22:00,37.0,(9.482594128751929+0j)
1247,24.03.2018,23:00,30.0,(8.84233584359671+0j)
1248,25.03.2018,00:00,28.0,(8.641303622061608+0j)
1249,25.03.2018,01:00,43.0,(9.969714910096506+0j)
1250,25.03.2018,02:00,15.0,(7.018166609990766+0j)
1251,25.03.2018,03:00,27.0,(8.537181392110488+0j)
1252,25.03.2018,04:00,26.0,(8.430455436469295+0j)
1253,25.03.2018,05:00,22.0,(7.9738393445443+0j)
1254,25.03.2018,06:00,50.0,(10.483748386047209+0j)
1255,25.03.2018,07:00,30.0,(8.84233584359671+0j)
1256,25.03.2018,08:00,46.0,(10.19637653715948+0j)
1257,25.03.2018,09:00,42.0,(9.891823330401618+0j)
1258,25.03.2018,10:00,29.0,(8.74297534497106+0j)
1259,25.03.2018,11:00,42.0,(9.891823330401618+0j)
1260,25.03.2018,12:00,58.0,(11.015458675840927+0j)
1261,25.03.2018,13:00,62.0,(11.263079534051261+0j)
1262,25.03.2018,14:00,51.0,(10.5531792067093+0j)
1263,25.03.2018,15:00,55.0,(10.822164994364314+0j)
1264,25.03.2018,16:00,55.0,(10.822164994364314+0j)
1265,25.03.2018,17:00,33.0,(9.127767465531983+0j)
1266,25.03.2018,18:00,29.0,(8.74297534497106+0j)
1267,25.03.2018,19:00,28.0,(8.641303622061608+0j)
1268,25.03.2018,20:00,20.0,(7.724491855603646+0j)
1269,25.03.2018,21:00,28.0,(8.641303622061608+0j)
1270,25.03.2018,22:00,51.0,(10.5531792067093+0j)
1271,25.03.2018,23:00,66.0,(11.500266368369322+0j)
1272,26.03.2018,00:00,65.0,(11.441888376335278+0j)
1273,26.03.2018,01:00,60.0,(11.140645059587433+0j)
1274,26.03.2018,02:00,58.0,(11.015458675840927+0j)
1275,26.03.2018,03:00,61.0,(11.202196833891742+0j)
1276,26.03.2018,04:00,65.0,(11.441888376335278+0j)
1277,26.03.2018,05:00,65.0,(11.441888376335278+0j)
1278,26.03.2018,06:00,65.0,(11.441888376335278+0j)
1279,26.03.2018,07:00,65.0,(11.441888376335278+0j)
1280,26.03.2018,08:00,65.0,(11.441888376335278+0j)
1281,26.03.2018,09:00,64.0,(11.382908522813985+0j)
1282,26.03.2018,10:00,66.0,(11.500266368369322+0j)
1283,26.03.2018,11:00,55.0,(10.822164994364314+0j)
1284,26.03.2018,12:00,57.0,(10.9517840818175+0j)
1285,26.03.2018,13:00,56.0,(10.887360331968232+0j)
1286,26.03.2018,14:00,54.0,(10.756174542690822+0j)
1287,26.03.2018,15:00,54.0,(10.756174542690822+0j)
1288,26.03.2018,16:00,57.0,(10.9517840818175+0j)
1289,26.03.2018,17:00,63.0,(11.323311051132062+0j)
1290,26.03.2018,18:00,64.0,(11.382908522813985+0j)
1291,26.03.2018,19:00,63.0,(11.323311051132062+0j)
1292,26.03.2018,20:00,64.0,(11.382908522813985+0j)
1293,26.03.2018,21:00,63.0,(11.323311051132062+0j)
1294,26.03.2018,22:00,65.0,(11.441888376335278+0j)
1295,26.03.2018,23:00,66.0,(11.500266368369322+0j)
1296,27.03.2018,00:00,62.0,(11.263079534051261+0j)
1297,27.03.2018,01:00,65.0,(11.441888376335278+0j)
1298,27.03.2018,02:00,59.0,(11.078405520382008+0j)
1299,27.03.2018,03:00,57.0,(10.9517840818175+0j)
1300,27.03.2018,04:00,45.0,(10.121947777604984+0j)
1301,27.03.2018,05:00,40.0,(9.732249888616542+0j)
1302,27.03.2018,06:00,29.0,(8.74297534497106+0j)
1303,27.03.2018,07:00,37.0,(9.482594128751929+0j)
1304,27.03.2018,08:00,32.0,(9.034620481786352+0j)
1305,27.03.2018,09:00,43.0,(9.969714910096506+0j)
1306,27.03.2018,10:00,53.0,(10.689364281461948+0j)
1307,27.03.2018,11:00,32.0,(9.034620481786352+0j)
1308,27.03.2018,12:00,52.0,(10.621708264608335+0j)
1309,27.03.2018,13:00,60.0,(11.140645059587433+0j)
1310,27.03.2018,14:00,61.0,(11.202196833891742+0j)
1311,27.03.2018,15:00,61.0,(11.202196833891742+0j)
1312,27.03.2018,16:00,60.0,(11.140645059587433+0j)
1313,27.03.2018,17:00,60.0,(11.140645059587433+0j)
1314,27.03.2018,18:00,46.0,(10.19637653715948+0j)
1315,27.03.2018,19:00,23.0,(8.092869420675413+0j)
1316,27.03.2018,20:00,26.0,(8.430455436469295+0j)
1317,27.03.2018,21:00,11.0,(6.32884048187752+0j)
1318,27.03.2018,22:00,6.0,(5.171029370782441+0j)
1319,27.03.2018,23:00,4.0,(4.517310240893176+0j)
1320,28.03.2018,00:00,3.0,(4.1042487314692515+0j)
1321,28.03.2018,01:00,5.0,(4.866124944308272+0j)
1322,28.03.2018,02:00,2.0,(3.585391514230274+0j)
1323,28.03.2018,03:00,6.0,(5.171029370782441+0j)
1324,28.03.2018,04:00,7.0,(5.443680165984116+0j)
1325,28.03.2018,05:00,11.0,(6.32884048187752+0j)
1326,28.03.2018,06:00,13.0,(6.691256914211192+0j)
1327,28.03.2018,07:00,8.0,(5.691454261406992+0j)
1328,28.03.2018,08:00,5.0,(4.866124944308272+0j)
1329,28.03.2018,09:00,3.0,(4.1042487314692515+0j)
1330,28.03.2018,10:00,2.0,(3.585391514230274+0j)
1331,28.03.2018,11:00,2.0,(3.585391514230274+0j)
1332,28.03.2018,12:00,1.0,(2.845727130703496+0j)
1333,28.03.2018,13:00,0.0,0j
1334,28.03.2018,14:00,1.0,(2.845727130703496+0j)
1335,28.03.2018,15:00,9.0,(5.919350969396254+0j)
1336,28.03.2018,16:00,10.0,(6.130933248752508+0j)
1337,28.03.2018,17:00,7.0,(5.443680165984116+0j)
1338,28.03.2018,18:00,6.0,(5.171029370782441+0j)
1339,28.03.2018,19:00,8.0,(5.691454261406992+0j)
1340,28.03.2018,20:00,14.0,(6.858607230018604+0j)
1341,28.03.2018,21:00,57.0,(10.9517840818175+0j)
1342,28.03.2018,22:00,53.0,(10.689364281461948+0j)
1343,28.03.2018,23:00,57.0,(10.9517840818175+0j)
1344,29.03.2018,00:00,57.0,(10.9517840818175+0j)
1345,29.03.2018,01:00,46.0,(10.19637653715948+0j)
1346,29.03.2018,02:00,54.0,(10.756174542690822+0j)
1347,29.03.2018,03:00,51.0,(10.5531792067093+0j)
1348,29.03.2018,04:00,60.0,(11.140645059587433+0j)
1349,29.03.2018,05:00,58.0,(11.015458675840927+0j)
1350,29.03.2018,06:00,55.0,(10.822164994364314+0j)
1351,29.03.2018,07:00,54.0,(10.756174542690822+0j)
1352,29.03.2018,08:00,51.0,(10.5531792067093+0j)
1353,29.03.2018,09:00,43.0,(9.969714910096506+0j)
1354,29.03.2018,10:00,61.0,(11.202196833891742+0j)
1355,29.03.2018,11:00,60.0,(11.140645059587433+0j)
1356,29.03.2018,12:00,51.0,(10.5531792067093+0j)
1357,29.03.2018,13:00,42.0,(9.891823330401618+0j)
1358,29.03.2018,14:00,30.0,(8.84233584359671+0j)
1359,29.03.2018,15:00,25.0,(8.320956608290626+0j)
1360,29.03.2018,16:00,32.0,(9.034620481786352+0j)
1361,29.03.2018,17:00,20.0,(7.724491855603646+0j)
1362,29.03.2018,18:00,35.0,(9.308562145233848+0j)
1363,29.03.2018,19:00,33.0,(9.127767465531983+0j)
1364,29.03.2018,20:00,39.0,(9.650462409337567+0j)
1365,29.03.2018,21:00,38.0,(9.567264627885733+0j)
1366,29.03.2018,22:00,41.0,(9.812685353516676+0j)
1367,29.03.2018,23:00,10.0,(6.130933248752508+0j)
1368,30.03.2018,00:00,16.0,(7.170783028460548+0j)
1369,30.03.2018,01:00,18.0,(7.457914888057963+0j)
1370,30.03.2018,02:00,10.0,(6.130933248752508+0j)
1371,30.03.2018,03:00,5.0,(4.866124944308272+0j)
1372,30.03.2018,04:00,7.0,(5.443680165984116+0j)
1373,30.03.2018,05:00,3.0,(4.1042487314692515+0j)
1374,30.03.2018,06:00,4.0,(4.517310240893176+0j)
1375,30.03.2018,07:00,9.0,(5.919350969396254+0j)
1376,30.03.2018,08:00,4.0,(4.517310240893176+0j)
1377,30.03.2018,09:00,0.0,0j
1378,30.03.2018,10:00,0.0,0j
1379,30.03.2018,11:00,0.0,0j
1380,30.03.2018,12:00,0.0,0j
1381,30.03.2018,13:00,0.0,0j
1382,30.03.2018,14:00,0.0,0j
1383,30.03.2018,15:00,0.0,0j
1384,30.03.2018,16:00,0.0,0j
1385,30.03.2018,17:00,0.0,0j
1386,30.03.2018,18:00,0.0,0j
1387,30.03.2018,19:00,0.0,0j
1388,30.03.2018,20:00,0.0,0j
1389,30.03.2018,21:00,0.0,0j
1390,30.03.2018,22:00,0.0,0j
1391,30.03.2018,23:00,0.0,0j
1392,31.03.2018,00:00,0.0,0j
1393,31.03.2018,01:00,0.0,0j
1394,31.03.2018,02:00,0.0,0j
1395,31.03.2018,03:00,0.0,0j
1396,31.03.2018,04:00,3.0,(4.1042487314692515+0j)
1397,31.03.2018,05:00,0.0,0j
1398,31.03.2018,06:00,1.0,(2.845727130703496+0j)
1399,31.03.2018,07:00,1.0,(2.845727130703496+0j)
1400,31.03.2018,08:00,0.0,0j
1401,31.03.2018,09:00,0.0,0j
1402,31.03.2018,10:00,1.0,(2.845727130703496+0j)
1403,31.03.2018,11:00,0.0,0j
1404,31.03.2018,12:00,0.0,0j
1405,31.03.2018,13:00,0.0,0j
1406,31.03.2018,14:00,1.0,(2.845727130703496+0j)
1407,31.03.2018,15:00,3.0,(4.1042487314692515+0j)
1408,31.03.2018,16:00,0.0,0j
1409,31.03.2018,17:00,0.0,0j
1410,31.03.2018,18:00,1.0,(2.845727130703496+0j)
1411,31.03.2018,19:00,25.0,(8.320956608290626+0j)
1412,31.03.2018,20:00,45.0,(10.121947777604984+0j)
1413,31.03.2018,21:00,56.0,(10.887360331968232+0j)
1414,31.03.2018,22:00,35.0,(9.308562145233848+0j)
1415,31.03.2018,23:00,4.0,(4.517310240893176+0j)
1416,01.04.2018,00:00,16.0,(7.170783028460548+0j)
1417,01.04.2018,01:00,17.0,(7.317165783214581+0j)
1418,01.04.2018,02:00,40.0,(9.732249888616542+0j)
1419,01.04.2018,03:00,49.0,(10.41338553855059+0j)
1420,01.04.2018,04:00,51.0,(10.5531792067093+0j)
1421,01.04.2018,05:00,62.0,(11.263079534051261+0j)
1422,01.04.2018,06:00,66.0,(11.500266368369322+0j)
1423,01.04.2018,07:00,65.0,(11.441888376335278+0j)
1424,01.04.2018,08:00,65.0,(11.441888376335278+0j)
1425,01.04.2018,09:00,62.0,(11.263079534051261+0j)
1426,01.04.2018,10:00,65.0,(11.441888376335278+0j)
1427,01.04.2018,11:00,66.0,(11.500266368369322+0j)
1428,01.04.2018,12:00,64.0,(11.382908522813985+0j)
1429,01.04.2018,13:00,65.0,(11.441888376335278+0j)
1430,01.04.2018,14:00,61.0,(11.202196833891742+0j)
1431,01.04.2018,15:00,63.0,(11.323311051132062+0j)
1432,01.04.2018,16:00,64.0,(11.382908522813985+0j)
1433,01.04.2018,17:00,64.0,(11.382908522813985+0j)
1434,01.04.2018,18:00,61.0,(11.202196833891742+0j)
1435,01.04.2018,19:00,64.0,(11.382908522813985+0j)
1436,01.04.2018,20:00,64.0,(11.382908522813985+0j)
1437,01.04.2018,21:00,66.0,(11.500266368369322+0j)
1438,01.04.2018,22:00,66.0,(11.500266368369322+0j)
1439,01.04.2018,23:00,66.0,(11.500266368369322+0j)
1440,02.04.2018,00:00,20.0,(7.724491855603646+0j)
1441,02.04.2018,01:00,5.0,(4.866124944308272+0j)
1442,02.04.2018,02:00,28.0,(8.641303622061608+0j)
1443,02.04.2018,03:00,7.0,(5.443680165984116+0j)
1444,02.04.2018,04:00,13.0,(6.691256914211192+0j)
1445,02.04.2018,05:00,4.0,(4.517310240893176+0j)
1446,02.04.2018,06:00,10.0,(6.130933248752508+0j)
1447,02.04.2018,07:00,7.0,(5.443680165984116+0j)
1448,02.04.2018,08:00,7.0,(5.443680165984116+0j)
1449,02.04.2018,09:00,0.0,0j
1450,02.04.2018,10:00,0.0,0j
1451,02.04.2018,11:00,0.0,0j
1452,02.04.2018,12:00,0.0,0j
1453,02.04.2018,13:00,1.0,(2.845727130703496+0j)
1454,02.04.2018,14:00,2.0,(3.585391514230274+0j)
1455,02.04.2018,15:00,6.0,(5.171029370782441+0j)
1456,02.04.2018,16:00,6.0,(5.171029370782441+0j)
1457,02.04.2018,17:00,8.0,(5.691454261406992+0j)
1458,02.04.2018,18:00,6.0,(5.171029370782441+0j)
1459,02.04.2018,19:00,10.0,(6.130933248752508+0j)
1460,02.04.2018,20:00,5.0,(4.866124944308272+0j)
1461,02.04.2018,21:00,2.0,(3.585391514230274+0j)
1462,02.04.2018,22:00,0.0,0j
1463,02.04.2018,23:00,0.0,0j
1464,03.04.2018,00:00,2.0,(3.585391514230274+0j)
1465,03.04.2018,01:00,5.0,(4.866124944308272+0j)
1466,03.04.2018,02:00,7.0,(5.443680165984116+0j)
1467,03.04.2018,03:00,9.0,(5.919350969396254+0j)
1468,03.04.2018,04:00,10.0,(6.130933248752508+0j)
1469,03.04.2018,05:00,11.0,(6.32884048187752+0j)
1470,03.04.2018,06:00,22.0,(7.9738393445443+0j)
1471,03.04.2018,07:00,26.0,(8.430455436469295+0j)
1472,03.04.2018,08:00,18.0,(7.457914888057963+0j)
1473,03.04.2018,09:00,11.0,(6.32884048187752+0j)
1474,03.04.2018,10:00,12.0,(6.515088753873438+0j)
1475,03.04.2018,11:00,0.0,0j
1476,03.04.2018,12:00,27.0,(8.537181392110488+0j)
1477,03.04.2018,13:00,29.0,(8.74297534497106+0j)
1478,03.04.2018,14:00,40.0,(9.732249888616542+0j)
1479,03.04.2018,15:00,50.0,(10.483748386047209+0j)
1480,03.04.2018,16:00,43.0,(9.969714910096506+0j)
1481,03.04.2018,17:00,34.0,(9.219051195842558+0j)
1482,03.04.2018,18:00,34.0,(9.219051195842558+0j)
1483,03.04.2018,19:00,34.0,(9.219051195842558+0j)
1484,03.04.2018,20:00,33.0,(9.127767465531983+0j)
1485,03.04.2018,21:00,24.0,(8.208497462938503+0j)
1486,03.04.2018,22:00,19.0,(7.593542967381978+0j)
1487,03.04.2018,23:00,14.0,(6.858607230018604+0j)
1488,04.04.2018,00:00,14.0,(6.858607230018604+0j)
1489,04.04.2018,01:00,6.0,(5.171029370782441+0j)
1490,04.04.2018,02:00,13.0,(6.691256914211192+0j)
1491,04.04.2018,03:00,6.0,(5.171029370782441+0j)
1492,04.04.2018,04:00,2.0,(3.585391514230274+0j)
1493,04.04.2018,05:00,1.0,(2.845727130703496+0j)
1494,04.04.2018,06:00,1.0,(2.845727130703496+0j)
1495,04.04.2018,07:00,1.0,(2.845727130703496+0j)
1496,04.04.2018,08:00,0.0,0j
1497,04.04.2018,09:00,0.0,0j
1498,04.04.2018,10:00,0.0,0j
1499,04.04.2018,11:00,0.0,0j
1500,04.04.2018,12:00,0.0,0j
1501,04.04.2018,13:00,0.0,0j
1502,04.04.2018,14:00,0.0,0j
1503,04.04.2018,15:00,0.0,0j
1504,04.04.2018,16:00,0.0,0j
1505,04.04.2018,17:00,0.0,0j
1506,04.04.2018,18:00,0.0,0j
1507,04.04.2018,19:00,0.0,0j
1508,04.04.2018,20:00,4.0,(4.517310240893176+0j)
1509,04.04.2018,21:00,2.0,(3.585391514230274+0j)
1510,04.04.2018,22:00,2.0,(3.585391514230274+0j)
1511,04.04.2018,23:00,0.0,0j
1512,05.04.2018,00:00,0.0,0j
1513,05.04.2018,01:00,0.0,0j
1514,05.04.2018,02:00,0.0,0j
1515,05.04.2018,03:00,0.0,0j
1516,05.04.2018,04:00,0.0,0j
1517,05.04.2018,05:00,0.0,0j
1518,05.04.2018,06:00,0.0,0j
1519,05.04.2018,07:00,0.0,0j
1520,05.04.2018,08:00,0.0,0j
1521,05.04.2018,09:00,0.0,0j
1522,05.04.2018,10:00,0.0,0j
1523,05.04.2018,11:00,0.0,0j
1524,05.04.2018,12:00,0.0,0j
1525,05.04.2018,13:00,0.0,0j
1526,05.04.2018,14:00,0.0,0j
1527,05.04.2018,15:00,0.0,0j
1528,05.04.2018,16:00,0.0,0j
1529,05.04.2018,17:00,0.0,0j
1530,05.04.2018,18:00,2.0,(3.585391514230274+0j)
1531,05.04.2018,19:00,2.0,(3.585391514230274+0j)
1532,05.04.2018,20:00,0.0,0j
1533,05.04.2018,21:00,0.0,0j
1534,05.04.2018,22:00,0.0,0j
1535,05.04.2018,23:00,0.0,0j
1536,06.04.2018,00:00,0.0,0j
1537,06.04.2018,01:00,0.0,0j
1538,06.04.2018,02:00,0.0,0j
1539,06.04.2018,03:00,0.0,0j
1540,06.04.2018,04:00,0.0,0j
1541,06.04.2018,05:00,0.0,0j
1542,06.04.2018,06:00,0.0,0j
1543,06.04.2018,07:00,0.0,0j
1544,06.04.2018,08:00,0.0,0j
1545,06.04.2018,09:00,0.0,0j
1546,06.04.2018,10:00,0.0,0j
1547,06.04.2018,11:00,0.0,0j
1548,06.04.2018,12:00,0.0,0j
1549,06.04.2018,13:00,0.0,0j
1550,06.04.2018,14:00,0.0,0j
1551,06.04.2018,15:00,0.0,0j
1552,06.04.2018,16:00,7.0,(5.443680165984116+0j)
1553,06.04.2018,17:00,7.0,(5.443680165984116+0j)
1554,06.04.2018,18:00,10.0,(6.130933248752508+0j)
1555,06.04.2018,19:00,5.0,(4.866124944308272+0j)
1556,06.04.2018,20:00,3.0,(4.1042487314692515+0j)
1557,06.04.2018,21:00,2.0,(3.585391514230274+0j)
1558,06.04.2018,22:00,4.0,(4.517310240893176+0j)
1559,06.04.2018,23:00,15.0,(7.018166609990766+0j)
1560,07.04.2018,00:00,16.0,(7.170783028460548+0j)
1561,07.04.2018,01:00,14.0,(6.858607230018604+0j)
1562,07.04.2018,02:00,20.0,(7.724491855603646+0j)
1563,07.04.2018,03:00,42.0,(9.891823330401618+0j)
1564,07.04.2018,04:00,45.0,(10.121947777604984+0j)
1565,07.04.2018,05:00,56.0,(10.887360331968232+0j)
1566,07.04.2018,06:00,31.0,(8.939512150377235+0j)
1567,07.04.2018,07:00,46.0,(10.19637653715948+0j)
1568,07.04.2018,08:00,32.0,(9.034620481786352+0j)
1569,07.04.2018,09:00,29.0,(8.74297534497106+0j)
1570,07.04.2018,10:00,17.0,(7.317165783214581+0j)
1571,07.04.2018,11:00,10.0,(6.130933248752508+0j)
1572,07.04.2018,12:00,23.0,(8.092869420675413+0j)
1573,07.04.2018,13:00,10.0,(6.130933248752508+0j)
1574,07.04.2018,14:00,16.0,(7.170783028460548+0j)
1575,07.04.2018,15:00,17.0,(7.317165783214581+0j)
1576,07.04.2018,16:00,9.0,(5.919350969396254+0j)
1577,07.04.2018,17:00,24.0,(8.208497462938503+0j)
1578,07.04.2018,18:00,11.0,(6.32884048187752+0j)
1579,07.04.2018,19:00,10.0,(6.130933248752508+0j)
1580,07.04.2018,20:00,38.0,(9.567264627885733+0j)
1581,07.04.2018,21:00,28.0,(8.641303622061608+0j)
1582,07.04.2018,22:00,39.0,(9.650462409337567+0j)
1583,07.04.2018,23:00,61.0,(11.202196833891742+0j)
1584,08.04.2018,00:00,50.0,(10.483748386047209+0j)
1585,08.04.2018,01:00,57.0,(10.9517840818175+0j)
1586,08.04.2018,02:00,57.0,(10.9517840818175+0j)
1587,08.04.2018,03:00,58.0,(11.015458675840927+0j)
1588,08.04.2018,04:00,53.0,(10.689364281461948+0j)
1589,08.04.2018,05:00,50.0,(10.483748386047209+0j)
1590,08.04.2018,06:00,51.0,(10.5531792067093+0j)
1591,08.04.2018,07:00,51.0,(10.5531792067093+0j)
1592,08.04.2018,08:00,57.0,(10.9517840818175+0j)
1593,08.04.2018,09:00,61.0,(11.202196833891742+0j)
1594,08.04.2018,10:00,50.0,(10.483748386047209+0j)
1595,08.04.2018,11:00,51.0,(10.5531792067093+0j)
1596,08.04.2018,12:00,54.0,(10.756174542690822+0j)
1597,08.04.2018,13:00,36.0,(9.396383955788593+0j)
1598,08.04.2018,14:00,54.0,(10.756174542690822+0j)
1599,08.04.2018,15:00,37.0,(9.482594128751929+0j)
1600,08.04.2018,16:00,39.0,(9.650462409337567+0j)
1601,08.04.2018,17:00,22.0,(7.9738393445443+0j)
1602,08.04.2018,18:00,39.0,(9.650462409337567+0j)
1603,08.04.2018,19:00,45.0,(10.121947777604984+0j)
1604,08.04.2018,20:00,38.0,(9.567264627885733+0j)
1605,08.04.2018,21:00,27.0,(8.537181392110488+0j)
1606,08.04.2018,22:00,31.0,(8.939512150377235+0j)
1607,08.04.2018,23:00,31.0,(8.939512150377235+0j)
1608,09.04.2018,00:00,20.0,(7.724491855603646+0j)
1609,09.04.2018,01:00,12.0,(6.515088753873438+0j)
1610,09.04.2018,02:00,6.0,(5.171029370782441+0j)
1611,09.04.2018,03:00,13.0,(6.691256914211192+0j)
1612,09.04.2018,04:00,24.0,(8.208497462938503+0j)
1613,09.04.2018,05:00,19.0,(7.593542967381978+0j)
1614,09.04.2018,06:00,11.0,(6.32884048187752+0j)
1615,09.04.2018,07:00,20.0,(7.724491855603646+0j)
1616,09.04.2018,08:00,5.0,(4.866124944308272+0j)
1617,09.04.2018,09:00,0.0,0j
1618,09.04.2018,10:00,1.0,(2.845727130703496+0j)
1619,09.04.2018,11:00,0.0,0j
1620,09.04.2018,12:00,0.0,0j
1621,09.04.2018,13:00,3.0,(4.1042487314692515+0j)
1622,09.04.2018,14:00,1.0,(2.845727130703496+0j)
1623,09.04.2018,15:00,1.0,(2.845727130703496+0j)
1624,09.04.2018,16:00,5.0,(4.866124944308272+0j)
1625,09.04.2018,17:00,4.0,(4.517310240893176+0j)
1626,09.04.2018,18:00,2.0,(3.585391514230274+0j)
1627,09.04.2018,19:00,1.0,(2.845727130703496+0j)
1628,09.04.2018,20:00,6.0,(5.171029370782441+0j)
1629,09.04.2018,21:00,6.0,(5.171029370782441+0j)
1630,09.04.2018,22:00,9.0,(5.919350969396254+0j)
1631,09.04.2018,23:00,12.0,(6.515088753873438+0j)
1632,10.04.2018,00:00,8.0,(5.691454261406992+0j)
1633,10.04.2018,01:00,3.0,(4.1042487314692515+0j)
1634,10.04.2018,02:00,1.0,(2.845727130703496+0j)
1635,10.04.2018,03:00,1.0,(2.845727130703496+0j)
1636,10.04.2018,04:00,0.0,0j
1637,10.04.2018,05:00,0.0,0j
1638,10.04.2018,06:00,0.0,0j
1639,10.04.2018,07:00,0.0,0j
1640,10.04.2018,08:00,0.0,0j
1641,10.04.2018,09:00,0.0,0j
1642,10.04.2018,10:00,0.0,0j
1643,10.04.2018,11:00,0.0,0j
1644,10.04.2018,12:00,0.0,0j
1645,10.04.2018,13:00,0.0,0j
1646,10.04.2018,14:00,2.0,(3.585391514230274+0j)
1647,10.04.2018,15:00,2.0,(3.585391514230274+0j)
1648,10.04.2018,16:00,3.0,(4.1042487314692515+0j)
1649,10.04.2018,17:00,2.0,(3.585391514230274+0j)
1650,10.04.2018,18:00,0.0,0j
1651,10.04.2018,19:00,4.0,(4.517310240893176+0j)
1652,10.04.2018,20:00,7.0,(5.443680165984116+0j)
1653,10.04.2018,21:00,1.0,(2.845727130703496+0j)
1654,10.04.2018,22:00,0.0,0j
1655,10.04.2018,23:00,1.0,(2.845727130703496+0j)
1656,11.04.2018,00:00,1.0,(2.845727130703496+0j)
1657,11.04.2018,01:00,0.0,0j
1658,11.04.2018,02:00,0.0,0j
1659,11.04.2018,03:00,0.0,0j
1660,11.04.2018,04:00,0.0,0j
1661,11.04.2018,05:00,0.0,0j
1662,11.04.2018,06:00,0.0,0j
1663,11.04.2018,07:00,0.0,0j
1664,11.04.2018,08:00,0.0,0j
1665,11.04.2018,09:00,0.0,0j
1666,11.04.2018,10:00,0.0,0j
1667,11.04.2018,11:00,0.0,0j
1668,11.04.2018,12:00,0.0,0j
1669,11.04.2018,13:00,0.0,0j
1670,11.04.2018,14:00,0.0,0j
1671,11.04.2018,15:00,2.0,(3.585391514230274+0j)
1672,11.04.2018,16:00,0.0,0j
1673,11.04.2018,17:00,0.0,0j
1674,11.04.2018,18:00,0.0,0j
1675,11.04.2018,19:00,0.0,0j
1676,11.04.2018,20:00,0.0,0j
1677,11.04.2018,21:00,0.0,0j
1678,11.04.2018,22:00,0.0,0j
1679,11.04.2018,23:00,2.0,(3.585391514230274+0j)
1680,12.04.2018,00:00,0.0,0j
1681,12.04.2018,01:00,0.0,0j
1682,12.04.2018,02:00,1.0,(2.845727130703496+0j)
1683,12.04.2018,03:00,1.0,(2.845727130703496+0j)
1684,12.04.2018,04:00,0.0,0j
1685,12.04.2018,05:00,1.0,(2.845727130703496+0j)
1686,12.04.2018,06:00,0.0,0j
1687,12.04.2018,07:00,0.0,0j
1688,12.04.2018,08:00,0.0,0j
1689,12.04.2018,09:00,0.0,0j
1690,12.04.2018,10:00,0.0,0j
1691,12.04.2018,11:00,0.0,0j
1692,12.04.2018,12:00,0.0,0j
1693,12.04.2018,13:00,0.0,0j
1694,12.04.2018,14:00,0.0,0j
1695,12.04.2018,15:00,12.0,(6.515088753873438+0j)
1696,12.04.2018,16:00,7.0,(5.443680165984116+0j)
1697,12.04.2018,17:00,0.0,0j
1698,12.04.2018,18:00,0.0,0j
1699,12.04.2018,19:00,0.0,0j
1700,12.04.2018,20:00,0.0,0j
1701,12.04.2018,21:00,0.0,0j
1702,12.04.2018,22:00,0.0,0j
1703,12.04.2018,23:00,0.0,0j
1704,13.04.2018,00:00,0.0,0j
1705,13.04.2018,01:00,0.0,0j
1706,13.04.2018,02:00,0.0,0j
1707,13.04.2018,03:00,0.0,0j
1708,13.04.2018,04:00,0.0,0j
1709,13.04.2018,05:00,0.0,0j
1710,13.04.2018,06:00,0.0,0j
1711,13.04.2018,07:00,0.0,0j
1712,13.04.2018,08:00,0.0,0j
1713,13.04.2018,09:00,0.0,0j
1714,13.04.2018,10:00,0.0,0j
1715,13.04.2018,11:00,0.0,0j
1716,13.04.2018,12:00,0.0,0j
1717,13.04.2018,13:00,0.0,0j
1718,13.04.2018,14:00,0.0,0j
1719,13.04.2018,15:00,4.0,(4.517310240893176+0j)
1720,13.04.2018,16:00,4.0,(4.517310240893176+0j)
1721,13.04.2018,17:00,4.0,(4.517310240893176+0j)
1722,13.04.2018,18:00,2.0,(3.585391514230274+0j)
1723,13.04.2018,19:00,1.0,(2.845727130703496+0j)
1724,13.04.2018,20:00,0.0,0j
1725,13.04.2018,21:00,0.0,0j
1726,13.04.2018,22:00,0.0,0j
1727,13.04.2018,23:00,0.0,0j
1728,14.04.2018,00:00,5.0,(4.866124944308272+0j)
1729,14.04.2018,01:00,3.0,(4.1042487314692515+0j)
1730,14.04.2018,02:00,1.0,(2.845727130703496+0j)
1731,14.04.2018,03:00,1.0,(2.845727130703496+0j)
1732,14.04.2018,04:00,2.0,(3.585391514230274+0j)
1733,14.04.2018,05:00,2.0,(3.585391514230274+0j)
1734,14.04.2018,06:00,1.0,(2.845727130703496+0j)
1735,14.04.2018,07:00,5.0,(4.866124944308272+0j)
1736,14.04.2018,08:00,3.0,(4.1042487314692515+0j)
1737,14.04.2018,09:00,2.0,(3.585391514230274+0j)
1738,14.04.2018,10:00,4.0,(4.517310240893176+0j)
1739,14.04.2018,11:00,4.0,(4.517310240893176+0j)
1740,14.04.2018,12:00,6.0,(5.171029370782441+0j)
1741,14.04.2018,13:00,7.0,(5.443680165984116+0j)
1742,14.04.2018,14:00,9.0,(5.919350969396254+0j)
1743,14.04.2018,15:00,13.0,(6.691256914211192+0j)
1744,14.04.2018,16:00,16.0,(7.170783028460548+0j)
1745,14.04.2018,17:00,23.0,(8.092869420675413+0j)
1746,14.04.2018,18:00,28.0,(8.641303622061608+0j)
1747,14.04.2018,19:00,34.0,(9.219051195842558+0j)
1748,14.04.2018,20:00,37.0,(9.482594128751929+0j)
1749,14.04.2018,21:00,39.0,(9.650462409337567+0j)
1750,14.04.2018,22:00,32.0,(9.034620481786352+0j)
1751,14.04.2018,23:00,35.0,(9.308562145233848+0j)
1752,15.04.2018,00:00,32.0,(9.034620481786352+0j)
1753,15.04.2018,01:00,24.0,(8.208497462938503+0j)
1754,15.04.2018,02:00,25.0,(8.320956608290626+0j)
1755,15.04.2018,03:00,12.0,(6.515088753873438+0j)
1756,15.04.2018,04:00,6.0,(5.171029370782441+0j)
1757,15.04.2018,05:00,9.0,(5.919350969396254+0j)
1758,15.04.2018,06:00,9.0,(5.919350969396254+0j)
1759,15.04.2018,07:00,10.0,(6.130933248752508+0j)
1760,15.04.2018,08:00,5.0,(4.866124944308272+0j)
1761,15.04.2018,09:00,4.0,(4.517310240893176+0j)
1762,15.04.2018,10:00,8.0,(5.691454261406992+0j)
1763,15.04.2018,11:00,2.0,(3.585391514230274+0j)
1764,15.04.2018,12:00,4.0,(4.517310240893176+0j)
1765,15.04.2018,13:00,7.0,(5.443680165984116+0j)
1766,15.04.2018,14:00,11.0,(6.32884048187752+0j)
1767,15.04.2018,15:00,13.0,(6.691256914211192+0j)
1768,15.04.2018,16:00,17.0,(7.317165783214581+0j)
1769,15.04.2018,17:00,20.0,(7.724491855603646+0j)
1770,15.04.2018,18:00,14.0,(6.858607230018604+0j)
1771,15.04.2018,19:00,24.0,(8.208497462938503+0j)
1772,15.04.2018,20:00,26.0,(8.430455436469295+0j)
1773,15.04.2018,21:00,28.0,(8.641303622061608+0j)
1774,15.04.2018,22:00,28.0,(8.641303622061608+0j)
1775,15.04.2018,23:00,26.0,(8.430455436469295+0j)
1776,16.04.2018,00:00,13.0,(6.691256914211192+0j)
1777,16.04.2018,01:00,14.0,(6.858607230018604+0j)
1778,16.04.2018,02:00,16.0,(7.170783028460548+0j)
1779,16.04.2018,03:00,23.0,(8.092869420675413+0j)
1780,16.04.2018,04:00,28.0,(8.641303622061608+0j)
1781,16.04.2018,05:00,17.0,(7.317165783214581+0j)
1782,16.04.2018,06:00,7.0,(5.443680165984116+0j)
1783,16.04.2018,07:00,5.0,(4.866124944308272+0j)
1784,16.04.2018,08:00,15.0,(7.018166609990766+0j)
1785,16.04.2018,09:00,5.0,(4.866124944308272+0j)
1786,16.04.2018,10:00,3.0,(4.1042487314692515+0j)
1787,16.04.2018,11:00,0.0,0j
1788,16.04.2018,12:00,0.0,0j
1789,16.04.2018,13:00,1.0,(2.845727130703496+0j)
1790,16.04.2018,14:00,1.0,(2.845727130703496+0j)
1791,16.04.2018,15:00,0.0,0j
1792,16.04.2018,16:00,1.0,(2.845727130703496+0j)
1793,16.04.2018,17:00,2.0,(3.585391514230274+0j)
1794,16.04.2018,18:00,2.0,(3.585391514230274+0j)
1795,16.04.2018,19:00,9.0,(5.919350969396254+0j)
1796,16.04.2018,20:00,32.0,(9.034620481786352+0j)
1797,16.04.2018,21:00,0.0,0j
1798,16.04.2018,22:00,5.0,(4.866124944308272+0j)
1799,16.04.2018,23:00,4.0,(4.517310240893176+0j)
1800,17.04.2018,00:00,4.0,(4.517310240893176+0j)
1801,17.04.2018,01:00,1.0,(2.845727130703496+0j)
1802,17.04.2018,02:00,4.0,(4.517310240893176+0j)
1803,17.04.2018,03:00,1.0,(2.845727130703496+0j)
1804,17.04.2018,04:00,0.0,0j
1805,17.04.2018,05:00,2.0,(3.585391514230274+0j)
1806,17.04.2018,06:00,2.0,(3.585391514230274+0j)
1807,17.04.2018,07:00,0.0,0j
1808,17.04.2018,08:00,0.0,0j
1809,17.04.2018,09:00,0.0,0j
1810,17.04.2018,10:00,1.0,(2.845727130703496+0j)
1811,17.04.2018,11:00,3.0,(4.1042487314692515+0j)
1812,17.04.2018,12:00,10.0,(6.130933248752508+0j)
1813,17.04.2018,13:00,10.0,(6.130933248752508+0j)
1814,17.04.2018,14:00,9.0,(5.919350969396254+0j)
1815,17.04.2018,15:00,11.0,(6.32884048187752+0j)
1816,17.04.2018,16:00,9.0,(5.919350969396254+0j)
1817,17.04.2018,17:00,8.0,(5.691454261406992+0j)
1818,17.04.2018,18:00,4.0,(4.517310240893176+0j)
1819,17.04.2018,19:00,2.0,(3.585391514230274+0j)
1820,17.04.2018,20:00,0.0,0j
1821,17.04.2018,21:00,0.0,0j
1822,17.04.2018,22:00,0.0,0j
1823,17.04.2018,23:00,0.0,0j
1824,18.04.2018,00:00,0.0,0j
1825,18.04.2018,01:00,0.0,0j
1826,18.04.2018,02:00,0.0,0j
1827,18.04.2018,03:00,0.0,0j
1828,18.04.2018,04:00,0.0,0j
1829,18.04.2018,05:00,0.0,0j
1830,18.04.2018,06:00,1.0,(2.845727130703496+0j)
1831,18.04.2018,07:00,3.0,(4.1042487314692515+0j)
1832,18.04.2018,08:00,3.0,(4.1042487314692515+0j)
1833,18.04.2018,09:00,3.0,(4.1042487314692515+0j)
1834,18.04.2018,10:00,1.0,(2.845727130703496+0j)
1835,18.04.2018,11:00,5.0,(4.866124944308272+0j)
1836,18.04.2018,12:00,7.0,(5.443680165984116+0j)
1837,18.04.2018,13:00,6.0,(5.171029370782441+0j)
1838,18.04.2018,14:00,5.0,(4.866124944308272+0j)
1839,18.04.2018,15:00,7.0,(5.443680165984116+0j)
1840,18.04.2018,16:00,10.0,(6.130933248752508+0j)
1841,18.04.2018,17:00,26.0,(8.430455436469295+0j)
1842,18.04.2018,18:00,31.0,(8.939512150377235+0j)
1843,18.04.2018,19:00,35.0,(9.308562145233848+0j)
1844,18.04.2018,20:00,28.0,(8.641303622061608+0j)
1845,18.04.2018,21:00,28.0,(8.641303622061608+0j)
1846,18.04.2018,22:00,28.0,(8.641303622061608+0j)
1847,18.04.2018,23:00,39.0,(9.650462409337567+0j)
1848,19.04.2018,00:00,48.0,(10.34205874156488+0j)
1849,19.04.2018,01:00,43.0,(9.969714910096506+0j)
1850,19.04.2018,02:00,41.0,(9.812685353516676+0j)
1851,19.04.2018,03:00,41.0,(9.812685353516676+0j)
1852,19.04.2018,04:00,40.0,(9.732249888616542+0j)
1853,19.04.2018,05:00,42.0,(9.891823330401618+0j)
1854,19.04.2018,06:00,50.0,(10.483748386047209+0j)
1855,19.04.2018,07:00,50.0,(10.483748386047209+0j)
1856,19.04.2018,08:00,49.0,(10.41338553855059+0j)
1857,19.04.2018,09:00,47.0,(10.269734286241032+0j)
1858,19.04.2018,10:00,55.0,(10.822164994364314+0j)
1859,19.04.2018,11:00,59.0,(11.078405520382008+0j)
1860,19.04.2018,12:00,63.0,(11.323311051132062+0j)
1861,19.04.2018,13:00,63.0,(11.323311051132062+0j)
1862,19.04.2018,14:00,63.0,(11.323311051132062+0j)
1863,19.04.2018,15:00,64.0,(11.382908522813985+0j)
1864,19.04.2018,16:00,66.0,(11.500266368369322+0j)
1865,19.04.2018,17:00,67.0,(11.55805762209552+0j)
1866,19.04.2018,18:00,66.0,(11.500266368369322+0j)
1867,19.04.2018,19:00,62.0,(11.263079534051261+0j)
1868,19.04.2018,20:00,57.0,(10.9517840818175+0j)
1869,19.04.2018,21:00,59.0,(11.078405520382008+0j)
1870,19.04.2018,22:00,60.0,(11.140645059587433+0j)
1871,19.04.2018,23:00,54.0,(10.756174542690822+0j)
1872,20.04.2018,00:00,63.0,(11.323311051132062+0j)
1873,20.04.2018,01:00,50.0,(10.483748386047209+0j)
1874,20.04.2018,02:00,41.0,(9.812685353516676+0j)
1875,20.04.2018,03:00,32.0,(9.034620481786352+0j)
1876,20.04.2018,04:00,22.0,(7.9738393445443+0j)
1877,20.04.2018,05:00,16.0,(7.170783028460548+0j)
1878,20.04.2018,06:00,12.0,(6.515088753873438+0j)
1879,20.04.2018,07:00,13.0,(6.691256914211192+0j)
1880,20.04.2018,08:00,6.0,(5.171029370782441+0j)
1881,20.04.2018,09:00,10.0,(6.130933248752508+0j)
1882,20.04.2018,10:00,49.0,(10.41338553855059+0j)
1883,20.04.2018,11:00,32.0,(9.034620481786352+0j)
1884,20.04.2018,12:00,60.0,(11.140645059587433+0j)
1885,20.04.2018,13:00,66.0,(11.500266368369322+0j)
1886,20.04.2018,14:00,51.0,(10.5531792067093+0j)
1887,20.04.2018,15:00,66.0,(11.500266368369322+0j)
1888,20.04.2018,16:00,68.0,(11.615276661700541+0j)
1889,20.04.2018,17:00,67.0,(11.55805762209552+0j)
1890,20.04.2018,18:00,69.0,(11.671937444523078+0j)
1891,20.04.2018,19:00,69.0,(11.671937444523078+0j)
1892,20.04.2018,20:00,69.0,(11.671937444523078+0j)
1893,20.04.2018,21:00,69.0,(11.671937444523078+0j)
1894,20.04.2018,22:00,69.0,(11.671937444523078+0j)
1895,20.04.2018,23:00,69.0,(11.671937444523078+0j)
1896,21.04.2018,00:00,69.0,(11.671937444523078+0j)
1897,21.04.2018,01:00,66.0,(11.500266368369322+0j)
1898,21.04.2018,02:00,67.0,(11.55805762209552+0j)
1899,21.04.2018,03:00,69.0,(11.671937444523078+0j)
1900,21.04.2018,04:00,70.0,(11.728053391034702+0j)
1901,21.04.2018,05:00,69.0,(11.671937444523078+0j)
1902,21.04.2018,06:00,70.0,(11.728053391034702+0j)
1903,21.04.2018,07:00,69.0,(11.671937444523078+0j)
1904,21.04.2018,08:00,60.0,(11.140645059587433+0j)
1905,21.04.2018,09:00,62.0,(11.263079534051261+0j)
1906,21.04.2018,10:00,67.0,(11.55805762209552+0j)
1907,21.04.2018,11:00,67.0,(11.55805762209552+0j)
1908,21.04.2018,12:00,64.0,(11.382908522813985+0j)
1909,21.04.2018,13:00,69.0,(11.671937444523078+0j)
1910,21.04.2018,14:00,69.0,(11.671937444523078+0j)
1911,21.04.2018,15:00,68.0,(11.615276661700541+0j)
1912,21.04.2018,16:00,68.0,(11.615276661700541+0j)
1913,21.04.2018,17:00,65.0,(11.441888376335278+0j)
1914,21.04.2018,18:00,63.0,(11.323311051132062+0j)
1915,21.04.2018,19:00,51.0,(10.5531792067093+0j)
1916,21.04.2018,20:00,52.0,(10.621708264608335+0j)
1917,21.04.2018,21:00,32.0,(9.034620481786352+0j)
1918,21.04.2018,22:00,32.0,(9.034620481786352+0j)
1919,21.04.2018,23:00,51.0,(10.5531792067093+0j)
1920,22.04.2018,00:00,39.0,(9.650462409337567+0j)
1921,22.04.2018,01:00,45.0,(10.121947777604984+0j)
1922,22.04.2018,02:00,49.0,(10.41338553855059+0j)
1923,22.04.2018,03:00,47.0,(10.269734286241032+0j)
1924,22.04.2018,04:00,24.0,(8.208497462938503+0j)
1925,22.04.2018,05:00,25.0,(8.320956608290626+0j)
1926,22.04.2018,06:00,32.0,(9.034620481786352+0j)
1927,22.04.2018,07:00,42.0,(9.891823330401618+0j)
1928,22.04.2018,08:00,31.0,(8.939512150377235+0j)
1929,22.04.2018,09:00,13.0,(6.691256914211192+0j)
1930,22.04.2018,10:00,14.0,(6.858607230018604+0j)
1931,22.04.2018,11:00,9.0,(5.919350969396254+0j)
1932,22.04.2018,12:00,9.0,(5.919350969396254+0j)
1933,22.04.2018,13:00,8.0,(5.691454261406992+0j)
1934,22.04.2018,14:00,8.0,(5.691454261406992+0j)
1935,22.04.2018,15:00,4.0,(4.517310240893176+0j)
1936,22.04.2018,16:00,2.0,(3.585391514230274+0j)
1937,22.04.2018,17:00,3.0,(4.1042487314692515+0j)
1938,22.04.2018,18:00,0.0,0j
1939,22.04.2018,19:00,2.0,(3.585391514230274+0j)
1940,22.04.2018,20:00,3.0,(4.1042487314692515+0j)
1941,22.04.2018,21:00,8.0,(5.691454261406992+0j)
1942,22.04.2018,22:00,7.0,(5.443680165984116+0j)
1943,22.04.2018,23:00,3.0,(4.1042487314692515+0j)
1944,23.04.2018,00:00,1.0,(2.845727130703496+0j)
1945,23.04.2018,01:00,0.0,0j
1946,23.04.2018,02:00,0.0,0j
1947,23.04.2018,03:00,0.0,0j
1948,23.04.2018,04:00,0.0,0j
1949,23.04.2018,05:00,0.0,0j
1950,23.04.2018,06:00,0.0,0j
1951,23.04.2018,07:00,0.0,0j
1952,23.04.2018,08:00,0.0,0j
1953,23.04.2018,09:00,0.0,0j
1954,23.04.2018,10:00,0.0,0j
1955,23.04.2018,11:00,0.0,0j
1956,23.04.2018,12:00,0.0,0j
1957,23.04.2018,13:00,0.0,0j
1958,23.04.2018,14:00,5.0,(4.866124944308272+0j)
1959,23.04.2018,15:00,6.0,(5.171029370782441+0j)
1960,23.04.2018,16:00,8.0,(5.691454261406992+0j)
1961,23.04.2018,17:00,10.0,(6.130933248752508+0j)
1962,23.04.2018,18:00,8.0,(5.691454261406992+0j)
1963,23.04.2018,19:00,7.0,(5.443680165984116+0j)
1964,23.04.2018,20:00,6.0,(5.171029370782441+0j)
1965,23.04.2018,21:00,5.0,(4.866124944308272+0j)
1966,23.04.2018,22:00,2.0,(3.585391514230274+0j)
1967,23.04.2018,23:00,1.0,(2.845727130703496+0j)
1968,24.04.2018,00:00,4.0,(4.517310240893176+0j)
1969,24.04.2018,01:00,7.0,(5.443680165984116+0j)
1970,24.04.2018,02:00,6.0,(5.171029370782441+0j)
1971,24.04.2018,03:00,8.0,(5.691454261406992+0j)
1972,24.04.2018,04:00,11.0,(6.32884048187752+0j)
1973,24.04.2018,05:00,13.0,(6.691256914211192+0j)
1974,24.04.2018,06:00,7.0,(5.443680165984116+0j)
1975,24.04.2018,07:00,7.0,(5.443680165984116+0j)
1976,24.04.2018,08:00,1.0,(2.845727130703496+0j)
1977,24.04.2018,09:00,0.0,0j
1978,24.04.2018,10:00,0.0,0j
1979,24.04.2018,11:00,0.0,0j
1980,24.04.2018,12:00,0.0,0j
1981,24.04.2018,13:00,1.0,(2.845727130703496+0j)
1982,24.04.2018,14:00,6.0,(5.171029370782441+0j)
1983,24.04.2018,15:00,8.0,(5.691454261406992+0j)
1984,24.04.2018,16:00,11.0,(6.32884048187752+0j)
1985,24.04.2018,17:00,5.0,(4.866124944308272+0j)
1986,24.04.2018,18:00,4.0,(4.517310240893176+0j)
1987,24.04.2018,19:00,4.0,(4.517310240893176+0j)
1988,24.04.2018,20:00,4.0,(4.517310240893176+0j)
1989,24.04.2018,21:00,13.0,(6.691256914211192+0j)
1990,24.04.2018,22:00,11.0,(6.32884048187752+0j)
1991,24.04.2018,23:00,8.0,(5.691454261406992+0j)
1992,25.04.2018,00:00,8.0,(5.691454261406992+0j)
1993,25.04.2018,01:00,11.0,(6.32884048187752+0j)
1994,25.04.2018,02:00,14.0,(6.858607230018604+0j)
1995,25.04.2018,03:00,9.0,(5.919350969396254+0j)
1996,25.04.2018,04:00,6.0,(5.171029370782441+0j)
1997,25.04.2018,05:00,4.0,(4.517310240893176+0j)
1998,25.04.2018,06:00,3.0,(4.1042487314692515+0j)
1999,25.04.2018,07:00,3.0,(4.1042487314692515+0j)
2000,25.04.2018,08:00,2.0,(3.585391514230274+0j)
2001,25.04.2018,09:00,0.0,0j
2002,25.04.2018,10:00,0.0,0j
2003,25.04.2018,11:00,0.0,0j
2004,25.04.2018,12:00,0.0,0j
2005,25.04.2018,13:00,2.0,(3.585391514230274+0j)
2006,25.04.2018,14:00,2.0,(3.585391514230274+0j)
2007,25.04.2018,15:00,7.0,(5.443680165984116+0j)
2008,25.04.2018,16:00,13.0,(6.691256914211192+0j)
2009,25.04.2018,17:00,8.0,(5.691454261406992+0j)
2010,25.04.2018,18:00,9.0,(5.919350969396254+0j)
2011,25.04.2018,19:00,7.0,(5.443680165984116+0j)
2012,25.04.2018,20:00,6.0,(5.171029370782441+0j)
2013,25.04.2018,21:00,15.0,(7.018166609990766+0j)
2014,25.04.2018,22:00,15.0,(7.018166609990766+0j)
2015,25.04.2018,23:00,7.0,(5.443680165984116+0j)
2016,26.04.2018,00:00,5.0,(4.866124944308272+0j)
2017,26.04.2018,01:00,4.0,(4.517310240893176+0j)
2018,26.04.2018,02:00,1.0,(2.845727130703496+0j)
2019,26.04.2018,03:00,1.0,(2.845727130703496+0j)
2020,26.04.2018,04:00,2.0,(3.585391514230274+0j)
2021,26.04.2018,05:00,5.0,(4.866124944308272+0j)
2022,26.04.2018,06:00,6.0,(5.171029370782441+0j)
2023,26.04.2018,07:00,5.0,(4.866124944308272+0j)
2024,26.04.2018,08:00,2.0,(3.585391514230274+0j)
2025,26.04.2018,09:00,0.0,0j
2026,26.04.2018,10:00,0.0,0j
2027,26.04.2018,11:00,0.0,0j
2028,26.04.2018,12:00,0.0,0j
2029,26.04.2018,13:00,0.0,0j
2030,26.04.2018,14:00,1.0,(2.845727130703496+0j)
2031,26.04.2018,15:00,5.0,(4.866124944308272+0j)
2032,26.04.2018,16:00,5.0,(4.866124944308272+0j)
2033,26.04.2018,17:00,4.0,(4.517310240893176+0j)
2034,26.04.2018,18:00,4.0,(4.517310240893176+0j)
2035,26.04.2018,19:00,4.0,(4.517310240893176+0j)
2036,26.04.2018,20:00,2.0,(3.585391514230274+0j)
2037,26.04.2018,21:00,4.0,(4.517310240893176+0j)
2038,26.04.2018,22:00,2.0,(3.585391514230274+0j)
2039,26.04.2018,23:00,1.0,(2.845727130703496+0j)
2040,27.04.2018,00:00,1.0,(2.845727130703496+0j)
2041,27.04.2018,01:00,1.0,(2.845727130703496+0j)
2042,27.04.2018,02:00,1.0,(2.845727130703496+0j)
2043,27.04.2018,03:00,0.0,0j
2044,27.04.2018,04:00,0.0,0j
2045,27.04.2018,05:00,0.0,0j
2046,27.04.2018,06:00,0.0,0j
2047,27.04.2018,07:00,0.0,0j
2048,27.04.2018,08:00,0.0,0j
2049,27.04.2018,09:00,0.0,0j
2050,27.04.2018,10:00,0.0,0j
2051,27.04.2018,11:00,0.0,0j
2052,27.04.2018,12:00,3.0,(4.1042487314692515+0j)
2053,27.04.2018,13:00,3.0,(4.1042487314692515+0j)
2054,27.04.2018,14:00,2.0,(3.585391514230274+0j)
2055,27.04.2018,15:00,4.0,(4.517310240893176+0j)
2056,27.04.2018,16:00,5.0,(4.866124944308272+0j)
2057,27.04.2018,17:00,4.0,(4.517310240893176+0j)
2058,27.04.2018,18:00,23.0,(8.092869420675413+0j)
2059,27.04.2018,19:00,35.0,(9.308562145233848+0j)
2060,27.04.2018,20:00,35.0,(9.308562145233848+0j)
2061,27.04.2018,21:00,24.0,(8.208497462938503+0j)
2062,27.04.2018,22:00,23.0,(8.092869420675413+0j)
2063,27.04.2018,23:00,32.0,(9.034620481786352+0j)
2064,28.04.2018,00:00,29.0,(8.74297534497106+0j)
2065,28.04.2018,01:00,19.0,(7.593542967381978+0j)
2066,28.04.2018,02:00,16.0,(7.170783028460548+0j)
2067,28.04.2018,03:00,20.0,(7.724491855603646+0j)
2068,28.04.2018,04:00,16.0,(7.170783028460548+0j)
2069,28.04.2018,05:00,14.0,(6.858607230018604+0j)
2070,28.04.2018,06:00,12.0,(6.515088753873438+0j)
2071,28.04.2018,07:00,9.0,(5.919350969396254+0j)
2072,28.04.2018,08:00,10.0,(6.130933248752508+0j)
2073,28.04.2018,09:00,8.0,(5.691454261406992+0j)
2074,28.04.2018,10:00,9.0,(5.919350969396254+0j)
2075,28.04.2018,11:00,10.0,(6.130933248752508+0j)
2076,28.04.2018,12:00,15.0,(7.018166609990766+0j)
2077,28.04.2018,13:00,13.0,(6.691256914211192+0j)
2078,28.04.2018,14:00,18.0,(7.457914888057963+0j)
2079,28.04.2018,15:00,24.0,(8.208497462938503+0j)
2080,28.04.2018,16:00,34.0,(9.219051195842558+0j)
2081,28.04.2018,17:00,38.0,(9.567264627885733+0j)
2082,28.04.2018,18:00,43.0,(9.969714910096506+0j)
2083,28.04.2018,19:00,34.0,(9.219051195842558+0j)
2084,28.04.2018,20:00,43.0,(9.969714910096506+0j)
2085,28.04.2018,21:00,33.0,(9.127767465531983+0j)
2086,28.04.2018,22:00,27.0,(8.537181392110488+0j)
2087,28.04.2018,23:00,23.0,(8.092869420675413+0j)
2088,29.04.2018,00:00,17.0,(7.317165783214581+0j)
2089,29.04.2018,01:00,13.0,(6.691256914211192+0j)
2090,29.04.2018,02:00,14.0,(6.858607230018604+0j)
2091,29.04.2018,03:00,10.0,(6.130933248752508+0j)
2092,29.04.2018,04:00,4.0,(4.517310240893176+0j)
2093,29.04.2018,05:00,16.0,(7.170783028460548+0j)
2094,29.04.2018,06:00,5.0,(4.866124944308272+0j)
2095,29.04.2018,07:00,8.0,(5.691454261406992+0j)
2096,29.04.2018,08:00,5.0,(4.866124944308272+0j)
2097,29.04.2018,09:00,0.0,0j
2098,29.04.2018,10:00,0.0,0j
2099,29.04.2018,11:00,0.0,0j
2100,29.04.2018,12:00,0.0,0j
2101,29.04.2018,13:00,0.0,0j
2102,29.04.2018,14:00,2.0,(3.585391514230274+0j)
2103,29.04.2018,15:00,0.0,0j
2104,29.04.2018,16:00,0.0,0j
2105,29.04.2018,17:00,0.0,0j
2106,29.04.2018,18:00,0.0,0j
2107,29.04.2018,19:00,2.0,(3.585391514230274+0j)
2108,29.04.2018,20:00,3.0,(4.1042487314692515+0j)
2109,29.04.2018,21:00,4.0,(4.517310240893176+0j)
2110,29.04.2018,22:00,5.0,(4.866124944308272+0j)
2111,29.04.2018,23:00,4.0,(4.517310240893176+0j)
2112,30.04.2018,00:00,8.0,(5.691454261406992+0j)
2113,30.04.2018,01:00,4.0,(4.517310240893176+0j)
2114,30.04.2018,02:00,3.0,(4.1042487314692515+0j)
2115,30.04.2018,03:00,2.0,(3.585391514230274+0j)
2116,30.04.2018,04:00,3.0,(4.1042487314692515+0j)
2117,30.04.2018,05:00,3.0,(4.1042487314692515+0j)
2118,30.04.2018,06:00,2.0,(3.585391514230274+0j)
2119,30.04.2018,07:00,0.0,0j
2120,30.04.2018,08:00,0.0,0j
2121,30.04.2018,09:00,0.0,0j
2122,30.04.2018,10:00,0.0,0j
2123,30.04.2018,11:00,0.0,0j
2124,30.04.2018,12:00,0.0,0j
2125,30.04.2018,13:00,1.0,(2.845727130703496+0j)
2126,30.04.2018,14:00,4.0,(4.517310240893176+0j)
2127,30.04.2018,15:00,6.0,(5.171029370782441+0j)
2128,30.04.2018,16:00,5.0,(4.866124944308272+0j)
2129,30.04.2018,17:00,16.0,(7.170783028460548+0j)
2130,30.04.2018,18:00,16.0,(7.170783028460548+0j)
2131,30.04.2018,19:00,15.0,(7.018166609990766+0j)
2132,30.04.2018,20:00,18.0,(7.457914888057963+0j)
2133,30.04.2018,21:00,11.0,(6.32884048187752+0j)
2134,30.04.2018,22:00,8.0,(5.691454261406992+0j)
2135,30.04.2018,23:00,7.0,(5.443680165984116+0j)
2136,01.05.2018,00:00,5.0,(4.866124944308272+0j)
2137,01.05.2018,01:00,9.0,(5.919350969396254+0j)
2138,01.05.2018,02:00,10.0,(6.130933248752508+0j)
2139,01.05.2018,03:00,6.0,(5.171029370782441+0j)
2140,01.05.2018,04:00,11.0,(6.32884048187752+0j)
2141,01.05.2018,05:00,5.0,(4.866124944308272+0j)
2142,01.05.2018,06:00,5.0,(4.866124944308272+0j)
2143,01.05.2018,07:00,7.0,(5.443680165984116+0j)
2144,01.05.2018,08:00,8.0,(5.691454261406992+0j)
2145,01.05.2018,09:00,7.0,(5.443680165984116+0j)
2146,01.05.2018,10:00,9.0,(5.919350969396254+0j)
2147,01.05.2018,11:00,3.0,(4.1042487314692515+0j)
2148,01.05.2018,12:00,-1.0,(1.4228635653517483+2.464471987427827j)
2149,01.05.2018,13:00,2.0,(3.585391514230274+0j)
2150,01.05.2018,14:00,7.0,(5.443680165984116+0j)
2151,01.05.2018,15:00,2.0,(3.585391514230274+0j)
2152,01.05.2018,16:00,3.0,(4.1042487314692515+0j)
2153,01.05.2018,17:00,0.0,0j
2154,01.05.2018,18:00,2.0,(3.585391514230274+0j)
2155,01.05.2018,19:00,14.0,(6.858607230018604+0j)
2156,01.05.2018,20:00,13.0,(6.691256914211192+0j)
2157,01.05.2018,21:00,13.0,(6.691256914211192+0j)
2158,01.05.2018,22:00,0.0,0j
2159,01.05.2018,23:00,0.0,0j
2160,02.05.2018,00:00,0.0,0j
2161,02.05.2018,01:00,0.0,0j
2162,02.05.2018,02:00,0.0,0j
2163,02.05.2018,03:00,0.0,0j
2164,02.05.2018,04:00,0.0,0j
2165,02.05.2018,05:00,0.0,0j
2166,02.05.2018,06:00,1.0,(2.845727130703496+0j)
2167,02.05.2018,07:00,3.0,(4.1042487314692515+0j)
2168,02.05.2018,08:00,0.0,0j
2169,02.05.2018,09:00,0.0,0j
2170,02.05.2018,10:00,0.0,0j
2171,02.05.2018,11:00,0.0,0j
2172,02.05.2018,12:00,0.0,0j
2173,02.05.2018,13:00,0.0,0j
2174,02.05.2018,14:00,0.0,0j
2175,02.05.2018,15:00,5.0,(4.866124944308272+0j)
2176,02.05.2018,16:00,6.0,(5.171029370782441+0j)
2177,02.05.2018,17:00,2.0,(3.585391514230274+0j)
2178,02.05.2018,18:00,0.0,0j
2179,02.05.2018,19:00,0.0,0j
2180,02.05.2018,20:00,44.0,(10.0464080386713+0j)
2181,02.05.2018,21:00,17.0,(7.317165783214581+0j)
2182,02.05.2018,22:00,3.0,(4.1042487314692515+0j)
2183,02.05.2018,23:00,24.0,(8.208497462938503+0j)
2184,03.05.2018,00:00,24.0,(8.208497462938503+0j)
2185,03.05.2018,01:00,27.0,(8.537181392110488+0j)
2186,03.05.2018,02:00,12.0,(6.515088753873438+0j)
2187,03.05.2018,03:00,4.0,(4.517310240893176+0j)
2188,03.05.2018,04:00,3.0,(4.1042487314692515+0j)
2189,03.05.2018,05:00,3.0,(4.1042487314692515+0j)
2190,03.05.2018,06:00,7.0,(5.443680165984116+0j)
2191,03.05.2018,07:00,5.0,(4.866124944308272+0j)
2192,03.05.2018,08:00,1.0,(2.845727130703496+0j)
2193,03.05.2018,09:00,0.0,0j
2194,03.05.2018,10:00,0.0,0j
2195,03.05.2018,11:00,0.0,0j
2196,03.05.2018,12:00,0.0,0j
2197,03.05.2018,13:00,1.0,(2.845727130703496+0j)
2198,03.05.2018,14:00,2.0,(3.585391514230274+0j)
2199,03.05.2018,15:00,3.0,(4.1042487314692515+0j)
2200,03.05.2018,16:00,0.0,0j
2201,03.05.2018,17:00,9.0,(5.919350969396254+0j)
2202,03.05.2018,18:00,11.0,(6.32884048187752+0j)
2203,03.05.2018,19:00,9.0,(5.919350969396254+0j)
2204,03.05.2018,20:00,4.0,(4.517310240893176+0j)
2205,03.05.2018,21:00,0.0,0j
2206,03.05.2018,22:00,1.0,(2.845727130703496+0j)
2207,03.05.2018,23:00,1.0,(2.845727130703496+0j)
2208,04.05.2018,00:00,4.0,(4.517310240893176+0j)
2209,04.05.2018,01:00,3.0,(4.1042487314692515+0j)
2210,04.05.2018,02:00,4.0,(4.517310240893176+0j)
2211,04.05.2018,03:00,2.0,(3.585391514230274+0j)
2212,04.05.2018,04:00,8.0,(5.691454261406992+0j)
2213,04.05.2018,05:00,9.0,(5.919350969396254+0j)
2214,04.05.2018,06:00,7.0,(5.443680165984116+0j)
2215,04.05.2018,07:00,5.0,(4.866124944308272+0j)
2216,04.05.2018,08:00,1.0,(2.845727130703496+0j)
2217,04.05.2018,09:00,2.0,(3.585391514230274+0j)
2218,04.05.2018,10:00,0.0,0j
2219,04.05.2018,11:00,0.0,0j
2220,04.05.2018,12:00,1.0,(2.845727130703496+0j)
2221,04.05.2018,13:00,4.0,(4.517310240893176+0j)
2222,04.05.2018,14:00,3.0,(4.1042487314692515+0j)
2223,04.05.2018,15:00,3.0,(4.1042487314692515+0j)
2224,04.05.2018,16:00,11.0,(6.32884048187752+0j)
2225,04.05.2018,17:00,33.0,(9.127767465531983+0j)
2226,04.05.2018,18:00,24.0,(8.208497462938503+0j)
2227,04.05.2018,19:00,14.0,(6.858607230018604+0j)
2228,04.05.2018,20:00,5.0,(4.866124944308272+0j)
2229,04.05.2018,21:00,7.0,(5.443680165984116+0j)
2230,04.05.2018,22:00,3.0,(4.1042487314692515+0j)
2231,04.05.2018,23:00,28.0,(8.641303622061608+0j)
2232,05.05.2018,00:00,49.0,(10.41338553855059+0j)
2233,05.05.2018,01:00,23.0,(8.092869420675413+0j)
2234,05.05.2018,02:00,0.0,0j
2235,05.05.2018,03:00,0.0,0j
2236,05.05.2018,04:00,0.0,0j
2237,05.05.2018,05:00,0.0,0j
2238,05.05.2018,06:00,0.0,0j
2239,05.05.2018,07:00,0.0,0j
2240,05.05.2018,08:00,0.0,0j
2241,05.05.2018,09:00,0.0,0j
2242,05.05.2018,10:00,0.0,0j
2243,05.05.2018,11:00,0.0,0j
2244,05.05.2018,12:00,0.0,0j
2245,05.05.2018,13:00,0.0,0j
2246,05.05.2018,14:00,1.0,(2.845727130703496+0j)
2247,05.05.2018,15:00,1.0,(2.845727130703496+0j)
2248,05.05.2018,16:00,5.0,(4.866124944308272+0j)
2249,05.05.2018,17:00,0.0,0j
2250,05.05.2018,18:00,0.0,0j
2251,05.05.2018,19:00,0.0,0j
2252,05.05.2018,20:00,16.0,(7.170783028460548+0j)
2253,05.05.2018,21:00,19.0,(7.593542967381978+0j)
2254,05.05.2018,22:00,12.0,(6.515088753873438+0j)
2255,05.05.2018,23:00,5.0,(4.866124944308272+0j)
2256,06.05.2018,00:00,6.0,(5.171029370782441+0j)
2257,06.05.2018,01:00,0.0,0j
2258,06.05.2018,02:00,0.0,0j
2259,06.05.2018,03:00,1.0,(2.845727130703496+0j)
2260,06.05.2018,04:00,7.0,(5.443680165984116+0j)
2261,06.05.2018,05:00,17.0,(7.317165783214581+0j)
2262,06.05.2018,06:00,5.0,(4.866124944308272+0j)
2263,06.05.2018,07:00,1.0,(2.845727130703496+0j)
2264,06.05.2018,08:00,0.0,0j
2265,06.05.2018,09:00,6.0,(5.171029370782441+0j)
2266,06.05.2018,10:00,12.0,(6.515088753873438+0j)
2267,06.05.2018,11:00,27.0,(8.537181392110488+0j)
2268,06.05.2018,12:00,1.0,(2.845727130703496+0j)
2269,06.05.2018,13:00,2.0,(3.585391514230274+0j)
2270,06.05.2018,14:00,3.0,(4.1042487314692515+0j)
2271,06.05.2018,15:00,6.0,(5.171029370782441+0j)
2272,06.05.2018,16:00,3.0,(4.1042487314692515+0j)
2273,06.05.2018,17:00,3.0,(4.1042487314692515+0j)
2274,06.05.2018,18:00,2.0,(3.585391514230274+0j)
2275,06.05.2018,19:00,2.0,(3.585391514230274+0j)
2276,06.05.2018,20:00,2.0,(3.585391514230274+0j)
2277,06.05.2018,21:00,2.0,(3.585391514230274+0j)
2278,06.05.2018,22:00,0.0,0j
2279,06.05.2018,23:00,0.0,0j
2280,07.05.2018,00:00,0.0,0j
2281,07.05.2018,01:00,0.0,0j
2282,07.05.2018,02:00,0.0,0j
2283,07.05.2018,03:00,0.0,0j
2284,07.05.2018,04:00,0.0,0j
2285,07.05.2018,05:00,0.0,0j
2286,07.05.2018,06:00,0.0,0j
2287,07.05.2018,07:00,0.0,0j
2288,07.05.2018,08:00,0.0,0j
2289,07.05.2018,09:00,0.0,0j
2290,07.05.2018,10:00,0.0,0j
2291,07.05.2018,11:00,0.0,0j
2292,07.05.2018,12:00,0.0,0j
2293,07.05.2018,13:00,0.0,0j
2294,07.05.2018,14:00,30.0,(8.84233584359671+0j)
2295,07.05.2018,15:00,1.0,(2.845727130703496+0j)
2296,07.05.2018,16:00,4.0,(4.517310240893176+0j)
2297,07.05.2018,17:00,9.0,(5.919350969396254+0j)
2298,07.05.2018,18:00,35.0,(9.308562145233848+0j)
2299,07.05.2018,19:00,33.0,(9.127767465531983+0j)
2300,07.05.2018,20:00,43.0,(9.969714910096506+0j)
2301,07.05.2018,21:00,28.0,(8.641303622061608+0j)
2302,07.05.2018,22:00,23.0,(8.092869420675413+0j)
2303,07.05.2018,23:00,26.0,(8.430455436469295+0j)
2304,08.05.2018,00:00,27.0,(8.537181392110488+0j)
2305,08.05.2018,01:00,28.0,(8.641303622061608+0j)
2306,08.05.2018,02:00,30.0,(8.84233584359671+0j)
2307,08.05.2018,03:00,32.0,(9.034620481786352+0j)
2308,08.05.2018,04:00,38.0,(9.567264627885733+0j)
2309,08.05.2018,05:00,15.0,(7.018166609990766+0j)
2310,08.05.2018,06:00,12.0,(6.515088753873438+0j)
2311,08.05.2018,07:00,11.0,(6.32884048187752+0j)
2312,08.05.2018,08:00,13.0,(6.691256914211192+0j)
2313,08.05.2018,09:00,9.0,(5.919350969396254+0j)
2314,08.05.2018,10:00,2.0,(3.585391514230274+0j)
2315,08.05.2018,11:00,10.0,(6.130933248752508+0j)
2316,08.05.2018,12:00,9.0,(5.919350969396254+0j)
2317,08.05.2018,13:00,5.0,(4.866124944308272+0j)
2318,08.05.2018,14:00,14.0,(6.858607230018604+0j)
2319,08.05.2018,15:00,9.0,(5.919350969396254+0j)
2320,08.05.2018,16:00,9.0,(5.919350969396254+0j)
2321,08.05.2018,17:00,9.0,(5.919350969396254+0j)
2322,08.05.2018,18:00,0.0,0j
2323,08.05.2018,19:00,1.0,(2.845727130703496+0j)
2324,08.05.2018,20:00,1.0,(2.845727130703496+0j)
2325,08.05.2018,21:00,2.0,(3.585391514230274+0j)
2326,08.05.2018,22:00,0.0,0j
2327,08.05.2018,23:00,0.0,0j
2328,09.05.2018,00:00,0.0,0j
2329,09.05.2018,01:00,0.0,0j
2330,09.05.2018,02:00,1.0,(2.845727130703496+0j)
2331,09.05.2018,03:00,4.0,(4.517310240893176+0j)
2332,09.05.2018,04:00,2.0,(3.585391514230274+0j)
2333,09.05.2018,05:00,2.0,(3.585391514230274+0j)
2334,09.05.2018,06:00,1.0,(2.845727130703496+0j)
2335,09.05.2018,07:00,0.0,0j
2336,09.05.2018,08:00,0.0,0j
2337,09.05.2018,09:00,0.0,0j
2338,09.05.2018,10:00,1.0,(2.845727130703496+0j)
2339,09.05.2018,11:00,1.0,(2.845727130703496+0j)
2340,09.05.2018,12:00,3.0,(4.1042487314692515+0j)
2341,09.05.2018,13:00,6.0,(5.171029370782441+0j)
2342,09.05.2018,14:00,5.0,(4.866124944308272+0j)
2343,09.05.2018,15:00,10.0,(6.130933248752508+0j)
2344,09.05.2018,16:00,9.0,(5.919350969396254+0j)
2345,09.05.2018,17:00,7.0,(5.443680165984116+0j)
2346,09.05.2018,18:00,10.0,(6.130933248752508+0j)
2347,09.05.2018,19:00,2.0,(3.585391514230274+0j)
2348,09.05.2018,20:00,2.0,(3.585391514230274+0j)
2349,09.05.2018,21:00,2.0,(3.585391514230274+0j)
2350,09.05.2018,22:00,0.0,0j
2351,09.05.2018,23:00,0.0,0j
2352,10.05.2018,00:00,0.0,0j
2353,10.05.2018,01:00,7.0,(5.443680165984116+0j)
2354,10.05.2018,02:00,5.0,(4.866124944308272+0j)
2355,10.05.2018,03:00,0.0,0j
2356,10.05.2018,04:00,0.0,0j
2357,10.05.2018,05:00,0.0,0j
2358,10.05.2018,06:00,1.0,(2.845727130703496+0j)
2359,10.05.2018,07:00,3.0,(4.1042487314692515+0j)
2360,10.05.2018,08:00,0.0,0j
2361,10.05.2018,09:00,1.0,(2.845727130703496+0j)
2362,10.05.2018,10:00,0.0,0j
2363,10.05.2018,11:00,0.0,0j
2364,10.05.2018,12:00,2.0,(3.585391514230274+0j)
2365,10.05.2018,13:00,9.0,(5.919350969396254+0j)
2366,10.05.2018,14:00,12.0,(6.515088753873438+0j)
2367,10.05.2018,15:00,15.0,(7.018166609990766+0j)
2368,10.05.2018,16:00,12.0,(6.515088753873438+0j)
2369,10.05.2018,17:00,12.0,(6.515088753873438+0j)
2370,10.05.2018,18:00,11.0,(6.32884048187752+0j)
2371,10.05.2018,19:00,5.0,(4.866124944308272+0j)
2372,10.05.2018,20:00,9.0,(5.919350969396254+0j)
2373,10.05.2018,21:00,6.0,(5.171029370782441+0j)
2374,10.05.2018,22:00,0.0,0j
2375,10.05.2018,23:00,0.0,0j
2376,11.05.2018,00:00,8.0,(5.691454261406992+0j)
2377,11.05.2018,01:00,2.0,(3.585391514230274+0j)
2378,11.05.2018,02:00,0.0,0j
2379,11.05.2018,03:00,0.0,0j
2380,11.05.2018,04:00,0.0,0j
2381,11.05.2018,05:00,0.0,0j
2382,11.05.2018,06:00,3.0,(4.1042487314692515+0j)
2383,11.05.2018,07:00,6.0,(5.171029370782441+0j)
2384,11.05.2018,08:00,8.0,(5.691454261406992+0j)
2385,11.05.2018,09:00,7.0,(5.443680165984116+0j)
2386,11.05.2018,10:00,7.0,(5.443680165984116+0j)
2387,11.05.2018,11:00,9.0,(5.919350969396254+0j)
2388,11.05.2018,12:00,12.0,(6.515088753873438+0j)
2389,11.05.2018,13:00,9.0,(5.919350969396254+0j)
2390,11.05.2018,14:00,34.0,(9.219051195842558+0j)
2391,11.05.2018,15:00,24.0,(8.208497462938503+0j)
2392,11.05.2018,16:00,14.0,(6.858607230018604+0j)
2393,11.05.2018,17:00,3.0,(4.1042487314692515+0j)
2394,11.05.2018,18:00,52.0,(10.621708264608335+0j)
2395,11.05.2018,19:00,30.0,(8.84233584359671+0j)
2396,11.05.2018,20:00,31.0,(8.939512150377235+0j)
2397,11.05.2018,21:00,25.0,(8.320956608290626+0j)
2398,11.05.2018,22:00,35.0,(9.308562145233848+0j)
2399,11.05.2018,23:00,27.0,(8.537181392110488+0j)
2400,12.05.2018,00:00,37.0,(9.482594128751929+0j)
2401,12.05.2018,01:00,37.0,(9.482594128751929+0j)
2402,12.05.2018,02:00,30.0,(8.84233584359671+0j)
2403,12.05.2018,03:00,31.0,(8.939512150377235+0j)
2404,12.05.2018,04:00,35.0,(9.308562145233848+0j)
2405,12.05.2018,05:00,32.0,(9.034620481786352+0j)
2406,12.05.2018,06:00,32.0,(9.034620481786352+0j)
2407,12.05.2018,07:00,38.0,(9.567264627885733+0j)
2408,12.05.2018,08:00,50.0,(10.483748386047209+0j)
2409,12.05.2018,09:00,52.0,(10.621708264608335+0j)
2410,12.05.2018,10:00,50.0,(10.483748386047209+0j)
2411,12.05.2018,11:00,52.0,(10.621708264608335+0j)
2412,12.05.2018,12:00,59.0,(11.078405520382008+0j)
2413,12.05.2018,13:00,60.0,(11.140645059587433+0j)
2414,12.05.2018,14:00,60.0,(11.140645059587433+0j)
2415,12.05.2018,15:00,51.0,(10.5531792067093+0j)
2416,12.05.2018,16:00,60.0,(11.140645059587433+0j)
2417,12.05.2018,17:00,64.0,(11.382908522813985+0j)
2418,12.05.2018,18:00,62.0,(11.263079534051261+0j)
2419,12.05.2018,19:00,63.0,(11.323311051132062+0j)
2420,12.05.2018,20:00,58.0,(11.015458675840927+0j)
2421,12.05.2018,21:00,56.0,(10.887360331968232+0j)
2422,12.05.2018,22:00,52.0,(10.621708264608335+0j)
2423,12.05.2018,23:00,55.0,(10.822164994364314+0j)
2424,13.05.2018,00:00,53.0,(10.689364281461948+0j)
2425,13.05.2018,01:00,49.0,(10.41338553855059+0j)
2426,13.05.2018,02:00,40.0,(9.732249888616542+0j)
2427,13.05.2018,03:00,40.0,(9.732249888616542+0j)
2428,13.05.2018,04:00,43.0,(9.969714910096506+0j)
2429,13.05.2018,05:00,43.0,(9.969714910096506+0j)
2430,13.05.2018,06:00,43.0,(9.969714910096506+0j)
2431,13.05.2018,07:00,43.0,(9.969714910096506+0j)
2432,13.05.2018,08:00,34.0,(9.219051195842558+0j)
2433,13.05.2018,09:00,39.0,(9.650462409337567+0j)
2434,13.05.2018,10:00,36.0,(9.396383955788593+0j)
2435,13.05.2018,11:00,26.0,(8.430455436469295+0j)
2436,13.05.2018,12:00,20.0,(7.724491855603646+0j)
2437,13.05.2018,13:00,11.0,(6.32884048187752+0j)
2438,13.05.2018,14:00,9.0,(5.919350969396254+0j)
2439,13.05.2018,15:00,7.0,(5.443680165984116+0j)
2440,13.05.2018,16:00,3.0,(4.1042487314692515+0j)
2441,13.05.2018,17:00,5.0,(4.866124944308272+0j)
2442,13.05.2018,18:00,2.0,(3.585391514230274+0j)
2443,13.05.2018,19:00,1.0,(2.845727130703496+0j)
2444,13.05.2018,20:00,0.0,0j
2445,13.05.2018,21:00,1.0,(2.845727130703496+0j)
2446,13.05.2018,22:00,3.0,(4.1042487314692515+0j)
2447,13.05.2018,23:00,3.0,(4.1042487314692515+0j)
2448,14.05.2018,00:00,2.0,(3.585391514230274+0j)
2449,14.05.2018,01:00,0.0,0j
2450,14.05.2018,02:00,0.0,0j
2451,14.05.2018,03:00,0.0,0j
2452,14.05.2018,04:00,0.0,0j
2453,14.05.2018,05:00,0.0,0j
2454,14.05.2018,06:00,0.0,0j
2455,14.05.2018,07:00,0.0,0j
2456,14.05.2018,08:00,0.0,0j
2457,14.05.2018,09:00,0.0,0j
2458,14.05.2018,10:00,0.0,0j
2459,14.05.2018,11:00,0.0,0j
2460,14.05.2018,12:00,0.0,0j
2461,14.05.2018,13:00,1.0,(2.845727130703496+0j)
2462,14.05.2018,14:00,3.0,(4.1042487314692515+0j)
2463,14.05.2018,15:00,1.0,(2.845727130703496+0j)
2464,14.05.2018,16:00,4.0,(4.517310240893176+0j)
2465,14.05.2018,17:00,5.0,(4.866124944308272+0j)
2466,14.05.2018,18:00,7.0,(5.443680165984116+0j)
2467,14.05.2018,19:00,5.0,(4.866124944308272+0j)
2468,14.05.2018,20:00,5.0,(4.866124944308272+0j)
2469,14.05.2018,21:00,5.0,(4.866124944308272+0j)
2470,14.05.2018,22:00,4.0,(4.517310240893176+0j)
2471,14.05.2018,23:00,1.0,(2.845727130703496+0j)
2472,15.05.2018,00:00,0.0,0j
2473,15.05.2018,01:00,0.0,0j
2474,15.05.2018,02:00,0.0,0j
2475,15.05.2018,03:00,0.0,0j
2476,15.05.2018,04:00,0.0,0j
2477,15.05.2018,05:00,0.0,0j
2478,15.05.2018,06:00,0.0,0j
2479,15.05.2018,07:00,0.0,0j
2480,15.05.2018,08:00,0.0,0j
2481,15.05.2018,09:00,0.0,0j
2482,15.05.2018,10:00,0.0,0j
2483,15.05.2018,11:00,0.0,0j
2484,15.05.2018,12:00,0.0,0j
2485,15.05.2018,13:00,0.0,0j
2486,15.05.2018,14:00,6.0,(5.171029370782441+0j)
2487,15.05.2018,15:00,10.0,(6.130933248752508+0j)
2488,15.05.2018,16:00,5.0,(4.866124944308272+0j)
2489,15.05.2018,17:00,5.0,(4.866124944308272+0j)
2490,15.05.2018,18:00,2.0,(3.585391514230274+0j)
2491,15.05.2018,19:00,5.0,(4.866124944308272+0j)
2492,15.05.2018,20:00,3.0,(4.1042487314692515+0j)
2493,15.05.2018,21:00,7.0,(5.443680165984116+0j)
2494,15.05.2018,22:00,11.0,(6.32884048187752+0j)
2495,15.05.2018,23:00,18.0,(7.457914888057963+0j)
2496,16.05.2018,00:00,6.0,(5.171029370782441+0j)
2497,16.05.2018,01:00,2.0,(3.585391514230274+0j)
2498,16.05.2018,02:00,1.0,(2.845727130703496+0j)
2499,16.05.2018,03:00,0.0,0j
2500,16.05.2018,04:00,2.0,(3.585391514230274+0j)
2501,16.05.2018,05:00,3.0,(4.1042487314692515+0j)
2502,16.05.2018,06:00,7.0,(5.443680165984116+0j)
2503,16.05.2018,07:00,9.0,(5.919350969396254+0j)
2504,16.05.2018,08:00,3.0,(4.1042487314692515+0j)
2505,16.05.2018,09:00,1.0,(2.845727130703496+0j)
2506,16.05.2018,10:00,0.0,0j
2507,16.05.2018,11:00,1.0,(2.845727130703496+0j)
2508,16.05.2018,12:00,4.0,(4.517310240893176+0j)
2509,16.05.2018,13:00,4.0,(4.517310240893176+0j)
2510,16.05.2018,14:00,7.0,(5.443680165984116+0j)
2511,16.05.2018,15:00,11.0,(6.32884048187752+0j)
2512,16.05.2018,16:00,8.0,(5.691454261406992+0j)
2513,16.05.2018,17:00,10.0,(6.130933248752508+0j)
2514,16.05.2018,18:00,6.0,(5.171029370782441+0j)
2515,16.05.2018,19:00,8.0,(5.691454261406992+0j)
2516,16.05.2018,20:00,5.0,(4.866124944308272+0j)
2517,16.05.2018,21:00,2.0,(3.585391514230274+0j)
2518,16.05.2018,22:00,4.0,(4.517310240893176+0j)
2519,16.05.2018,23:00,2.0,(3.585391514230274+0j)
2520,17.05.2018,00:00,0.0,0j
2521,17.05.2018,01:00,0.0,0j
2522,17.05.2018,02:00,3.0,(4.1042487314692515+0j)
2523,17.05.2018,03:00,10.0,(6.130933248752508+0j)
2524,17.05.2018,04:00,10.0,(6.130933248752508+0j)
2525,17.05.2018,05:00,15.0,(7.018166609990766+0j)
2526,17.05.2018,06:00,12.0,(6.515088753873438+0j)
2527,17.05.2018,07:00,12.0,(6.515088753873438+0j)
2528,17.05.2018,08:00,7.0,(5.443680165984116+0j)
2529,17.05.2018,09:00,5.0,(4.866124944308272+0j)
2530,17.05.2018,10:00,3.0,(4.1042487314692515+0j)
2531,17.05.2018,11:00,5.0,(4.866124944308272+0j)
2532,17.05.2018,12:00,13.0,(6.691256914211192+0j)
2533,17.05.2018,13:00,4.0,(4.517310240893176+0j)
2534,17.05.2018,14:00,7.0,(5.443680165984116+0j)
2535,17.05.2018,15:00,28.0,(8.641303622061608+0j)
2536,17.05.2018,16:00,14.0,(6.858607230018604+0j)
2537,17.05.2018,17:00,9.0,(5.919350969396254+0j)
2538,17.05.2018,18:00,3.0,(4.1042487314692515+0j)
2539,17.05.2018,19:00,0.0,0j
2540,17.05.2018,20:00,0.0,0j
2541,17.05.2018,21:00,0.0,0j
2542,17.05.2018,22:00,1.0,(2.845727130703496+0j)
2543,17.05.2018,23:00,0.0,0j
2544,18.05.2018,00:00,5.0,(4.866124944308272+0j)
2545,18.05.2018,01:00,16.0,(7.170783028460548+0j)
2546,18.05.2018,02:00,0.0,0j
2547,18.05.2018,03:00,0.0,0j
2548,18.05.2018,04:00,1.0,(2.845727130703496+0j)
2549,18.05.2018,05:00,1.0,(2.845727130703496+0j)
2550,18.05.2018,06:00,0.0,0j
2551,18.05.2018,07:00,0.0,0j
2552,18.05.2018,08:00,2.0,(3.585391514230274+0j)
2553,18.05.2018,09:00,0.0,0j
2554,18.05.2018,10:00,7.0,(5.443680165984116+0j)
2555,18.05.2018,11:00,9.0,(5.919350969396254+0j)
2556,18.05.2018,12:00,7.0,(5.443680165984116+0j)
2557,18.05.2018,13:00,10.0,(6.130933248752508+0j)
2558,18.05.2018,14:00,6.0,(5.171029370782441+0j)
2559,18.05.2018,15:00,5.0,(4.866124944308272+0j)
2560,18.05.2018,16:00,7.0,(5.443680165984116+0j)
2561,18.05.2018,17:00,2.0,(3.585391514230274+0j)
2562,18.05.2018,18:00,4.0,(4.517310240893176+0j)
2563,18.05.2018,19:00,4.0,(4.517310240893176+0j)
2564,18.05.2018,20:00,3.0,(4.1042487314692515+0j)
2565,18.05.2018,21:00,0.0,0j
2566,18.05.2018,22:00,0.0,0j
2567,18.05.2018,23:00,0.0,0j
2568,19.05.2018,00:00,0.0,0j
2569,19.05.2018,01:00,0.0,0j
2570,19.05.2018,02:00,0.0,0j
2571,19.05.2018,03:00,0.0,0j
2572,19.05.2018,04:00,3.0,(4.1042487314692515+0j)
2573,19.05.2018,05:00,2.0,(3.585391514230274+0j)
2574,19.05.2018,06:00,2.0,(3.585391514230274+0j)
2575,19.05.2018,07:00,2.0,(3.585391514230274+0j)
2576,19.05.2018,08:00,1.0,(2.845727130703496+0j)
2577,19.05.2018,09:00,5.0,(4.866124944308272+0j)
2578,19.05.2018,10:00,2.0,(3.585391514230274+0j)
2579,19.05.2018,11:00,7.0,(5.443680165984116+0j)
2580,19.05.2018,12:00,12.0,(6.515088753873438+0j)
2581,19.05.2018,13:00,9.0,(5.919350969396254+0j)
2582,19.05.2018,14:00,15.0,(7.018166609990766+0j)
2583,19.05.2018,15:00,10.0,(6.130933248752508+0j)
2584,19.05.2018,16:00,22.0,(7.9738393445443+0j)
2585,19.05.2018,17:00,11.0,(6.32884048187752+0j)
2586,19.05.2018,18:00,12.0,(6.515088753873438+0j)
2587,19.05.2018,19:00,10.0,(6.130933248752508+0j)
2588,19.05.2018,20:00,6.0,(5.171029370782441+0j)
2589,19.05.2018,21:00,5.0,(4.866124944308272+0j)
2590,19.05.2018,22:00,4.0,(4.517310240893176+0j)
2591,19.05.2018,23:00,3.0,(4.1042487314692515+0j)
2592,20.05.2018,00:00,1.0,(2.845727130703496+0j)
2593,20.05.2018,01:00,0.0,0j
2594,20.05.2018,02:00,0.0,0j
2595,20.05.2018,03:00,0.0,0j
2596,20.05.2018,04:00,0.0,0j
2597,20.05.2018,05:00,0.0,0j
2598,20.05.2018,06:00,0.0,0j
2599,20.05.2018,07:00,0.0,0j
2600,20.05.2018,08:00,0.0,0j
2601,20.05.2018,09:00,1.0,(2.845727130703496+0j)
2602,20.05.2018,10:00,2.0,(3.585391514230274+0j)
2603,20.05.2018,11:00,2.0,(3.585391514230274+0j)
2604,20.05.2018,12:00,7.0,(5.443680165984116+0j)
2605,20.05.2018,13:00,10.0,(6.130933248752508+0j)
2606,20.05.2018,14:00,21.0,(7.851145380281553+0j)
2607,20.05.2018,15:00,19.0,(7.593542967381978+0j)
2608,20.05.2018,16:00,24.0,(8.208497462938503+0j)
2609,20.05.2018,17:00,25.0,(8.320956608290626+0j)
2610,20.05.2018,18:00,35.0,(9.308562145233848+0j)
2611,20.05.2018,19:00,35.0,(9.308562145233848+0j)
2612,20.05.2018,20:00,38.0,(9.567264627885733+0j)
2613,20.05.2018,21:00,33.0,(9.127767465531983+0j)
2614,20.05.2018,22:00,25.0,(8.320956608290626+0j)
2615,20.05.2018,23:00,30.0,(8.84233584359671+0j)
2616,21.05.2018,00:00,24.0,(8.208497462938503+0j)
2617,21.05.2018,01:00,23.0,(8.092869420675413+0j)
2618,21.05.2018,02:00,13.0,(6.691256914211192+0j)
2619,21.05.2018,03:00,12.0,(6.515088753873438+0j)
2620,21.05.2018,04:00,15.0,(7.018166609990766+0j)
2621,21.05.2018,05:00,14.0,(6.858607230018604+0j)
2622,21.05.2018,06:00,12.0,(6.515088753873438+0j)
2623,21.05.2018,07:00,17.0,(7.317165783214581+0j)
2624,21.05.2018,08:00,16.0,(7.170783028460548+0j)
2625,21.05.2018,09:00,9.0,(5.919350969396254+0j)
2626,21.05.2018,10:00,8.0,(5.691454261406992+0j)
2627,21.05.2018,11:00,6.0,(5.171029370782441+0j)
2628,21.05.2018,12:00,6.0,(5.171029370782441+0j)
2629,21.05.2018,13:00,11.0,(6.32884048187752+0j)
2630,21.05.2018,14:00,12.0,(6.515088753873438+0j)
2631,21.05.2018,15:00,12.0,(6.515088753873438+0j)
2632,21.05.2018,16:00,18.0,(7.457914888057963+0j)
2633,21.05.2018,17:00,27.0,(8.537181392110488+0j)
2634,21.05.2018,18:00,33.0,(9.127767465531983+0j)
2635,21.05.2018,19:00,32.0,(9.034620481786352+0j)
2636,21.05.2018,20:00,33.0,(9.127767465531983+0j)
2637,21.05.2018,21:00,30.0,(8.84233584359671+0j)
2638,21.05.2018,22:00,30.0,(8.84233584359671+0j)
2639,21.05.2018,23:00,15.0,(7.018166609990766+0j)
2640,22.05.2018,00:00,12.0,(6.515088753873438+0j)
2641,22.05.2018,01:00,9.0,(5.919350969396254+0j)
2642,22.05.2018,02:00,11.0,(6.32884048187752+0j)
2643,22.05.2018,03:00,10.0,(6.130933248752508+0j)
2644,22.05.2018,04:00,5.0,(4.866124944308272+0j)
2645,22.05.2018,05:00,15.0,(7.018166609990766+0j)
2646,22.05.2018,06:00,17.0,(7.317165783214581+0j)
2647,22.05.2018,07:00,16.0,(7.170783028460548+0j)
2648,22.05.2018,08:00,12.0,(6.515088753873438+0j)
2649,22.05.2018,09:00,7.0,(5.443680165984116+0j)
2650,22.05.2018,10:00,12.0,(6.515088753873438+0j)
2651,22.05.2018,11:00,14.0,(6.858607230018604+0j)
2652,22.05.2018,12:00,10.0,(6.130933248752508+0j)
2653,22.05.2018,13:00,17.0,(7.317165783214581+0j)
2654,22.05.2018,14:00,16.0,(7.170783028460548+0j)
2655,22.05.2018,15:00,25.0,(8.320956608290626+0j)
2656,22.05.2018,16:00,29.0,(8.74297534497106+0j)
2657,22.05.2018,17:00,31.0,(8.939512150377235+0j)
2658,22.05.2018,18:00,34.0,(9.219051195842558+0j)
2659,22.05.2018,19:00,33.0,(9.127767465531983+0j)
2660,22.05.2018,20:00,32.0,(9.034620481786352+0j)
2661,22.05.2018,21:00,30.0,(8.84233584359671+0j)
2662,22.05.2018,22:00,38.0,(9.567264627885733+0j)
2663,22.05.2018,23:00,28.0,(8.641303622061608+0j)
2664,23.05.2018,00:00,32.0,(9.034620481786352+0j)
2665,23.05.2018,01:00,27.0,(8.537181392110488+0j)
2666,23.05.2018,02:00,19.0,(7.593542967381978+0j)
2667,23.05.2018,03:00,23.0,(8.092869420675413+0j)
2668,23.05.2018,04:00,15.0,(7.018166609990766+0j)
2669,23.05.2018,05:00,14.0,(6.858607230018604+0j)
2670,23.05.2018,06:00,24.0,(8.208497462938503+0j)
2671,23.05.2018,07:00,24.0,(8.208497462938503+0j)
2672,23.05.2018,08:00,10.0,(6.130933248752508+0j)
2673,23.05.2018,09:00,3.0,(4.1042487314692515+0j)
2674,23.05.2018,10:00,4.0,(4.517310240893176+0j)
2675,23.05.2018,11:00,2.0,(3.585391514230274+0j)
2676,23.05.2018,12:00,1.0,(2.845727130703496+0j)
2677,23.05.2018,13:00,4.0,(4.517310240893176+0j)
2678,23.05.2018,14:00,1.0,(2.845727130703496+0j)
2679,23.05.2018,15:00,1.0,(2.845727130703496+0j)
2680,23.05.2018,16:00,3.0,(4.1042487314692515+0j)
2681,23.05.2018,17:00,1.0,(2.845727130703496+0j)
2682,23.05.2018,18:00,4.0,(4.517310240893176+0j)
2683,23.05.2018,19:00,1.0,(2.845727130703496+0j)
2684,23.05.2018,20:00,0.0,0j
2685,23.05.2018,21:00,0.0,0j
2686,23.05.2018,22:00,0.0,0j
2687,23.05.2018,23:00,0.0,0j
2688,24.05.2018,00:00,0.0,0j
2689,24.05.2018,01:00,0.0,0j
2690,24.05.2018,02:00,1.0,(2.845727130703496+0j)
2691,24.05.2018,03:00,0.0,0j
2692,24.05.2018,04:00,0.0,0j
2693,24.05.2018,05:00,0.0,0j
2694,24.05.2018,06:00,0.0,0j
2695,24.05.2018,07:00,0.0,0j
2696,24.05.2018,08:00,0.0,0j
2697,24.05.2018,09:00,0.0,0j
2698,24.05.2018,10:00,0.0,0j
2699,24.05.2018,11:00,0.0,0j
2700,24.05.2018,12:00,2.0,(3.585391514230274+0j)
2701,24.05.2018,13:00,1.0,(2.845727130703496+0j)
2702,24.05.2018,14:00,9.0,(5.919350969396254+0j)
2703,24.05.2018,15:00,19.0,(7.593542967381978+0j)
2704,24.05.2018,16:00,10.0,(6.130933248752508+0j)
2705,24.05.2018,17:00,0.0,0j
2706,24.05.2018,18:00,12.0,(6.515088753873438+0j)
2707,24.05.2018,19:00,6.0,(5.171029370782441+0j)
2708,24.05.2018,20:00,3.0,(4.1042487314692515+0j)
2709,24.05.2018,21:00,7.0,(5.443680165984116+0j)
2710,24.05.2018,22:00,1.0,(2.845727130703496+0j)
2711,24.05.2018,23:00,3.0,(4.1042487314692515+0j)
2712,25.05.2018,00:00,7.0,(5.443680165984116+0j)
2713,25.05.2018,01:00,5.0,(4.866124944308272+0j)
2714,25.05.2018,02:00,0.0,0j
2715,25.05.2018,03:00,2.0,(3.585391514230274+0j)
2716,25.05.2018,04:00,14.0,(6.858607230018604+0j)
2717,25.05.2018,05:00,24.0,(8.208497462938503+0j)
2718,25.05.2018,06:00,33.0,(9.127767465531983+0j)
2719,25.05.2018,07:00,49.0,(10.41338553855059+0j)
2720,25.05.2018,08:00,49.0,(10.41338553855059+0j)
2721,25.05.2018,09:00,14.0,(6.858607230018604+0j)
2722,25.05.2018,10:00,24.0,(8.208497462938503+0j)
2723,25.05.2018,11:00,36.0,(9.396383955788593+0j)
2724,25.05.2018,12:00,48.0,(10.34205874156488+0j)
2725,25.05.2018,13:00,57.0,(10.9517840818175+0j)
2726,25.05.2018,14:00,48.0,(10.34205874156488+0j)
2727,25.05.2018,15:00,43.0,(9.969714910096506+0j)
2728,25.05.2018,16:00,46.0,(10.19637653715948+0j)
2729,25.05.2018,17:00,44.0,(10.0464080386713+0j)
2730,25.05.2018,18:00,48.0,(10.34205874156488+0j)
2731,25.05.2018,19:00,44.0,(10.0464080386713+0j)
2732,25.05.2018,20:00,45.0,(10.121947777604984+0j)
2733,25.05.2018,21:00,34.0,(9.219051195842558+0j)
2734,25.05.2018,22:00,28.0,(8.641303622061608+0j)
2735,25.05.2018,23:00,29.0,(8.74297534497106+0j)
2736,26.05.2018,00:00,40.0,(9.732249888616542+0j)
2737,26.05.2018,01:00,48.0,(10.34205874156488+0j)
2738,26.05.2018,02:00,50.0,(10.483748386047209+0j)
2739,26.05.2018,03:00,41.0,(9.812685353516676+0j)
2740,26.05.2018,04:00,50.0,(10.483748386047209+0j)
2741,26.05.2018,05:00,51.0,(10.5531792067093+0j)
2742,26.05.2018,06:00,49.0,(10.41338553855059+0j)
2743,26.05.2018,07:00,55.0,(10.822164994364314+0j)
2744,26.05.2018,08:00,60.0,(11.140645059587433+0j)
2745,26.05.2018,09:00,56.0,(10.887360331968232+0j)
2746,26.05.2018,10:00,52.0,(10.621708264608335+0j)
2747,26.05.2018,11:00,56.0,(10.887360331968232+0j)
2748,26.05.2018,12:00,63.0,(11.323311051132062+0j)
2749,26.05.2018,13:00,62.0,(11.263079534051261+0j)
2750,26.05.2018,14:00,66.0,(11.500266368369322+0j)
2751,26.05.2018,15:00,65.0,(11.441888376335278+0j)
2752,26.05.2018,16:00,64.0,(11.382908522813985+0j)
2753,26.05.2018,17:00,66.0,(11.500266368369322+0j)
2754,26.05.2018,18:00,66.0,(11.500266368369322+0j)
2755,26.05.2018,19:00,65.0,(11.441888376335278+0j)
2756,26.05.2018,20:00,62.0,(11.263079534051261+0j)
2757,26.05.2018,21:00,62.0,(11.263079534051261+0j)
2758,26.05.2018,22:00,55.0,(10.822164994364314+0j)
2759,26.05.2018,23:00,62.0,(11.263079534051261+0j)
2760,27.05.2018,00:00,56.0,(10.887360331968232+0j)
2761,27.05.2018,01:00,49.0,(10.41338553855059+0j)
2762,27.05.2018,02:00,48.0,(10.34205874156488+0j)
2763,27.05.2018,03:00,37.0,(9.482594128751929+0j)
2764,27.05.2018,04:00,54.0,(10.756174542690822+0j)
2765,27.05.2018,05:00,57.0,(10.9517840818175+0j)
2766,27.05.2018,06:00,55.0,(10.822164994364314+0j)
2767,27.05.2018,07:00,58.0,(11.015458675840927+0j)
2768,27.05.2018,08:00,56.0,(10.887360331968232+0j)
2769,27.05.2018,09:00,49.0,(10.41338553855059+0j)
2770,27.05.2018,10:00,44.0,(10.0464080386713+0j)
2771,27.05.2018,11:00,51.0,(10.5531792067093+0j)
2772,27.05.2018,12:00,40.0,(9.732249888616542+0j)
2773,27.05.2018,13:00,20.0,(7.724491855603646+0j)
2774,27.05.2018,14:00,28.0,(8.641303622061608+0j)
2775,27.05.2018,15:00,26.0,(8.430455436469295+0j)
2776,27.05.2018,16:00,50.0,(10.483748386047209+0j)
2777,27.05.2018,17:00,63.0,(11.323311051132062+0j)
2778,27.05.2018,18:00,63.0,(11.323311051132062+0j)
2779,27.05.2018,19:00,60.0,(11.140645059587433+0j)
2780,27.05.2018,20:00,58.0,(11.015458675840927+0j)
2781,27.05.2018,21:00,50.0,(10.483748386047209+0j)
2782,27.05.2018,22:00,57.0,(10.9517840818175+0j)
2783,27.05.2018,23:00,53.0,(10.689364281461948+0j)
2784,28.05.2018,00:00,59.0,(11.078405520382008+0j)
2785,28.05.2018,01:00,62.0,(11.263079534051261+0j)
2786,28.05.2018,02:00,50.0,(10.483748386047209+0j)
2787,28.05.2018,03:00,41.0,(9.812685353516676+0j)
2788,28.05.2018,04:00,52.0,(10.621708264608335+0j)
2789,28.05.2018,05:00,62.0,(11.263079534051261+0j)
2790,28.05.2018,06:00,62.0,(11.263079534051261+0j)
2791,28.05.2018,07:00,61.0,(11.202196833891742+0j)
2792,28.05.2018,08:00,58.0,(11.015458675840927+0j)
2793,28.05.2018,09:00,59.0,(11.078405520382008+0j)
2794,28.05.2018,10:00,62.0,(11.263079534051261+0j)
2795,28.05.2018,11:00,60.0,(11.140645059587433+0j)
2796,28.05.2018,12:00,60.0,(11.140645059587433+0j)
2797,28.05.2018,13:00,62.0,(11.263079534051261+0j)
2798,28.05.2018,14:00,60.0,(11.140645059587433+0j)
2799,28.05.2018,15:00,56.0,(10.887360331968232+0j)
2800,28.05.2018,16:00,61.0,(11.202196833891742+0j)
2801,28.05.2018,17:00,62.0,(11.263079534051261+0j)
2802,28.05.2018,18:00,63.0,(11.323311051132062+0j)
2803,28.05.2018,19:00,62.0,(11.263079534051261+0j)
2804,28.05.2018,20:00,61.0,(11.202196833891742+0j)
2805,28.05.2018,21:00,57.0,(10.9517840818175+0j)
2806,28.05.2018,22:00,58.0,(11.015458675840927+0j)
2807,28.05.2018,23:00,52.0,(10.621708264608335+0j)
2808,29.05.2018,00:00,49.0,(10.41338553855059+0j)
2809,29.05.2018,01:00,50.0,(10.483748386047209+0j)
2810,29.05.2018,02:00,53.0,(10.689364281461948+0j)
2811,29.05.2018,03:00,47.0,(10.269734286241032+0j)
2812,29.05.2018,04:00,37.0,(9.482594128751929+0j)
2813,29.05.2018,05:00,48.0,(10.34205874156488+0j)
2814,29.05.2018,06:00,51.0,(10.5531792067093+0j)
2815,29.05.2018,07:00,43.0,(9.969714910096506+0j)
2816,29.05.2018,08:00,40.0,(9.732249888616542+0j)
2817,29.05.2018,09:00,45.0,(10.121947777604984+0j)
2818,29.05.2018,10:00,47.0,(10.269734286241032+0j)
2819,29.05.2018,11:00,43.0,(9.969714910096506+0j)
2820,29.05.2018,12:00,45.0,(10.121947777604984+0j)
2821,29.05.2018,13:00,50.0,(10.483748386047209+0j)
2822,29.05.2018,14:00,57.0,(10.9517840818175+0j)
2823,29.05.2018,15:00,55.0,(10.822164994364314+0j)
2824,29.05.2018,16:00,60.0,(11.140645059587433+0j)
2825,29.05.2018,17:00,62.0,(11.263079534051261+0j)
2826,29.05.2018,18:00,62.0,(11.263079534051261+0j)
2827,29.05.2018,19:00,61.0,(11.202196833891742+0j)
2828,29.05.2018,20:00,50.0,(10.483748386047209+0j)
2829,29.05.2018,21:00,59.0,(11.078405520382008+0j)
2830,29.05.2018,22:00,56.0,(10.887360331968232+0j)
2831,29.05.2018,23:00,52.0,(10.621708264608335+0j)
2832,30.05.2018,00:00,41.0,(9.812685353516676+0j)
2833,30.05.2018,01:00,45.0,(10.121947777604984+0j)
2834,30.05.2018,02:00,40.0,(9.732249888616542+0j)
2835,30.05.2018,03:00,43.0,(9.969714910096506+0j)
2836,30.05.2018,04:00,47.0,(10.269734286241032+0j)
2837,30.05.2018,05:00,47.0,(10.269734286241032+0j)
2838,30.05.2018,06:00,51.0,(10.5531792067093+0j)
2839,30.05.2018,07:00,40.0,(9.732249888616542+0j)
2840,30.05.2018,08:00,43.0,(9.969714910096506+0j)
2841,30.05.2018,09:00,53.0,(10.689364281461948+0j)
2842,30.05.2018,10:00,50.0,(10.483748386047209+0j)
2843,30.05.2018,11:00,50.0,(10.483748386047209+0j)
2844,30.05.2018,12:00,50.0,(10.483748386047209+0j)
2845,30.05.2018,13:00,52.0,(10.621708264608335+0j)
2846,30.05.2018,14:00,53.0,(10.689364281461948+0j)
2847,30.05.2018,15:00,61.0,(11.202196833891742+0j)
2848,30.05.2018,16:00,63.0,(11.323311051132062+0j)
2849,30.05.2018,17:00,63.0,(11.323311051132062+0j)
2850,30.05.2018,18:00,62.0,(11.263079534051261+0j)
2851,30.05.2018,19:00,60.0,(11.140645059587433+0j)
2852,30.05.2018,20:00,56.0,(10.887360331968232+0j)
2853,30.05.2018,21:00,52.0,(10.621708264608335+0j)
2854,30.05.2018,22:00,47.0,(10.269734286241032+0j)
2855,30.05.2018,23:00,43.0,(9.969714910096506+0j)
2856,31.05.2018,00:00,46.0,(10.19637653715948+0j)
2857,31.05.2018,01:00,40.0,(9.732249888616542+0j)
2858,31.05.2018,02:00,43.0,(9.969714910096506+0j)
2859,31.05.2018,03:00,37.0,(9.482594128751929+0j)
2860,31.05.2018,04:00,44.0,(10.0464080386713+0j)
2861,31.05.2018,05:00,57.0,(10.9517840818175+0j)
2862,31.05.2018,06:00,51.0,(10.5531792067093+0j)
2863,31.05.2018,07:00,52.0,(10.621708264608335+0j)
2864,31.05.2018,08:00,61.0,(11.202196833891742+0j)
2865,31.05.2018,09:00,60.0,(11.140645059587433+0j)
2866,31.05.2018,10:00,54.0,(10.756174542690822+0j)
2867,31.05.2018,11:00,49.0,(10.41338553855059+0j)
2868,31.05.2018,12:00,50.0,(10.483748386047209+0j)
2869,31.05.2018,13:00,55.0,(10.822164994364314+0j)
2870,31.05.2018,14:00,55.0,(10.822164994364314+0j)
2871,31.05.2018,15:00,52.0,(10.621708264608335+0j)
2872,31.05.2018,16:00,55.0,(10.822164994364314+0j)
2873,31.05.2018,17:00,59.0,(11.078405520382008+0j)
2874,31.05.2018,18:00,57.0,(10.9517840818175+0j)
2875,31.05.2018,19:00,61.0,(11.202196833891742+0j)
2876,31.05.2018,20:00,55.0,(10.822164994364314+0j)
2877,31.05.2018,21:00,50.0,(10.483748386047209+0j)
2878,31.05.2018,22:00,46.0,(10.19637653715948+0j)
2879,31.05.2018,23:00,37.0,(9.482594128751929+0j)
2880,01.06.2018,00:00,28.0,(8.641303622061608+0j)
2881,01.06.2018,01:00,36.0,(9.396383955788593+0j)
2882,01.06.2018,02:00,39.0,(9.650462409337567+0j)
2883,01.06.2018,03:00,35.0,(9.308562145233848+0j)
2884,01.06.2018,04:00,41.0,(9.812685353516676+0j)
2885,01.06.2018,05:00,40.0,(9.732249888616542+0j)
2886,01.06.2018,06:00,39.0,(9.650462409337567+0j)
2887,01.06.2018,07:00,51.0,(10.5531792067093+0j)
2888,01.06.2018,08:00,49.0,(10.41338553855059+0j)
2889,01.06.2018,09:00,53.0,(10.689364281461948+0j)
2890,01.06.2018,10:00,53.0,(10.689364281461948+0j)
2891,01.06.2018,11:00,50.0,(10.483748386047209+0j)
2892,01.06.2018,12:00,60.0,(11.140645059587433+0j)
2893,01.06.2018,13:00,60.0,(11.140645059587433+0j)
2894,01.06.2018,14:00,57.0,(10.9517840818175+0j)
2895,01.06.2018,15:00,51.0,(10.5531792067093+0j)
2896,01.06.2018,16:00,42.0,(9.891823330401618+0j)
2897,01.06.2018,17:00,57.0,(10.9517840818175+0j)
2898,01.06.2018,18:00,54.0,(10.756174542690822+0j)
2899,01.06.2018,19:00,47.0,(10.269734286241032+0j)
2900,01.06.2018,20:00,42.0,(9.891823330401618+0j)
2901,01.06.2018,21:00,48.0,(10.34205874156488+0j)
2902,01.06.2018,22:00,38.0,(9.567264627885733+0j)
2903,01.06.2018,23:00,36.0,(9.396383955788593+0j)
2904,02.06.2018,00:00,31.0,(8.939512150377235+0j)
2905,02.06.2018,01:00,35.0,(9.308562145233848+0j)
2906,02.06.2018,02:00,34.0,(9.219051195842558+0j)
2907,02.06.2018,03:00,26.0,(8.430455436469295+0j)
2908,02.06.2018,04:00,21.0,(7.851145380281553+0j)
2909,02.06.2018,05:00,21.0,(7.851145380281553+0j)
2910,02.06.2018,06:00,21.0,(7.851145380281553+0j)
2911,02.06.2018,07:00,26.0,(8.430455436469295+0j)
2912,02.06.2018,08:00,24.0,(8.208497462938503+0j)
2913,02.06.2018,09:00,24.0,(8.208497462938503+0j)
2914,02.06.2018,10:00,17.0,(7.317165783214581+0j)
2915,02.06.2018,11:00,28.0,(8.641303622061608+0j)
2916,02.06.2018,12:00,23.0,(8.092869420675413+0j)
2917,02.06.2018,13:00,33.0,(9.127767465531983+0j)
2918,02.06.2018,14:00,30.0,(8.84233584359671+0j)
2919,02.06.2018,15:00,32.0,(9.034620481786352+0j)
2920,02.06.2018,16:00,44.0,(10.0464080386713+0j)
2921,02.06.2018,17:00,44.0,(10.0464080386713+0j)
2922,02.06.2018,18:00,42.0,(9.891823330401618+0j)
2923,02.06.2018,19:00,44.0,(10.0464080386713+0j)
2924,02.06.2018,20:00,45.0,(10.121947777604984+0j)
2925,02.06.2018,21:00,46.0,(10.19637653715948+0j)
2926,02.06.2018,22:00,37.0,(9.482594128751929+0j)
2927,02.06.2018,23:00,43.0,(9.969714910096506+0j)
2928,03.06.2018,00:00,40.0,(9.732249888616542+0j)
2929,03.06.2018,01:00,33.0,(9.127767465531983+0j)
2930,03.06.2018,02:00,39.0,(9.650462409337567+0j)
2931,03.06.2018,03:00,38.0,(9.567264627885733+0j)
2932,03.06.2018,04:00,33.0,(9.127767465531983+0j)
2933,03.06.2018,05:00,34.0,(9.219051195842558+0j)
2934,03.06.2018,06:00,41.0,(9.812685353516676+0j)
2935,03.06.2018,07:00,37.0,(9.482594128751929+0j)
2936,03.06.2018,08:00,32.0,(9.034620481786352+0j)
2937,03.06.2018,09:00,20.0,(7.724491855603646+0j)
2938,03.06.2018,10:00,14.0,(6.858607230018604+0j)
2939,03.06.2018,11:00,15.0,(7.018166609990766+0j)
2940,03.06.2018,12:00,31.0,(8.939512150377235+0j)
2941,03.06.2018,13:00,24.0,(8.208497462938503+0j)
2942,03.06.2018,14:00,18.0,(7.457914888057963+0j)
2943,03.06.2018,15:00,11.0,(6.32884048187752+0j)
2944,03.06.2018,16:00,12.0,(6.515088753873438+0j)
2945,03.06.2018,17:00,13.0,(6.691256914211192+0j)
2946,03.06.2018,18:00,20.0,(7.724491855603646+0j)
2947,03.06.2018,19:00,24.0,(8.208497462938503+0j)
2948,03.06.2018,20:00,33.0,(9.127767465531983+0j)
2949,03.06.2018,21:00,26.0,(8.430455436469295+0j)
2950,03.06.2018,22:00,30.0,(8.84233584359671+0j)
2951,03.06.2018,23:00,28.0,(8.641303622061608+0j)
2952,04.06.2018,00:00,37.0,(9.482594128751929+0j)
2953,04.06.2018,01:00,37.0,(9.482594128751929+0j)
2954,04.06.2018,02:00,38.0,(9.567264627885733+0j)
2955,04.06.2018,03:00,38.0,(9.567264627885733+0j)
2956,04.06.2018,04:00,32.0,(9.034620481786352+0j)
2957,04.06.2018,05:00,20.0,(7.724491855603646+0j)
2958,04.06.2018,06:00,22.0,(7.9738393445443+0j)
2959,04.06.2018,07:00,21.0,(7.851145380281553+0j)
2960,04.06.2018,08:00,14.0,(6.858607230018604+0j)
2961,04.06.2018,09:00,14.0,(6.858607230018604+0j)
2962,04.06.2018,10:00,11.0,(6.32884048187752+0j)
2963,04.06.2018,11:00,9.0,(5.919350969396254+0j)
2964,04.06.2018,12:00,8.0,(5.691454261406992+0j)
2965,04.06.2018,13:00,8.0,(5.691454261406992+0j)
2966,04.06.2018,14:00,3.0,(4.1042487314692515+0j)
2967,04.06.2018,15:00,7.0,(5.443680165984116+0j)
2968,04.06.2018,16:00,10.0,(6.130933248752508+0j)
2969,04.06.2018,17:00,11.0,(6.32884048187752+0j)
2970,04.06.2018,18:00,11.0,(6.32884048187752+0j)
2971,04.06.2018,19:00,6.0,(5.171029370782441+0j)
2972,04.06.2018,20:00,5.0,(4.866124944308272+0j)
2973,04.06.2018,21:00,5.0,(4.866124944308272+0j)
2974,04.06.2018,22:00,0.0,0j
2975,04.06.2018,23:00,0.0,0j
2976,05.06.2018,00:00,0.0,0j
2977,05.06.2018,01:00,0.0,0j
2978,05.06.2018,02:00,0.0,0j
2979,05.06.2018,03:00,0.0,0j
2980,05.06.2018,04:00,0.0,0j
2981,05.06.2018,05:00,0.0,0j
2982,05.06.2018,06:00,0.0,0j
2983,05.06.2018,07:00,0.0,0j
2984,05.06.2018,08:00,0.0,0j
2985,05.06.2018,09:00,0.0,0j
2986,05.06.2018,10:00,0.0,0j
2987,05.06.2018,11:00,0.0,0j
2988,05.06.2018,12:00,4.0,(4.517310240893176+0j)
2989,05.06.2018,13:00,10.0,(6.130933248752508+0j)
2990,05.06.2018,14:00,14.0,(6.858607230018604+0j)
2991,05.06.2018,15:00,13.0,(6.691256914211192+0j)
2992,05.06.2018,16:00,10.0,(6.130933248752508+0j)
2993,05.06.2018,17:00,10.0,(6.130933248752508+0j)
2994,05.06.2018,18:00,5.0,(4.866124944308272+0j)
2995,05.06.2018,19:00,2.0,(3.585391514230274+0j)
2996,05.06.2018,20:00,0.0,0j
2997,05.06.2018,21:00,0.0,0j
2998,05.06.2018,22:00,0.0,0j
2999,05.06.2018,23:00,0.0,0j
3000,06.06.2018,00:00,0.0,0j
3001,06.06.2018,01:00,0.0,0j
3002,06.06.2018,02:00,1.0,(2.845727130703496+0j)
3003,06.06.2018,03:00,0.0,0j
3004,06.06.2018,04:00,0.0,0j
3005,06.06.2018,05:00,0.0,0j
3006,06.06.2018,06:00,0.0,0j
3007,06.06.2018,07:00,0.0,0j
3008,06.06.2018,08:00,1.0,(2.845727130703496+0j)
3009,06.06.2018,09:00,3.0,(4.1042487314692515+0j)
3010,06.06.2018,10:00,2.0,(3.585391514230274+0j)
3011,06.06.2018,11:00,4.0,(4.517310240893176+0j)
3012,06.06.2018,12:00,5.0,(4.866124944308272+0j)
3013,06.06.2018,13:00,8.0,(5.691454261406992+0j)
3014,06.06.2018,14:00,12.0,(6.515088753873438+0j)
3015,06.06.2018,15:00,28.0,(8.641303622061608+0j)
3016,06.06.2018,16:00,14.0,(6.858607230018604+0j)
3017,06.06.2018,17:00,11.0,(6.32884048187752+0j)
3018,06.06.2018,18:00,8.0,(5.691454261406992+0j)
3019,06.06.2018,19:00,8.0,(5.691454261406992+0j)
3020,06.06.2018,20:00,9.0,(5.919350969396254+0j)
3021,06.06.2018,21:00,5.0,(4.866124944308272+0j)
3022,06.06.2018,22:00,11.0,(6.32884048187752+0j)
3023,06.06.2018,23:00,18.0,(7.457914888057963+0j)
3024,07.06.2018,00:00,10.0,(6.130933248752508+0j)
3025,07.06.2018,01:00,4.0,(4.517310240893176+0j)
3026,07.06.2018,02:00,4.0,(4.517310240893176+0j)
3027,07.06.2018,03:00,2.0,(3.585391514230274+0j)
3028,07.06.2018,04:00,10.0,(6.130933248752508+0j)
3029,07.06.2018,05:00,8.0,(5.691454261406992+0j)
3030,07.06.2018,06:00,6.0,(5.171029370782441+0j)
3031,07.06.2018,07:00,5.0,(4.866124944308272+0j)
3032,07.06.2018,08:00,4.0,(4.517310240893176+0j)
3033,07.06.2018,09:00,3.0,(4.1042487314692515+0j)
3034,07.06.2018,10:00,2.0,(3.585391514230274+0j)
3035,07.06.2018,11:00,1.0,(2.845727130703496+0j)
3036,07.06.2018,12:00,2.0,(3.585391514230274+0j)
3037,07.06.2018,13:00,2.0,(3.585391514230274+0j)
3038,07.06.2018,14:00,3.0,(4.1042487314692515+0j)
3039,07.06.2018,15:00,11.0,(6.32884048187752+0j)
3040,07.06.2018,16:00,15.0,(7.018166609990766+0j)
3041,07.06.2018,17:00,15.0,(7.018166609990766+0j)
3042,07.06.2018,18:00,5.0,(4.866124944308272+0j)
3043,07.06.2018,19:00,2.0,(3.585391514230274+0j)
3044,07.06.2018,20:00,2.0,(3.585391514230274+0j)
3045,07.06.2018,21:00,1.0,(2.845727130703496+0j)
3046,07.06.2018,22:00,0.0,0j
3047,07.06.2018,23:00,5.0,(4.866124944308272+0j)
3048,08.06.2018,00:00,7.0,(5.443680165984116+0j)
3049,08.06.2018,01:00,7.0,(5.443680165984116+0j)
3050,08.06.2018,02:00,8.0,(5.691454261406992+0j)
3051,08.06.2018,03:00,10.0,(6.130933248752508+0j)
3052,08.06.2018,04:00,13.0,(6.691256914211192+0j)
3053,08.06.2018,05:00,23.0,(8.092869420675413+0j)
3054,08.06.2018,06:00,22.0,(7.9738393445443+0j)
3055,08.06.2018,07:00,15.0,(7.018166609990766+0j)
3056,08.06.2018,08:00,9.0,(5.919350969396254+0j)
3057,08.06.2018,09:00,6.0,(5.171029370782441+0j)
3058,08.06.2018,10:00,6.0,(5.171029370782441+0j)
3059,08.06.2018,11:00,8.0,(5.691454261406992+0j)
3060,08.06.2018,12:00,7.0,(5.443680165984116+0j)
3061,08.06.2018,13:00,4.0,(4.517310240893176+0j)
3062,08.06.2018,14:00,5.0,(4.866124944308272+0j)
3063,08.06.2018,15:00,3.0,(4.1042487314692515+0j)
3064,08.06.2018,16:00,5.0,(4.866124944308272+0j)
3065,08.06.2018,17:00,8.0,(5.691454261406992+0j)
3066,08.06.2018,18:00,4.0,(4.517310240893176+0j)
3067,08.06.2018,19:00,1.0,(2.845727130703496+0j)
3068,08.06.2018,20:00,16.0,(7.170783028460548+0j)
3069,08.06.2018,21:00,18.0,(7.457914888057963+0j)
3070,08.06.2018,22:00,12.0,(6.515088753873438+0j)
3071,08.06.2018,23:00,8.0,(5.691454261406992+0j)
3072,09.06.2018,00:00,6.0,(5.171029370782441+0j)
3073,09.06.2018,01:00,6.0,(5.171029370782441+0j)
3074,09.06.2018,02:00,5.0,(4.866124944308272+0j)
3075,09.06.2018,03:00,1.0,(2.845727130703496+0j)
3076,09.06.2018,04:00,0.0,0j
3077,09.06.2018,05:00,0.0,0j
3078,09.06.2018,06:00,0.0,0j
3079,09.06.2018,07:00,0.0,0j
3080,09.06.2018,08:00,0.0,0j
3081,09.06.2018,09:00,1.0,(2.845727130703496+0j)
3082,09.06.2018,10:00,0.0,0j
3083,09.06.2018,11:00,0.0,0j
3084,09.06.2018,12:00,1.0,(2.845727130703496+0j)
3085,09.06.2018,13:00,3.0,(4.1042487314692515+0j)
3086,09.06.2018,14:00,8.0,(5.691454261406992+0j)
3087,09.06.2018,15:00,17.0,(7.317165783214581+0j)
3088,09.06.2018,16:00,18.0,(7.457914888057963+0j)
3089,09.06.2018,17:00,17.0,(7.317165783214581+0j)
3090,09.06.2018,18:00,14.0,(6.858607230018604+0j)
3091,09.06.2018,19:00,10.0,(6.130933248752508+0j)
3092,09.06.2018,20:00,8.0,(5.691454261406992+0j)
3093,09.06.2018,21:00,10.0,(6.130933248752508+0j)
3094,09.06.2018,22:00,6.0,(5.171029370782441+0j)
3095,09.06.2018,23:00,7.0,(5.443680165984116+0j)
3096,10.06.2018,00:00,7.0,(5.443680165984116+0j)
3097,10.06.2018,01:00,2.0,(3.585391514230274+0j)
3098,10.06.2018,02:00,0.0,0j
3099,10.06.2018,03:00,0.0,0j
3100,10.06.2018,04:00,0.0,0j
3101,10.06.2018,05:00,0.0,0j
3102,10.06.2018,06:00,0.0,0j
3103,10.06.2018,07:00,0.0,0j
3104,10.06.2018,08:00,0.0,0j
3105,10.06.2018,09:00,0.0,0j
3106,10.06.2018,10:00,0.0,0j
3107,10.06.2018,11:00,3.0,(4.1042487314692515+0j)
3108,10.06.2018,12:00,4.0,(4.517310240893176+0j)
3109,10.06.2018,13:00,8.0,(5.691454261406992+0j)
3110,10.06.2018,14:00,9.0,(5.919350969396254+0j)
3111,10.06.2018,15:00,10.0,(6.130933248752508+0j)
3112,10.06.2018,16:00,12.0,(6.515088753873438+0j)
3113,10.06.2018,17:00,14.0,(6.858607230018604+0j)
3114,10.06.2018,18:00,4.0,(4.517310240893176+0j)
3115,10.06.2018,19:00,10.0,(6.130933248752508+0j)
3116,10.06.2018,20:00,23.0,(8.092869420675413+0j)
3117,10.06.2018,21:00,46.0,(10.19637653715948+0j)
3118,10.06.2018,22:00,40.0,(9.732249888616542+0j)
3119,10.06.2018,23:00,49.0,(10.41338553855059+0j)
3120,11.06.2018,00:00,34.0,(9.219051195842558+0j)
3121,11.06.2018,01:00,20.0,(7.724491855603646+0j)
3122,11.06.2018,02:00,23.0,(8.092869420675413+0j)
3123,11.06.2018,03:00,37.0,(9.482594128751929+0j)
3124,11.06.2018,04:00,33.0,(9.127767465531983+0j)
3125,11.06.2018,05:00,42.0,(9.891823330401618+0j)
3126,11.06.2018,06:00,46.0,(10.19637653715948+0j)
3127,11.06.2018,07:00,39.0,(9.650462409337567+0j)
3128,11.06.2018,08:00,55.0,(10.822164994364314+0j)
3129,11.06.2018,09:00,47.0,(10.269734286241032+0j)
3130,11.06.2018,10:00,55.0,(10.822164994364314+0j)
3131,11.06.2018,11:00,52.0,(10.621708264608335+0j)
3132,11.06.2018,12:00,60.0,(11.140645059587433+0j)
3133,11.06.2018,13:00,51.0,(10.5531792067093+0j)
3134,11.06.2018,14:00,48.0,(10.34205874156488+0j)
3135,11.06.2018,15:00,51.0,(10.5531792067093+0j)
3136,11.06.2018,16:00,58.0,(11.015458675840927+0j)
3137,11.06.2018,17:00,59.0,(11.078405520382008+0j)
3138,11.06.2018,18:00,61.0,(11.202196833891742+0j)
3139,11.06.2018,19:00,61.0,(11.202196833891742+0j)
3140,11.06.2018,20:00,58.0,(11.015458675840927+0j)
3141,11.06.2018,21:00,53.0,(10.689364281461948+0j)
3142,11.06.2018,22:00,40.0,(9.732249888616542+0j)
3143,11.06.2018,23:00,8.0,(5.691454261406992+0j)
3144,12.06.2018,00:00,40.0,(9.732249888616542+0j)
3145,12.06.2018,01:00,32.0,(9.034620481786352+0j)
3146,12.06.2018,02:00,49.0,(10.41338553855059+0j)
3147,12.06.2018,03:00,30.0,(8.84233584359671+0j)
3148,12.06.2018,04:00,33.0,(9.127767465531983+0j)
3149,12.06.2018,05:00,33.0,(9.127767465531983+0j)
3150,12.06.2018,06:00,42.0,(9.891823330401618+0j)
3151,12.06.2018,07:00,50.0,(10.483748386047209+0j)
3152,12.06.2018,08:00,56.0,(10.887360331968232+0j)
3153,12.06.2018,09:00,40.0,(9.732249888616542+0j)
3154,12.06.2018,10:00,63.0,(11.323311051132062+0j)
3155,12.06.2018,11:00,57.0,(10.9517840818175+0j)
3156,12.06.2018,12:00,51.0,(10.5531792067093+0j)
3157,12.06.2018,13:00,34.0,(9.219051195842558+0j)
3158,12.06.2018,14:00,46.0,(10.19637653715948+0j)
3159,12.06.2018,15:00,49.0,(10.41338553855059+0j)
3160,12.06.2018,16:00,49.0,(10.41338553855059+0j)
3161,12.06.2018,17:00,57.0,(10.9517840818175+0j)
3162,12.06.2018,18:00,51.0,(10.5531792067093+0j)
3163,12.06.2018,19:00,56.0,(10.887360331968232+0j)
3164,12.06.2018,20:00,51.0,(10.5531792067093+0j)
3165,12.06.2018,21:00,43.0,(9.969714910096506+0j)
3166,12.06.2018,22:00,31.0,(8.939512150377235+0j)
3167,12.06.2018,23:00,30.0,(8.84233584359671+0j)
3168,13.06.2018,00:00,22.0,(7.9738393445443+0j)
3169,13.06.2018,01:00,25.0,(8.320956608290626+0j)
3170,13.06.2018,02:00,20.0,(7.724491855603646+0j)
3171,13.06.2018,03:00,19.0,(7.593542967381978+0j)
3172,13.06.2018,04:00,25.0,(8.320956608290626+0j)
3173,13.06.2018,05:00,29.0,(8.74297534497106+0j)
3174,13.06.2018,06:00,22.0,(7.9738393445443+0j)
3175,13.06.2018,07:00,15.0,(7.018166609990766+0j)
3176,13.06.2018,08:00,10.0,(6.130933248752508+0j)
3177,13.06.2018,09:00,2.0,(3.585391514230274+0j)
3178,13.06.2018,10:00,1.0,(2.845727130703496+0j)
3179,13.06.2018,11:00,1.0,(2.845727130703496+0j)
3180,13.06.2018,12:00,1.0,(2.845727130703496+0j)
3181,13.06.2018,13:00,1.0,(2.845727130703496+0j)
3182,13.06.2018,14:00,1.0,(2.845727130703496+0j)
3183,13.06.2018,15:00,4.0,(4.517310240893176+0j)
3184,13.06.2018,16:00,9.0,(5.919350969396254+0j)
3185,13.06.2018,17:00,11.0,(6.32884048187752+0j)
3186,13.06.2018,18:00,4.0,(4.517310240893176+0j)
3187,13.06.2018,19:00,4.0,(4.517310240893176+0j)
3188,13.06.2018,20:00,6.0,(5.171029370782441+0j)
3189,13.06.2018,21:00,14.0,(6.858607230018604+0j)
3190,13.06.2018,22:00,15.0,(7.018166609990766+0j)
3191,13.06.2018,23:00,7.0,(5.443680165984116+0j)
3192,14.06.2018,00:00,0.0,0j
3193,14.06.2018,01:00,0.0,0j
3194,14.06.2018,02:00,0.0,0j
3195,14.06.2018,03:00,0.0,0j
3196,14.06.2018,04:00,0.0,0j
3197,14.06.2018,05:00,0.0,0j
3198,14.06.2018,06:00,2.0,(3.585391514230274+0j)
3199,14.06.2018,07:00,0.0,0j
3200,14.06.2018,08:00,0.0,0j
3201,14.06.2018,09:00,1.0,(2.845727130703496+0j)
3202,14.06.2018,10:00,1.0,(2.845727130703496+0j)
3203,14.06.2018,11:00,9.0,(5.919350969396254+0j)
3204,14.06.2018,12:00,2.0,(3.585391514230274+0j)
3205,14.06.2018,13:00,8.0,(5.691454261406992+0j)
3206,14.06.2018,14:00,25.0,(8.320956608290626+0j)
3207,14.06.2018,15:00,26.0,(8.430455436469295+0j)
3208,14.06.2018,16:00,28.0,(8.641303622061608+0j)
3209,14.06.2018,17:00,38.0,(9.567264627885733+0j)
3210,14.06.2018,18:00,20.0,(7.724491855603646+0j)
3211,14.06.2018,19:00,9.0,(5.919350969396254+0j)
3212,14.06.2018,20:00,8.0,(5.691454261406992+0j)
3213,14.06.2018,21:00,5.0,(4.866124944308272+0j)
3214,14.06.2018,22:00,8.0,(5.691454261406992+0j)
3215,14.06.2018,23:00,10.0,(6.130933248752508+0j)
3216,15.06.2018,00:00,10.0,(6.130933248752508+0j)
3217,15.06.2018,01:00,18.0,(7.457914888057963+0j)
3218,15.06.2018,02:00,13.0,(6.691256914211192+0j)
3219,15.06.2018,03:00,14.0,(6.858607230018604+0j)
3220,15.06.2018,04:00,14.0,(6.858607230018604+0j)
3221,15.06.2018,05:00,20.0,(7.724491855603646+0j)
3222,15.06.2018,06:00,21.0,(7.851145380281553+0j)
3223,15.06.2018,07:00,27.0,(8.537181392110488+0j)
3224,15.06.2018,08:00,25.0,(8.320956608290626+0j)
3225,15.06.2018,09:00,19.0,(7.593542967381978+0j)
3226,15.06.2018,10:00,9.0,(5.919350969396254+0j)
3227,15.06.2018,11:00,8.0,(5.691454261406992+0j)
3228,15.06.2018,12:00,12.0,(6.515088753873438+0j)
3229,15.06.2018,13:00,27.0,(8.537181392110488+0j)
3230,15.06.2018,14:00,44.0,(10.0464080386713+0j)
3231,15.06.2018,15:00,34.0,(9.219051195842558+0j)
3232,15.06.2018,16:00,27.0,(8.537181392110488+0j)
3233,15.06.2018,17:00,16.0,(7.170783028460548+0j)
3234,15.06.2018,18:00,10.0,(6.130933248752508+0j)
3235,15.06.2018,19:00,5.0,(4.866124944308272+0j)
3236,15.06.2018,20:00,3.0,(4.1042487314692515+0j)
3237,15.06.2018,21:00,0.0,0j
3238,15.06.2018,22:00,0.0,0j
3239,15.06.2018,23:00,0.0,0j
3240,16.06.2018,00:00,0.0,0j
3241,16.06.2018,01:00,26.0,(8.430455436469295+0j)
3242,16.06.2018,02:00,60.0,(11.140645059587433+0j)
3243,16.06.2018,03:00,56.0,(10.887360331968232+0j)
3244,16.06.2018,04:00,44.0,(10.0464080386713+0j)
3245,16.06.2018,05:00,53.0,(10.689364281461948+0j)
3246,16.06.2018,06:00,37.0,(9.482594128751929+0j)
3247,16.06.2018,07:00,13.0,(6.691256914211192+0j)
3248,16.06.2018,08:00,5.0,(4.866124944308272+0j)
3249,16.06.2018,09:00,0.0,0j
3250,16.06.2018,10:00,0.0,0j
3251,16.06.2018,11:00,1.0,(2.845727130703496+0j)
3252,16.06.2018,12:00,4.0,(4.517310240893176+0j)
3253,16.06.2018,13:00,4.0,(4.517310240893176+0j)
3254,16.06.2018,14:00,25.0,(8.320956608290626+0j)
3255,16.06.2018,15:00,1.0,(2.845727130703496+0j)
3256,16.06.2018,16:00,5.0,(4.866124944308272+0j)
3257,16.06.2018,17:00,4.0,(4.517310240893176+0j)
3258,16.06.2018,18:00,13.0,(6.691256914211192+0j)
3259,16.06.2018,19:00,4.0,(4.517310240893176+0j)
3260,16.06.2018,20:00,2.0,(3.585391514230274+0j)
3261,16.06.2018,21:00,4.0,(4.517310240893176+0j)
3262,16.06.2018,22:00,17.0,(7.317165783214581+0j)
3263,16.06.2018,23:00,16.0,(7.170783028460548+0j)
3264,17.06.2018,00:00,6.0,(5.171029370782441+0j)
3265,17.06.2018,01:00,0.0,0j
3266,17.06.2018,02:00,0.0,0j
3267,17.06.2018,03:00,1.0,(2.845727130703496+0j)
3268,17.06.2018,04:00,0.0,0j
3269,17.06.2018,05:00,0.0,0j
3270,17.06.2018,06:00,0.0,0j
3271,17.06.2018,07:00,0.0,0j
3272,17.06.2018,08:00,0.0,0j
3273,17.06.2018,09:00,0.0,0j
3274,17.06.2018,10:00,0.0,0j
3275,17.06.2018,11:00,0.0,0j
3276,17.06.2018,12:00,0.0,0j
3277,17.06.2018,13:00,5.0,(4.866124944308272+0j)
3278,17.06.2018,14:00,4.0,(4.517310240893176+0j)
3279,17.06.2018,15:00,0.0,0j
3280,17.06.2018,16:00,0.0,0j
3281,17.06.2018,17:00,0.0,0j
3282,17.06.2018,18:00,0.0,0j
3283,17.06.2018,19:00,0.0,0j
3284,17.06.2018,20:00,1.0,(2.845727130703496+0j)
3285,17.06.2018,21:00,0.0,0j
3286,17.06.2018,22:00,0.0,0j
3287,17.06.2018,23:00,0.0,0j
3288,18.06.2018,00:00,0.0,0j
3289,18.06.2018,01:00,0.0,0j
3290,18.06.2018,02:00,0.0,0j
3291,18.06.2018,03:00,0.0,0j
3292,18.06.2018,04:00,0.0,0j
3293,18.06.2018,05:00,0.0,0j
3294,18.06.2018,06:00,0.0,0j
3295,18.06.2018,07:00,0.0,0j
3296,18.06.2018,08:00,0.0,0j
3297,18.06.2018,09:00,0.0,0j
3298,18.06.2018,10:00,2.0,(3.585391514230274+0j)
3299,18.06.2018,11:00,3.0,(4.1042487314692515+0j)
3300,18.06.2018,12:00,7.0,(5.443680165984116+0j)
3301,18.06.2018,13:00,5.0,(4.866124944308272+0j)
3302,18.06.2018,14:00,5.0,(4.866124944308272+0j)
3303,18.06.2018,15:00,4.0,(4.517310240893176+0j)
3304,18.06.2018,16:00,8.0,(5.691454261406992+0j)
3305,18.06.2018,17:00,8.0,(5.691454261406992+0j)
3306,18.06.2018,18:00,63.0,(11.323311051132062+0j)
3307,18.06.2018,19:00,10.0,(6.130933248752508+0j)
3308,18.06.2018,20:00,13.0,(6.691256914211192+0j)
3309,18.06.2018,21:00,24.0,(8.208497462938503+0j)
3310,18.06.2018,22:00,33.0,(9.127767465531983+0j)
3311,18.06.2018,23:00,40.0,(9.732249888616542+0j)
3312,19.06.2018,00:00,35.0,(9.308562145233848+0j)
3313,19.06.2018,01:00,40.0,(9.732249888616542+0j)
3314,19.06.2018,02:00,35.0,(9.308562145233848+0j)
3315,19.06.2018,03:00,39.0,(9.650462409337567+0j)
3316,19.06.2018,04:00,31.0,(8.939512150377235+0j)
3317,19.06.2018,05:00,33.0,(9.127767465531983+0j)
3318,19.06.2018,06:00,33.0,(9.127767465531983+0j)
3319,19.06.2018,07:00,42.0,(9.891823330401618+0j)
3320,19.06.2018,08:00,31.0,(8.939512150377235+0j)
3321,19.06.2018,09:00,34.0,(9.219051195842558+0j)
3322,19.06.2018,10:00,30.0,(8.84233584359671+0j)
3323,19.06.2018,11:00,22.0,(7.9738393445443+0j)
3324,19.06.2018,12:00,27.0,(8.537181392110488+0j)
3325,19.06.2018,13:00,40.0,(9.732249888616542+0j)
3326,19.06.2018,14:00,48.0,(10.34205874156488+0j)
3327,19.06.2018,15:00,27.0,(8.537181392110488+0j)
3328,19.06.2018,16:00,22.0,(7.9738393445443+0j)
3329,19.06.2018,17:00,39.0,(9.650462409337567+0j)
3330,19.06.2018,18:00,43.0,(9.969714910096506+0j)
3331,19.06.2018,19:00,55.0,(10.822164994364314+0j)
3332,19.06.2018,20:00,53.0,(10.689364281461948+0j)
3333,19.06.2018,21:00,50.0,(10.483748386047209+0j)
3334,19.06.2018,22:00,38.0,(9.567264627885733+0j)
3335,19.06.2018,23:00,45.0,(10.121947777604984+0j)
3336,20.06.2018,00:00,51.0,(10.5531792067093+0j)
3337,20.06.2018,01:00,44.0,(10.0464080386713+0j)
3338,20.06.2018,02:00,37.0,(9.482594128751929+0j)
3339,20.06.2018,03:00,24.0,(8.208497462938503+0j)
3340,20.06.2018,04:00,18.0,(7.457914888057963+0j)
3341,20.06.2018,05:00,20.0,(7.724491855603646+0j)
3342,20.06.2018,06:00,27.0,(8.537181392110488+0j)
3343,20.06.2018,07:00,20.0,(7.724491855603646+0j)
3344,20.06.2018,08:00,34.0,(9.219051195842558+0j)
3345,20.06.2018,09:00,15.0,(7.018166609990766+0j)
3346,20.06.2018,10:00,17.0,(7.317165783214581+0j)
3347,20.06.2018,11:00,18.0,(7.457914888057963+0j)
3348,20.06.2018,12:00,13.0,(6.691256914211192+0j)
3349,20.06.2018,13:00,3.0,(4.1042487314692515+0j)
3350,20.06.2018,14:00,1.0,(2.845727130703496+0j)
3351,20.06.2018,15:00,48.0,(10.34205874156488+0j)
3352,20.06.2018,16:00,14.0,(6.858607230018604+0j)
3353,20.06.2018,17:00,7.0,(5.443680165984116+0j)
3354,20.06.2018,18:00,23.0,(8.092869420675413+0j)
3355,20.06.2018,19:00,27.0,(8.537181392110488+0j)
3356,20.06.2018,20:00,31.0,(8.939512150377235+0j)
3357,20.06.2018,21:00,30.0,(8.84233584359671+0j)
3358,20.06.2018,22:00,16.0,(7.170783028460548+0j)
3359,20.06.2018,23:00,14.0,(6.858607230018604+0j)
3360,21.06.2018,00:00,22.0,(7.9738393445443+0j)
3361,21.06.2018,01:00,14.0,(6.858607230018604+0j)
3362,21.06.2018,02:00,10.0,(6.130933248752508+0j)
3363,21.06.2018,03:00,8.0,(5.691454261406992+0j)
3364,21.06.2018,04:00,3.0,(4.1042487314692515+0j)
3365,21.06.2018,05:00,0.0,0j
3366,21.06.2018,06:00,0.0,0j
3367,21.06.2018,07:00,0.0,0j
3368,21.06.2018,08:00,0.0,0j
3369,21.06.2018,09:00,0.0,0j
3370,21.06.2018,10:00,0.0,0j
3371,21.06.2018,11:00,0.0,0j
3372,21.06.2018,12:00,0.0,0j
3373,21.06.2018,13:00,3.0,(4.1042487314692515+0j)
3374,21.06.2018,14:00,20.0,(7.724491855603646+0j)
3375,21.06.2018,15:00,24.0,(8.208497462938503+0j)
3376,21.06.2018,16:00,10.0,(6.130933248752508+0j)
3377,21.06.2018,17:00,5.0,(4.866124944308272+0j)
3378,21.06.2018,18:00,0.0,0j
3379,21.06.2018,19:00,0.0,0j
3380,21.06.2018,20:00,0.0,0j
3381,21.06.2018,21:00,1.0,(2.845727130703496+0j)
3382,21.06.2018,22:00,0.0,0j
3383,21.06.2018,23:00,0.0,0j
3384,22.06.2018,00:00,0.0,0j
3385,22.06.2018,01:00,0.0,0j
3386,22.06.2018,02:00,1.0,(2.845727130703496+0j)
3387,22.06.2018,03:00,1.0,(2.845727130703496+0j)
3388,22.06.2018,04:00,0.0,0j
3389,22.06.2018,05:00,0.0,0j
3390,22.06.2018,06:00,0.0,0j
3391,22.06.2018,07:00,0.0,0j
3392,22.06.2018,08:00,0.0,0j
3393,22.06.2018,09:00,0.0,0j
3394,22.06.2018,10:00,0.0,0j
3395,22.06.2018,11:00,5.0,(4.866124944308272+0j)
3396,22.06.2018,12:00,15.0,(7.018166609990766+0j)
3397,22.06.2018,13:00,18.0,(7.457914888057963+0j)
3398,22.06.2018,14:00,8.0,(5.691454261406992+0j)
3399,22.06.2018,15:00,6.0,(5.171029370782441+0j)
3400,22.06.2018,16:00,17.0,(7.317165783214581+0j)
3401,22.06.2018,17:00,4.0,(4.517310240893176+0j)
3402,22.06.2018,18:00,0.0,0j
3403,22.06.2018,19:00,1.0,(2.845727130703496+0j)
3404,22.06.2018,20:00,0.0,0j
3405,22.06.2018,21:00,0.0,0j
3406,22.06.2018,22:00,4.0,(4.517310240893176+0j)
3407,22.06.2018,23:00,4.0,(4.517310240893176+0j)
3408,23.06.2018,00:00,0.0,0j
3409,23.06.2018,01:00,0.0,0j
3410,23.06.2018,02:00,0.0,0j
3411,23.06.2018,03:00,0.0,0j
3412,23.06.2018,04:00,1.0,(2.845727130703496+0j)
3413,23.06.2018,05:00,0.0,0j
3414,23.06.2018,06:00,0.0,0j
3415,23.06.2018,07:00,0.0,0j
3416,23.06.2018,08:00,0.0,0j
3417,23.06.2018,09:00,0.0,0j
3418,23.06.2018,10:00,0.0,0j
3419,23.06.2018,11:00,0.0,0j
3420,23.06.2018,12:00,0.0,0j
3421,23.06.2018,13:00,0.0,0j
3422,23.06.2018,14:00,2.0,(3.585391514230274+0j)
3423,23.06.2018,15:00,18.0,(7.457914888057963+0j)
3424,23.06.2018,16:00,3.0,(4.1042487314692515+0j)
3425,23.06.2018,17:00,7.0,(5.443680165984116+0j)
3426,23.06.2018,18:00,30.0,(8.84233584359671+0j)
3427,23.06.2018,19:00,42.0,(9.891823330401618+0j)
3428,23.06.2018,20:00,45.0,(10.121947777604984+0j)
3429,23.06.2018,21:00,43.0,(9.969714910096506+0j)
3430,23.06.2018,22:00,48.0,(10.34205874156488+0j)
3431,23.06.2018,23:00,40.0,(9.732249888616542+0j)
3432,24.06.2018,00:00,42.0,(9.891823330401618+0j)
3433,24.06.2018,01:00,30.0,(8.84233584359671+0j)
3434,24.06.2018,02:00,35.0,(9.308562145233848+0j)
3435,24.06.2018,03:00,40.0,(9.732249888616542+0j)
3436,24.06.2018,04:00,33.0,(9.127767465531983+0j)
3437,24.06.2018,05:00,26.0,(8.430455436469295+0j)
3438,24.06.2018,06:00,35.0,(9.308562145233848+0j)
3439,24.06.2018,07:00,31.0,(8.939512150377235+0j)
3440,24.06.2018,08:00,23.0,(8.092869420675413+0j)
3441,24.06.2018,09:00,12.0,(6.515088753873438+0j)
3442,24.06.2018,10:00,6.0,(5.171029370782441+0j)
3443,24.06.2018,11:00,7.0,(5.443680165984116+0j)
3444,24.06.2018,12:00,6.0,(5.171029370782441+0j)
3445,24.06.2018,13:00,14.0,(6.858607230018604+0j)
3446,24.06.2018,14:00,8.0,(5.691454261406992+0j)
3447,24.06.2018,15:00,6.0,(5.171029370782441+0j)
3448,24.06.2018,16:00,6.0,(5.171029370782441+0j)
3449,24.06.2018,17:00,17.0,(7.317165783214581+0j)
3450,24.06.2018,18:00,31.0,(8.939512150377235+0j)
3451,24.06.2018,19:00,42.0,(9.891823330401618+0j)
3452,24.06.2018,20:00,40.0,(9.732249888616542+0j)
3453,24.06.2018,21:00,36.0,(9.396383955788593+0j)
3454,24.06.2018,22:00,41.0,(9.812685353516676+0j)
3455,24.06.2018,23:00,31.0,(8.939512150377235+0j)
3456,25.06.2018,00:00,31.0,(8.939512150377235+0j)
3457,25.06.2018,01:00,33.0,(9.127767465531983+0j)
3458,25.06.2018,02:00,30.0,(8.84233584359671+0j)
3459,25.06.2018,03:00,31.0,(8.939512150377235+0j)
3460,25.06.2018,04:00,33.0,(9.127767465531983+0j)
3461,25.06.2018,05:00,33.0,(9.127767465531983+0j)
3462,25.06.2018,06:00,33.0,(9.127767465531983+0j)
3463,25.06.2018,07:00,38.0,(9.567264627885733+0j)
3464,25.06.2018,08:00,36.0,(9.396383955788593+0j)
3465,25.06.2018,09:00,46.0,(10.19637653715948+0j)
3466,25.06.2018,10:00,44.0,(10.0464080386713+0j)
3467,25.06.2018,11:00,42.0,(9.891823330401618+0j)
3468,25.06.2018,12:00,34.0,(9.219051195842558+0j)
3469,25.06.2018,13:00,37.0,(9.482594128751929+0j)
3470,25.06.2018,14:00,40.0,(9.732249888616542+0j)
3471,25.06.2018,15:00,45.0,(10.121947777604984+0j)
3472,25.06.2018,16:00,41.0,(9.812685353516676+0j)
3473,25.06.2018,17:00,58.0,(11.015458675840927+0j)
3474,25.06.2018,18:00,61.0,(11.202196833891742+0j)
3475,25.06.2018,19:00,57.0,(10.9517840818175+0j)
3476,25.06.2018,20:00,42.0,(9.891823330401618+0j)
3477,25.06.2018,21:00,35.0,(9.308562145233848+0j)
3478,25.06.2018,22:00,30.0,(8.84233584359671+0j)
3479,25.06.2018,23:00,22.0,(7.9738393445443+0j)
3480,26.06.2018,00:00,9.0,(5.919350969396254+0j)
3481,26.06.2018,01:00,15.0,(7.018166609990766+0j)
3482,26.06.2018,02:00,11.0,(6.32884048187752+0j)
3483,26.06.2018,03:00,5.0,(4.866124944308272+0j)
3484,26.06.2018,04:00,10.0,(6.130933248752508+0j)
3485,26.06.2018,05:00,5.0,(4.866124944308272+0j)
3486,26.06.2018,06:00,8.0,(5.691454261406992+0j)
3487,26.06.2018,07:00,1.0,(2.845727130703496+0j)
3488,26.06.2018,08:00,1.0,(2.845727130703496+0j)
3489,26.06.2018,09:00,0.0,0j
3490,26.06.2018,10:00,1.0,(2.845727130703496+0j)
3491,26.06.2018,11:00,0.0,0j
3492,26.06.2018,12:00,0.0,0j
3493,26.06.2018,13:00,4.0,(4.517310240893176+0j)
3494,26.06.2018,14:00,1.0,(2.845727130703496+0j)
3495,26.06.2018,15:00,7.0,(5.443680165984116+0j)
3496,26.06.2018,16:00,6.0,(5.171029370782441+0j)
3497,26.06.2018,17:00,10.0,(6.130933248752508+0j)
3498,26.06.2018,18:00,16.0,(7.170783028460548+0j)
3499,26.06.2018,19:00,10.0,(6.130933248752508+0j)
3500,26.06.2018,20:00,3.0,(4.1042487314692515+0j)
3501,26.06.2018,21:00,10.0,(6.130933248752508+0j)
3502,26.06.2018,22:00,6.0,(5.171029370782441+0j)
3503,26.06.2018,23:00,0.0,0j
3504,27.06.2018,00:00,0.0,0j
3505,27.06.2018,01:00,2.0,(3.585391514230274+0j)
3506,27.06.2018,02:00,0.0,0j
3507,27.06.2018,03:00,0.0,0j
3508,27.06.2018,04:00,6.0,(5.171029370782441+0j)
3509,27.06.2018,05:00,11.0,(6.32884048187752+0j)
3510,27.06.2018,06:00,18.0,(7.457914888057963+0j)
3511,27.06.2018,07:00,6.0,(5.171029370782441+0j)
3512,27.06.2018,08:00,3.0,(4.1042487314692515+0j)
3513,27.06.2018,09:00,1.0,(2.845727130703496+0j)
3514,27.06.2018,10:00,6.0,(5.171029370782441+0j)
3515,27.06.2018,11:00,3.0,(4.1042487314692515+0j)
3516,27.06.2018,12:00,0.0,0j
3517,27.06.2018,13:00,5.0,(4.866124944308272+0j)
3518,27.06.2018,14:00,6.0,(5.171029370782441+0j)
3519,27.06.2018,15:00,10.0,(6.130933248752508+0j)
3520,27.06.2018,16:00,8.0,(5.691454261406992+0j)
3521,27.06.2018,17:00,12.0,(6.515088753873438+0j)
3522,27.06.2018,18:00,15.0,(7.018166609990766+0j)
3523,27.06.2018,19:00,19.0,(7.593542967381978+0j)
3524,27.06.2018,20:00,12.0,(6.515088753873438+0j)
3525,27.06.2018,21:00,11.0,(6.32884048187752+0j)
3526,27.06.2018,22:00,4.0,(4.517310240893176+0j)
3527,27.06.2018,23:00,6.0,(5.171029370782441+0j)
3528,28.06.2018,00:00,3.0,(4.1042487314692515+0j)
3529,28.06.2018,01:00,16.0,(7.170783028460548+0j)
3530,28.06.2018,02:00,30.0,(8.84233584359671+0j)
3531,28.06.2018,03:00,38.0,(9.567264627885733+0j)
3532,28.06.2018,04:00,44.0,(10.0464080386713+0j)
3533,28.06.2018,05:00,51.0,(10.5531792067093+0j)
3534,28.06.2018,06:00,58.0,(11.015458675840927+0j)
3535,28.06.2018,07:00,32.0,(9.034620481786352+0j)
3536,28.06.2018,08:00,13.0,(6.691256914211192+0j)
3537,28.06.2018,09:00,12.0,(6.515088753873438+0j)
3538,28.06.2018,10:00,23.0,(8.092869420675413+0j)
3539,28.06.2018,11:00,36.0,(9.396383955788593+0j)
3540,28.06.2018,12:00,24.0,(8.208497462938503+0j)
3541,28.06.2018,13:00,48.0,(10.34205874156488+0j)
3542,28.06.2018,14:00,64.0,(11.382908522813985+0j)
3543,28.06.2018,15:00,61.0,(11.202196833891742+0j)
3544,28.06.2018,16:00,63.0,(11.323311051132062+0j)
3545,28.06.2018,17:00,46.0,(10.19637653715948+0j)
3546,28.06.2018,18:00,32.0,(9.034620481786352+0j)
3547,28.06.2018,19:00,33.0,(9.127767465531983+0j)
3548,28.06.2018,20:00,31.0,(8.939512150377235+0j)
3549,28.06.2018,21:00,20.0,(7.724491855603646+0j)
3550,28.06.2018,22:00,25.0,(8.320956608290626+0j)
3551,28.06.2018,23:00,33.0,(9.127767465531983+0j)
3552,29.06.2018,00:00,28.0,(8.641303622061608+0j)
3553,29.06.2018,01:00,19.0,(7.593542967381978+0j)
3554,29.06.2018,02:00,32.0,(9.034620481786352+0j)
3555,29.06.2018,03:00,36.0,(9.396383955788593+0j)
3556,29.06.2018,04:00,23.0,(8.092869420675413+0j)
3557,29.06.2018,05:00,1.0,(2.845727130703496+0j)
3558,29.06.2018,06:00,4.0,(4.517310240893176+0j)
3559,29.06.2018,07:00,13.0,(6.691256914211192+0j)
3560,29.06.2018,08:00,9.0,(5.919350969396254+0j)
3561,29.06.2018,09:00,6.0,(5.171029370782441+0j)
3562,29.06.2018,10:00,6.0,(5.171029370782441+0j)
3563,29.06.2018,11:00,6.0,(5.171029370782441+0j)
3564,29.06.2018,12:00,10.0,(6.130933248752508+0j)
3565,29.06.2018,13:00,28.0,(8.641303622061608+0j)
3566,29.06.2018,14:00,23.0,(8.092869420675413+0j)
3567,29.06.2018,15:00,24.0,(8.208497462938503+0j)
3568,29.06.2018,16:00,15.0,(7.018166609990766+0j)
3569,29.06.2018,17:00,12.0,(6.515088753873438+0j)
3570,29.06.2018,18:00,13.0,(6.691256914211192+0j)
3571,29.06.2018,19:00,6.0,(5.171029370782441+0j)
3572,29.06.2018,20:00,7.0,(5.443680165984116+0j)
3573,29.06.2018,21:00,4.0,(4.517310240893176+0j)
3574,29.06.2018,22:00,8.0,(5.691454261406992+0j)
3575,29.06.2018,23:00,4.0,(4.517310240893176+0j)
3576,30.06.2018,00:00,9.0,(5.919350969396254+0j)
3577,30.06.2018,01:00,9.0,(5.919350969396254+0j)
3578,30.06.2018,02:00,10.0,(6.130933248752508+0j)
3579,30.06.2018,03:00,4.0,(4.517310240893176+0j)
3580,30.06.2018,04:00,0.0,0j
3581,30.06.2018,05:00,4.0,(4.517310240893176+0j)
3582,30.06.2018,06:00,6.0,(5.171029370782441+0j)
3583,30.06.2018,07:00,9.0,(5.919350969396254+0j)
3584,30.06.2018,08:00,4.0,(4.517310240893176+0j)
3585,30.06.2018,09:00,6.0,(5.171029370782441+0j)
3586,30.06.2018,10:00,2.0,(3.585391514230274+0j)
3587,30.06.2018,11:00,11.0,(6.32884048187752+0j)
3588,30.06.2018,12:00,17.0,(7.317165783214581+0j)
3589,30.06.2018,13:00,26.0,(8.430455436469295+0j)
3590,30.06.2018,14:00,14.0,(6.858607230018604+0j)
3591,30.06.2018,15:00,24.0,(8.208497462938503+0j)
3592,30.06.2018,16:00,22.0,(7.9738393445443+0j)
3593,30.06.2018,17:00,19.0,(7.593542967381978+0j)
3594,30.06.2018,18:00,13.0,(6.691256914211192+0j)
3595,30.06.2018,19:00,6.0,(5.171029370782441+0j)
3596,30.06.2018,20:00,9.0,(5.919350969396254+0j)
3597,30.06.2018,21:00,5.0,(4.866124944308272+0j)
3598,30.06.2018,22:00,0.0,0j
3599,30.06.2018,23:00,0.0,0j
3600,01.07.2018,00:00,0.0,0j
3601,01.07.2018,01:00,0.0,0j
3602,01.07.2018,02:00,0.0,0j
3603,01.07.2018,03:00,0.0,0j
3604,01.07.2018,04:00,0.0,0j
3605,01.07.2018,05:00,0.0,0j
3606,01.07.2018,06:00,0.0,0j
3607,01.07.2018,07:00,0.0,0j
3608,01.07.2018,08:00,0.0,0j
3609,01.07.2018,09:00,0.0,0j
3610,01.07.2018,10:00,2.0,(3.585391514230274+0j)
3611,01.07.2018,11:00,1.0,(2.845727130703496+0j)
3612,01.07.2018,12:00,1.0,(2.845727130703496+0j)
3613,01.07.2018,13:00,3.0,(4.1042487314692515+0j)
3614,01.07.2018,14:00,2.0,(3.585391514230274+0j)
3615,01.07.2018,15:00,2.0,(3.585391514230274+0j)
3616,01.07.2018,16:00,4.0,(4.517310240893176+0j)
3617,01.07.2018,17:00,6.0,(5.171029370782441+0j)
3618,01.07.2018,18:00,5.0,(4.866124944308272+0j)
3619,01.07.2018,19:00,3.0,(4.1042487314692515+0j)
3620,01.07.2018,20:00,25.0,(8.320956608290626+0j)
3621,01.07.2018,21:00,35.0,(9.308562145233848+0j)
3622,01.07.2018,22:00,33.0,(9.127767465531983+0j)
3623,01.07.2018,23:00,29.0,(8.74297534497106+0j)
3624,02.07.2018,00:00,32.0,(9.034620481786352+0j)
3625,02.07.2018,01:00,30.0,(8.84233584359671+0j)
3626,02.07.2018,02:00,29.0,(8.74297534497106+0j)
3627,02.07.2018,03:00,16.0,(7.170783028460548+0j)
3628,02.07.2018,04:00,23.0,(8.092869420675413+0j)
3629,02.07.2018,05:00,23.0,(8.092869420675413+0j)
3630,02.07.2018,06:00,19.0,(7.593542967381978+0j)
3631,02.07.2018,07:00,21.0,(7.851145380281553+0j)
3632,02.07.2018,08:00,10.0,(6.130933248752508+0j)
3633,02.07.2018,09:00,6.0,(5.171029370782441+0j)
3634,02.07.2018,10:00,9.0,(5.919350969396254+0j)
3635,02.07.2018,11:00,14.0,(6.858607230018604+0j)
3636,02.07.2018,12:00,18.0,(7.457914888057963+0j)
3637,02.07.2018,13:00,44.0,(10.0464080386713+0j)
3638,02.07.2018,14:00,32.0,(9.034620481786352+0j)
3639,02.07.2018,15:00,34.0,(9.219051195842558+0j)
3640,02.07.2018,16:00,31.0,(8.939512150377235+0j)
3641,02.07.2018,17:00,40.0,(9.732249888616542+0j)
3642,02.07.2018,18:00,44.0,(10.0464080386713+0j)
3643,02.07.2018,19:00,42.0,(9.891823330401618+0j)
3644,02.07.2018,20:00,43.0,(9.969714910096506+0j)
3645,02.07.2018,21:00,41.0,(9.812685353516676+0j)
3646,02.07.2018,22:00,40.0,(9.732249888616542+0j)
3647,02.07.2018,23:00,39.0,(9.650462409337567+0j)
3648,03.07.2018,00:00,37.0,(9.482594128751929+0j)
3649,03.07.2018,01:00,31.0,(8.939512150377235+0j)
3650,03.07.2018,02:00,31.0,(8.939512150377235+0j)
3651,03.07.2018,03:00,18.0,(7.457914888057963+0j)
3652,03.07.2018,04:00,12.0,(6.515088753873438+0j)
3653,03.07.2018,05:00,13.0,(6.691256914211192+0j)
3654,03.07.2018,06:00,20.0,(7.724491855603646+0j)
3655,03.07.2018,07:00,15.0,(7.018166609990766+0j)
3656,03.07.2018,08:00,10.0,(6.130933248752508+0j)
3657,03.07.2018,09:00,6.0,(5.171029370782441+0j)
3658,03.07.2018,10:00,5.0,(4.866124944308272+0j)
3659,03.07.2018,11:00,8.0,(5.691454261406992+0j)
3660,03.07.2018,12:00,10.0,(6.130933248752508+0j)
3661,03.07.2018,13:00,20.0,(7.724491855603646+0j)
3662,03.07.2018,14:00,37.0,(9.482594128751929+0j)
3663,03.07.2018,15:00,38.0,(9.567264627885733+0j)
3664,03.07.2018,16:00,37.0,(9.482594128751929+0j)
3665,03.07.2018,17:00,36.0,(9.396383955788593+0j)
3666,03.07.2018,18:00,40.0,(9.732249888616542+0j)
3667,03.07.2018,19:00,46.0,(10.19637653715948+0j)
3668,03.07.2018,20:00,49.0,(10.41338553855059+0j)
3669,03.07.2018,21:00,54.0,(10.756174542690822+0j)
3670,03.07.2018,22:00,40.0,(9.732249888616542+0j)
3671,03.07.2018,23:00,35.0,(9.308562145233848+0j)
3672,04.07.2018,00:00,37.0,(9.482594128751929+0j)
3673,04.07.2018,01:00,37.0,(9.482594128751929+0j)
3674,04.07.2018,02:00,39.0,(9.650462409337567+0j)
3675,04.07.2018,03:00,33.0,(9.127767465531983+0j)
3676,04.07.2018,04:00,28.0,(8.641303622061608+0j)
3677,04.07.2018,05:00,39.0,(9.650462409337567+0j)
3678,04.07.2018,06:00,44.0,(10.0464080386713+0j)
3679,04.07.2018,07:00,25.0,(8.320956608290626+0j)
3680,04.07.2018,08:00,22.0,(7.9738393445443+0j)
3681,04.07.2018,09:00,16.0,(7.170783028460548+0j)
3682,04.07.2018,10:00,13.0,(6.691256914211192+0j)
3683,04.07.2018,11:00,20.0,(7.724491855603646+0j)
3684,04.07.2018,12:00,25.0,(8.320956608290626+0j)
3685,04.07.2018,13:00,33.0,(9.127767465531983+0j)
3686,04.07.2018,14:00,45.0,(10.121947777604984+0j)
3687,04.07.2018,15:00,43.0,(9.969714910096506+0j)
3688,04.07.2018,16:00,45.0,(10.121947777604984+0j)
3689,04.07.2018,17:00,38.0,(9.567264627885733+0j)
3690,04.07.2018,18:00,53.0,(10.689364281461948+0j)
3691,04.07.2018,19:00,45.0,(10.121947777604984+0j)
3692,04.07.2018,20:00,42.0,(9.891823330401618+0j)
3693,04.07.2018,21:00,43.0,(9.969714910096506+0j)
3694,04.07.2018,22:00,35.0,(9.308562145233848+0j)
3695,04.07.2018,23:00,23.0,(8.092869420675413+0j)
3696,05.07.2018,00:00,30.0,(8.84233584359671+0j)
3697,05.07.2018,01:00,34.0,(9.219051195842558+0j)
3698,05.07.2018,02:00,26.0,(8.430455436469295+0j)
3699,05.07.2018,03:00,20.0,(7.724491855603646+0j)
3700,05.07.2018,04:00,24.0,(8.208497462938503+0j)
3701,05.07.2018,05:00,19.0,(7.593542967381978+0j)
3702,05.07.2018,06:00,22.0,(7.9738393445443+0j)
3703,05.07.2018,07:00,18.0,(7.457914888057963+0j)
3704,05.07.2018,08:00,17.0,(7.317165783214581+0j)
3705,05.07.2018,09:00,17.0,(7.317165783214581+0j)
3706,05.07.2018,10:00,23.0,(8.092869420675413+0j)
3707,05.07.2018,11:00,16.0,(7.170783028460548+0j)
3708,05.07.2018,12:00,15.0,(7.018166609990766+0j)
3709,05.07.2018,13:00,20.0,(7.724491855603646+0j)
3710,05.07.2018,14:00,10.0,(6.130933248752508+0j)
3711,05.07.2018,15:00,10.0,(6.130933248752508+0j)
3712,05.07.2018,16:00,7.0,(5.443680165984116+0j)
3713,05.07.2018,17:00,13.0,(6.691256914211192+0j)
3714,05.07.2018,18:00,17.0,(7.317165783214581+0j)
3715,05.07.2018,19:00,26.0,(8.430455436469295+0j)
3716,05.07.2018,20:00,28.0,(8.641303622061608+0j)
3717,05.07.2018,21:00,28.0,(8.641303622061608+0j)
3718,05.07.2018,22:00,22.0,(7.9738393445443+0j)
3719,05.07.2018,23:00,26.0,(8.430455436469295+0j)
3720,06.07.2018,00:00,29.0,(8.74297534497106+0j)
3721,06.07.2018,01:00,32.0,(9.034620481786352+0j)
3722,06.07.2018,02:00,26.0,(8.430455436469295+0j)
3723,06.07.2018,03:00,27.0,(8.537181392110488+0j)
3724,06.07.2018,04:00,26.0,(8.430455436469295+0j)
3725,06.07.2018,05:00,33.0,(9.127767465531983+0j)
3726,06.07.2018,06:00,26.0,(8.430455436469295+0j)
3727,06.07.2018,07:00,17.0,(7.317165783214581+0j)
3728,06.07.2018,08:00,15.0,(7.018166609990766+0j)
3729,06.07.2018,09:00,11.0,(6.32884048187752+0j)
3730,06.07.2018,10:00,15.0,(7.018166609990766+0j)
3731,06.07.2018,11:00,25.0,(8.320956608290626+0j)
3732,06.07.2018,12:00,17.0,(7.317165783214581+0j)
3733,06.07.2018,13:00,12.0,(6.515088753873438+0j)
3734,06.07.2018,14:00,8.0,(5.691454261406992+0j)
3735,06.07.2018,15:00,6.0,(5.171029370782441+0j)
3736,06.07.2018,16:00,7.0,(5.443680165984116+0j)
3737,06.07.2018,17:00,6.0,(5.171029370782441+0j)
3738,06.07.2018,18:00,18.0,(7.457914888057963+0j)
3739,06.07.2018,19:00,22.0,(7.9738393445443+0j)
3740,06.07.2018,20:00,18.0,(7.457914888057963+0j)
3741,06.07.2018,21:00,22.0,(7.9738393445443+0j)
3742,06.07.2018,22:00,23.0,(8.092869420675413+0j)
3743,06.07.2018,23:00,22.0,(7.9738393445443+0j)
3744,07.07.2018,00:00,23.0,(8.092869420675413+0j)
3745,07.07.2018,01:00,22.0,(7.9738393445443+0j)
3746,07.07.2018,02:00,20.0,(7.724491855603646+0j)
3747,07.07.2018,03:00,25.0,(8.320956608290626+0j)
3748,07.07.2018,04:00,26.0,(8.430455436469295+0j)
3749,07.07.2018,05:00,35.0,(9.308562145233848+0j)
3750,07.07.2018,06:00,39.0,(9.650462409337567+0j)
3751,07.07.2018,07:00,31.0,(8.939512150377235+0j)
3752,07.07.2018,08:00,33.0,(9.127767465531983+0j)
3753,07.07.2018,09:00,25.0,(8.320956608290626+0j)
3754,07.07.2018,10:00,30.0,(8.84233584359671+0j)
3755,07.07.2018,11:00,32.0,(9.034620481786352+0j)
3756,07.07.2018,12:00,22.0,(7.9738393445443+0j)
3757,07.07.2018,13:00,21.0,(7.851145380281553+0j)
3758,07.07.2018,14:00,16.0,(7.170783028460548+0j)
3759,07.07.2018,15:00,15.0,(7.018166609990766+0j)
3760,07.07.2018,16:00,11.0,(6.32884048187752+0j)
3761,07.07.2018,17:00,12.0,(6.515088753873438+0j)
3762,07.07.2018,18:00,23.0,(8.092869420675413+0j)
3763,07.07.2018,19:00,30.0,(8.84233584359671+0j)
3764,07.07.2018,20:00,27.0,(8.537181392110488+0j)
3765,07.07.2018,21:00,38.0,(9.567264627885733+0j)
3766,07.07.2018,22:00,36.0,(9.396383955788593+0j)
3767,07.07.2018,23:00,31.0,(8.939512150377235+0j)
3768,08.07.2018,00:00,21.0,(7.851145380281553+0j)
3769,08.07.2018,01:00,25.0,(8.320956608290626+0j)
3770,08.07.2018,02:00,28.0,(8.641303622061608+0j)
3771,08.07.2018,03:00,31.0,(8.939512150377235+0j)
3772,08.07.2018,04:00,31.0,(8.939512150377235+0j)
3773,08.07.2018,05:00,27.0,(8.537181392110488+0j)
3774,08.07.2018,06:00,24.0,(8.208497462938503+0j)
3775,08.07.2018,07:00,26.0,(8.430455436469295+0j)
3776,08.07.2018,08:00,14.0,(6.858607230018604+0j)
3777,08.07.2018,09:00,11.0,(6.32884048187752+0j)
3778,08.07.2018,10:00,6.0,(5.171029370782441+0j)
3779,08.07.2018,11:00,6.0,(5.171029370782441+0j)
3780,08.07.2018,12:00,2.0,(3.585391514230274+0j)
3781,08.07.2018,13:00,0.0,0j
3782,08.07.2018,14:00,2.0,(3.585391514230274+0j)
3783,08.07.2018,15:00,6.0,(5.171029370782441+0j)
3784,08.07.2018,16:00,8.0,(5.691454261406992+0j)
3785,08.07.2018,17:00,6.0,(5.171029370782441+0j)
3786,08.07.2018,18:00,9.0,(5.919350969396254+0j)
3787,08.07.2018,19:00,7.0,(5.443680165984116+0j)
3788,08.07.2018,20:00,5.0,(4.866124944308272+0j)
3789,08.07.2018,21:00,4.0,(4.517310240893176+0j)
3790,08.07.2018,22:00,16.0,(7.170783028460548+0j)
3791,08.07.2018,23:00,25.0,(8.320956608290626+0j)
3792,09.07.2018,00:00,19.0,(7.593542967381978+0j)
3793,09.07.2018,01:00,20.0,(7.724491855603646+0j)
3794,09.07.2018,02:00,17.0,(7.317165783214581+0j)
3795,09.07.2018,03:00,12.0,(6.515088753873438+0j)
3796,09.07.2018,04:00,15.0,(7.018166609990766+0j)
3797,09.07.2018,05:00,20.0,(7.724491855603646+0j)
3798,09.07.2018,06:00,19.0,(7.593542967381978+0j)
3799,09.07.2018,07:00,13.0,(6.691256914211192+0j)
3800,09.07.2018,08:00,3.0,(4.1042487314692515+0j)
3801,09.07.2018,09:00,2.0,(3.585391514230274+0j)
3802,09.07.2018,10:00,2.0,(3.585391514230274+0j)
3803,09.07.2018,11:00,1.0,(2.845727130703496+0j)
3804,09.07.2018,12:00,0.0,0j
3805,09.07.2018,13:00,0.0,0j
3806,09.07.2018,14:00,8.0,(5.691454261406992+0j)
3807,09.07.2018,15:00,10.0,(6.130933248752508+0j)
3808,09.07.2018,16:00,10.0,(6.130933248752508+0j)
3809,09.07.2018,17:00,11.0,(6.32884048187752+0j)
3810,09.07.2018,18:00,8.0,(5.691454261406992+0j)
3811,09.07.2018,19:00,5.0,(4.866124944308272+0j)
3812,09.07.2018,20:00,4.0,(4.517310240893176+0j)
3813,09.07.2018,21:00,4.0,(4.517310240893176+0j)
3814,09.07.2018,22:00,2.0,(3.585391514230274+0j)
3815,09.07.2018,23:00,0.0,0j
3816,10.07.2018,00:00,1.0,(2.845727130703496+0j)
3817,10.07.2018,01:00,1.0,(2.845727130703496+0j)
3818,10.07.2018,02:00,0.0,0j
3819,10.07.2018,03:00,0.0,0j
3820,10.07.2018,04:00,0.0,0j
3821,10.07.2018,05:00,0.0,0j
3822,10.07.2018,06:00,0.0,0j
3823,10.07.2018,07:00,0.0,0j
3824,10.07.2018,08:00,0.0,0j
3825,10.07.2018,09:00,0.0,0j
3826,10.07.2018,10:00,0.0,0j
3827,10.07.2018,11:00,1.0,(2.845727130703496+0j)
3828,10.07.2018,12:00,2.0,(3.585391514230274+0j)
3829,10.07.2018,13:00,9.0,(5.919350969396254+0j)
3830,10.07.2018,14:00,14.0,(6.858607230018604+0j)
3831,10.07.2018,15:00,15.0,(7.018166609990766+0j)
3832,10.07.2018,16:00,12.0,(6.515088753873438+0j)
3833,10.07.2018,17:00,14.0,(6.858607230018604+0j)
3834,10.07.2018,18:00,10.0,(6.130933248752508+0j)
3835,10.07.2018,19:00,11.0,(6.32884048187752+0j)
3836,10.07.2018,20:00,9.0,(5.919350969396254+0j)
3837,10.07.2018,21:00,4.0,(4.517310240893176+0j)
3838,10.07.2018,22:00,0.0,0j
3839,10.07.2018,23:00,7.0,(5.443680165984116+0j)
3840,11.07.2018,00:00,10.0,(6.130933248752508+0j)
3841,11.07.2018,01:00,8.0,(5.691454261406992+0j)
3842,11.07.2018,02:00,7.0,(5.443680165984116+0j)
3843,11.07.2018,03:00,8.0,(5.691454261406992+0j)
3844,11.07.2018,04:00,13.0,(6.691256914211192+0j)
3845,11.07.2018,05:00,15.0,(7.018166609990766+0j)
3846,11.07.2018,06:00,13.0,(6.691256914211192+0j)
3847,11.07.2018,07:00,15.0,(7.018166609990766+0j)
3848,11.07.2018,08:00,14.0,(6.858607230018604+0j)
3849,11.07.2018,09:00,10.0,(6.130933248752508+0j)
3850,11.07.2018,10:00,5.0,(4.866124944308272+0j)
3851,11.07.2018,11:00,7.0,(5.443680165984116+0j)
3852,11.07.2018,12:00,9.0,(5.919350969396254+0j)
3853,11.07.2018,13:00,5.0,(4.866124944308272+0j)
3854,11.07.2018,14:00,4.0,(4.517310240893176+0j)
3855,11.07.2018,15:00,10.0,(6.130933248752508+0j)
3856,11.07.2018,16:00,9.0,(5.919350969396254+0j)
3857,11.07.2018,17:00,7.0,(5.443680165984116+0j)
3858,11.07.2018,18:00,23.0,(8.092869420675413+0j)
3859,11.07.2018,19:00,33.0,(9.127767465531983+0j)
3860,11.07.2018,20:00,49.0,(10.41338553855059+0j)
3861,11.07.2018,21:00,41.0,(9.812685353516676+0j)
3862,11.07.2018,22:00,39.0,(9.650462409337567+0j)
3863,11.07.2018,23:00,33.0,(9.127767465531983+0j)
3864,12.07.2018,00:00,30.0,(8.84233584359671+0j)
3865,12.07.2018,01:00,35.0,(9.308562145233848+0j)
3866,12.07.2018,02:00,28.0,(8.641303622061608+0j)
3867,12.07.2018,03:00,28.0,(8.641303622061608+0j)
3868,12.07.2018,04:00,32.0,(9.034620481786352+0j)
3869,12.07.2018,05:00,30.0,(8.84233584359671+0j)
3870,12.07.2018,06:00,43.0,(9.969714910096506+0j)
3871,12.07.2018,07:00,50.0,(10.483748386047209+0j)
3872,12.07.2018,08:00,51.0,(10.5531792067093+0j)
3873,12.07.2018,09:00,60.0,(11.140645059587433+0j)
3874,12.07.2018,10:00,61.0,(11.202196833891742+0j)
3875,12.07.2018,11:00,62.0,(11.263079534051261+0j)
3876,12.07.2018,12:00,50.0,(10.483748386047209+0j)
3877,12.07.2018,13:00,51.0,(10.5531792067093+0j)
3878,12.07.2018,14:00,43.0,(9.969714910096506+0j)
3879,12.07.2018,15:00,47.0,(10.269734286241032+0j)
3880,12.07.2018,16:00,53.0,(10.689364281461948+0j)
3881,12.07.2018,17:00,58.0,(11.015458675840927+0j)
3882,12.07.2018,18:00,62.0,(11.263079534051261+0j)
3883,12.07.2018,19:00,60.0,(11.140645059587433+0j)
3884,12.07.2018,20:00,59.0,(11.078405520382008+0j)
3885,12.07.2018,21:00,50.0,(10.483748386047209+0j)
3886,12.07.2018,22:00,46.0,(10.19637653715948+0j)
3887,12.07.2018,23:00,45.0,(10.121947777604984+0j)
3888,13.07.2018,00:00,0.0,0j
3889,13.07.2018,01:00,48.0,(10.34205874156488+0j)
3890,13.07.2018,02:00,51.0,(10.5531792067093+0j)
3891,13.07.2018,03:00,55.0,(10.822164994364314+0j)
3892,13.07.2018,04:00,53.0,(10.689364281461948+0j)
3893,13.07.2018,05:00,53.0,(10.689364281461948+0j)
3894,13.07.2018,06:00,52.0,(10.621708264608335+0j)
3895,13.07.2018,07:00,52.0,(10.621708264608335+0j)
3896,13.07.2018,08:00,60.0,(11.140645059587433+0j)
3897,13.07.2018,09:00,64.0,(11.382908522813985+0j)
3898,13.07.2018,10:00,64.0,(11.382908522813985+0j)
3899,13.07.2018,11:00,63.0,(11.323311051132062+0j)
3900,13.07.2018,12:00,60.0,(11.140645059587433+0j)
3901,13.07.2018,13:00,56.0,(10.887360331968232+0j)
3902,13.07.2018,14:00,63.0,(11.323311051132062+0j)
3903,13.07.2018,15:00,67.0,(11.55805762209552+0j)
3904,13.07.2018,16:00,65.0,(11.441888376335278+0j)
3905,13.07.2018,17:00,65.0,(11.441888376335278+0j)
3906,13.07.2018,18:00,66.0,(11.500266368369322+0j)
3907,13.07.2018,19:00,65.0,(11.441888376335278+0j)
3908,13.07.2018,20:00,61.0,(11.202196833891742+0j)
3909,13.07.2018,21:00,62.0,(11.263079534051261+0j)
3910,13.07.2018,22:00,51.0,(10.5531792067093+0j)
3911,13.07.2018,23:00,66.0,(11.500266368369322+0j)
3912,14.07.2018,00:00,57.0,(10.9517840818175+0j)
3913,14.07.2018,01:00,53.0,(10.689364281461948+0j)
3914,14.07.2018,02:00,52.0,(10.621708264608335+0j)
3915,14.07.2018,03:00,62.0,(11.263079534051261+0j)
3916,14.07.2018,04:00,58.0,(11.015458675840927+0j)
3917,14.07.2018,05:00,60.0,(11.140645059587433+0j)
3918,14.07.2018,06:00,60.0,(11.140645059587433+0j)
3919,14.07.2018,07:00,59.0,(11.078405520382008+0j)
3920,14.07.2018,08:00,58.0,(11.015458675840927+0j)
3921,14.07.2018,09:00,57.0,(10.9517840818175+0j)
3922,14.07.2018,10:00,63.0,(11.323311051132062+0j)
3923,14.07.2018,11:00,50.0,(10.483748386047209+0j)
3924,14.07.2018,12:00,50.0,(10.483748386047209+0j)
3925,14.07.2018,13:00,53.0,(10.689364281461948+0j)
3926,14.07.2018,14:00,58.0,(11.015458675840927+0j)
3927,14.07.2018,15:00,62.0,(11.263079534051261+0j)
3928,14.07.2018,16:00,62.0,(11.263079534051261+0j)
3929,14.07.2018,17:00,62.0,(11.263079534051261+0j)
3930,14.07.2018,18:00,66.0,(11.500266368369322+0j)
3931,14.07.2018,19:00,66.0,(11.500266368369322+0j)
3932,14.07.2018,20:00,68.0,(11.615276661700541+0j)
3933,14.07.2018,21:00,62.0,(11.263079534051261+0j)
3934,14.07.2018,22:00,61.0,(11.202196833891742+0j)
3935,14.07.2018,23:00,56.0,(10.887360331968232+0j)
3936,15.07.2018,00:00,57.0,(10.9517840818175+0j)
3937,15.07.2018,01:00,55.0,(10.822164994364314+0j)
3938,15.07.2018,02:00,60.0,(11.140645059587433+0j)
3939,15.07.2018,03:00,62.0,(11.263079534051261+0j)
3940,15.07.2018,04:00,59.0,(11.078405520382008+0j)
3941,15.07.2018,05:00,54.0,(10.756174542690822+0j)
3942,15.07.2018,06:00,46.0,(10.19637653715948+0j)
3943,15.07.2018,07:00,41.0,(9.812685353516676+0j)
3944,15.07.2018,08:00,38.0,(9.567264627885733+0j)
3945,15.07.2018,09:00,39.0,(9.650462409337567+0j)
3946,15.07.2018,10:00,41.0,(9.812685353516676+0j)
3947,15.07.2018,11:00,30.0,(8.84233584359671+0j)
3948,15.07.2018,12:00,26.0,(8.430455436469295+0j)
3949,15.07.2018,13:00,36.0,(9.396383955788593+0j)
3950,15.07.2018,14:00,44.0,(10.0464080386713+0j)
3951,15.07.2018,15:00,44.0,(10.0464080386713+0j)
3952,15.07.2018,16:00,46.0,(10.19637653715948+0j)
3953,15.07.2018,17:00,50.0,(10.483748386047209+0j)
3954,15.07.2018,18:00,53.0,(10.689364281461948+0j)
3955,15.07.2018,19:00,55.0,(10.822164994364314+0j)
3956,15.07.2018,20:00,48.0,(10.34205874156488+0j)
3957,15.07.2018,21:00,43.0,(9.969714910096506+0j)
3958,15.07.2018,22:00,48.0,(10.34205874156488+0j)
3959,15.07.2018,23:00,45.0,(10.121947777604984+0j)
3960,16.07.2018,00:00,26.0,(8.430455436469295+0j)
3961,16.07.2018,01:00,31.0,(8.939512150377235+0j)
3962,16.07.2018,02:00,26.0,(8.430455436469295+0j)
3963,16.07.2018,03:00,26.0,(8.430455436469295+0j)
3964,16.07.2018,04:00,30.0,(8.84233584359671+0j)
3965,16.07.2018,05:00,19.0,(7.593542967381978+0j)
3966,16.07.2018,06:00,21.0,(7.851145380281553+0j)
3967,16.07.2018,07:00,9.0,(5.919350969396254+0j)
3968,16.07.2018,08:00,12.0,(6.515088753873438+0j)
3969,16.07.2018,09:00,24.0,(8.208497462938503+0j)
3970,16.07.2018,10:00,28.0,(8.641303622061608+0j)
3971,16.07.2018,11:00,24.0,(8.208497462938503+0j)
3972,16.07.2018,12:00,13.0,(6.691256914211192+0j)
3973,16.07.2018,13:00,10.0,(6.130933248752508+0j)
3974,16.07.2018,14:00,4.0,(4.517310240893176+0j)
3975,16.07.2018,15:00,2.0,(3.585391514230274+0j)
3976,16.07.2018,16:00,10.0,(6.130933248752508+0j)
3977,16.07.2018,17:00,6.0,(5.171029370782441+0j)
3978,16.07.2018,18:00,10.0,(6.130933248752508+0j)
3979,16.07.2018,19:00,2.0,(3.585391514230274+0j)
3980,16.07.2018,20:00,0.0,0j
3981,16.07.2018,21:00,10.0,(6.130933248752508+0j)
3982,16.07.2018,22:00,15.0,(7.018166609990766+0j)
3983,16.07.2018,23:00,8.0,(5.691454261406992+0j)
3984,17.07.2018,00:00,6.0,(5.171029370782441+0j)
3985,17.07.2018,01:00,6.0,(5.171029370782441+0j)
3986,17.07.2018,02:00,6.0,(5.171029370782441+0j)
3987,17.07.2018,03:00,7.0,(5.443680165984116+0j)
3988,17.07.2018,04:00,5.0,(4.866124944308272+0j)
3989,17.07.2018,05:00,5.0,(4.866124944308272+0j)
3990,17.07.2018,06:00,5.0,(4.866124944308272+0j)
3991,17.07.2018,07:00,0.0,0j
3992,17.07.2018,08:00,0.0,0j
3993,17.07.2018,09:00,0.0,0j
3994,17.07.2018,10:00,0.0,0j
3995,17.07.2018,11:00,0.0,0j
3996,17.07.2018,12:00,2.0,(3.585391514230274+0j)
3997,17.07.2018,13:00,3.0,(4.1042487314692515+0j)
3998,17.07.2018,14:00,6.0,(5.171029370782441+0j)
3999,17.07.2018,15:00,9.0,(5.919350969396254+0j)
4000,17.07.2018,16:00,4.0,(4.517310240893176+0j)
4001,17.07.2018,17:00,6.0,(5.171029370782441+0j)
4002,17.07.2018,18:00,2.0,(3.585391514230274+0j)
4003,17.07.2018,19:00,0.0,0j
4004,17.07.2018,20:00,2.0,(3.585391514230274+0j)
4005,17.07.2018,21:00,2.0,(3.585391514230274+0j)
4006,17.07.2018,22:00,2.0,(3.585391514230274+0j)
4007,17.07.2018,23:00,0.0,0j
4008,18.07.2018,00:00,1.0,(2.845727130703496+0j)
4009,18.07.2018,01:00,0.0,0j
4010,18.07.2018,02:00,1.0,(2.845727130703496+0j)
4011,18.07.2018,03:00,0.0,0j
4012,18.07.2018,04:00,1.0,(2.845727130703496+0j)
4013,18.07.2018,05:00,2.0,(3.585391514230274+0j)
4014,18.07.2018,06:00,3.0,(4.1042487314692515+0j)
4015,18.07.2018,07:00,0.0,0j
4016,18.07.2018,08:00,3.0,(4.1042487314692515+0j)
4017,18.07.2018,09:00,0.0,0j
4018,18.07.2018,10:00,2.0,(3.585391514230274+0j)
4019,18.07.2018,11:00,2.0,(3.585391514230274+0j)
4020,18.07.2018,12:00,0.0,0j
4021,18.07.2018,13:00,2.0,(3.585391514230274+0j)
4022,18.07.2018,14:00,13.0,(6.691256914211192+0j)
4023,18.07.2018,15:00,16.0,(7.170783028460548+0j)
4024,18.07.2018,16:00,21.0,(7.851145380281553+0j)
4025,18.07.2018,17:00,5.0,(4.866124944308272+0j)
4026,18.07.2018,18:00,6.0,(5.171029370782441+0j)
4027,18.07.2018,19:00,4.0,(4.517310240893176+0j)
4028,18.07.2018,20:00,10.0,(6.130933248752508+0j)
4029,18.07.2018,21:00,35.0,(9.308562145233848+0j)
4030,18.07.2018,22:00,28.0,(8.641303622061608+0j)
4031,18.07.2018,23:00,25.0,(8.320956608290626+0j)
4032,19.07.2018,00:00,22.0,(7.9738393445443+0j)
4033,19.07.2018,01:00,10.0,(6.130933248752508+0j)
4034,19.07.2018,02:00,10.0,(6.130933248752508+0j)
4035,19.07.2018,03:00,5.0,(4.866124944308272+0j)
4036,19.07.2018,04:00,6.0,(5.171029370782441+0j)
4037,19.07.2018,05:00,10.0,(6.130933248752508+0j)
4038,19.07.2018,06:00,8.0,(5.691454261406992+0j)
4039,19.07.2018,07:00,3.0,(4.1042487314692515+0j)
4040,19.07.2018,08:00,0.0,0j
4041,19.07.2018,09:00,0.0,0j
4042,19.07.2018,10:00,0.0,0j
4043,19.07.2018,11:00,1.0,(2.845727130703496+0j)
4044,19.07.2018,12:00,2.0,(3.585391514230274+0j)
4045,19.07.2018,13:00,3.0,(4.1042487314692515+0j)
4046,19.07.2018,14:00,26.0,(8.430455436469295+0j)
4047,19.07.2018,15:00,15.0,(7.018166609990766+0j)
4048,19.07.2018,16:00,22.0,(7.9738393445443+0j)
4049,19.07.2018,17:00,14.0,(6.858607230018604+0j)
4050,19.07.2018,18:00,19.0,(7.593542967381978+0j)
4051,19.07.2018,19:00,11.0,(6.32884048187752+0j)
4052,19.07.2018,20:00,5.0,(4.866124944308272+0j)
4053,19.07.2018,21:00,2.0,(3.585391514230274+0j)
4054,19.07.2018,22:00,1.0,(2.845727130703496+0j)
4055,19.07.2018,23:00,0.0,0j
4056,20.07.2018,00:00,3.0,(4.1042487314692515+0j)
4057,20.07.2018,01:00,5.0,(4.866124944308272+0j)
4058,20.07.2018,02:00,7.0,(5.443680165984116+0j)
4059,20.07.2018,03:00,10.0,(6.130933248752508+0j)
4060,20.07.2018,04:00,12.0,(6.515088753873438+0j)
4061,20.07.2018,05:00,16.0,(7.170783028460548+0j)
4062,20.07.2018,06:00,7.0,(5.443680165984116+0j)
4063,20.07.2018,07:00,5.0,(4.866124944308272+0j)
4064,20.07.2018,08:00,7.0,(5.443680165984116+0j)
4065,20.07.2018,09:00,13.0,(6.691256914211192+0j)
4066,20.07.2018,10:00,12.0,(6.515088753873438+0j)
4067,20.07.2018,11:00,12.0,(6.515088753873438+0j)
4068,20.07.2018,12:00,18.0,(7.457914888057963+0j)
4069,20.07.2018,13:00,25.0,(8.320956608290626+0j)
4070,20.07.2018,14:00,15.0,(7.018166609990766+0j)
4071,20.07.2018,15:00,15.0,(7.018166609990766+0j)
4072,20.07.2018,16:00,17.0,(7.317165783214581+0j)
4073,20.07.2018,17:00,8.0,(5.691454261406992+0j)
4074,20.07.2018,18:00,6.0,(5.171029370782441+0j)
4075,20.07.2018,19:00,4.0,(4.517310240893176+0j)
4076,20.07.2018,20:00,37.0,(9.482594128751929+0j)
4077,20.07.2018,21:00,33.0,(9.127767465531983+0j)
4078,20.07.2018,22:00,39.0,(9.650462409337567+0j)
4079,20.07.2018,23:00,35.0,(9.308562145233848+0j)
4080,21.07.2018,00:00,34.0,(9.219051195842558+0j)
4081,21.07.2018,01:00,33.0,(9.127767465531983+0j)
4082,21.07.2018,02:00,24.0,(8.208497462938503+0j)
4083,21.07.2018,03:00,32.0,(9.034620481786352+0j)
4084,21.07.2018,04:00,41.0,(9.812685353516676+0j)
4085,21.07.2018,05:00,38.0,(9.567264627885733+0j)
4086,21.07.2018,06:00,40.0,(9.732249888616542+0j)
4087,21.07.2018,07:00,34.0,(9.219051195842558+0j)
4088,21.07.2018,08:00,24.0,(8.208497462938503+0j)
4089,21.07.2018,09:00,23.0,(8.092869420675413+0j)
4090,21.07.2018,10:00,23.0,(8.092869420675413+0j)
4091,21.07.2018,11:00,25.0,(8.320956608290626+0j)
4092,21.07.2018,12:00,22.0,(7.9738393445443+0j)
4093,21.07.2018,13:00,14.0,(6.858607230018604+0j)
4094,21.07.2018,14:00,16.0,(7.170783028460548+0j)
4095,21.07.2018,15:00,11.0,(6.32884048187752+0j)
4096,21.07.2018,16:00,12.0,(6.515088753873438+0j)
4097,21.07.2018,17:00,7.0,(5.443680165984116+0j)
4098,21.07.2018,18:00,7.0,(5.443680165984116+0j)
4099,21.07.2018,19:00,4.0,(4.517310240893176+0j)
4100,21.07.2018,20:00,13.0,(6.691256914211192+0j)
4101,21.07.2018,21:00,34.0,(9.219051195842558+0j)
4102,21.07.2018,22:00,28.0,(8.641303622061608+0j)
4103,21.07.2018,23:00,32.0,(9.034620481786352+0j)
4104,22.07.2018,00:00,28.0,(8.641303622061608+0j)
4105,22.07.2018,01:00,23.0,(8.092869420675413+0j)
4106,22.07.2018,02:00,20.0,(7.724491855603646+0j)
4107,22.07.2018,03:00,20.0,(7.724491855603646+0j)
4108,22.07.2018,04:00,20.0,(7.724491855603646+0j)
4109,22.07.2018,05:00,16.0,(7.170783028460548+0j)
4110,22.07.2018,06:00,14.0,(6.858607230018604+0j)
4111,22.07.2018,07:00,10.0,(6.130933248752508+0j)
4112,22.07.2018,08:00,7.0,(5.443680165984116+0j)
4113,22.07.2018,09:00,6.0,(5.171029370782441+0j)
4114,22.07.2018,10:00,7.0,(5.443680165984116+0j)
4115,22.07.2018,11:00,4.0,(4.517310240893176+0j)
4116,22.07.2018,12:00,2.0,(3.585391514230274+0j)
4117,22.07.2018,13:00,1.0,(2.845727130703496+0j)
4118,22.07.2018,14:00,4.0,(4.517310240893176+0j)
4119,22.07.2018,15:00,11.0,(6.32884048187752+0j)
4120,22.07.2018,16:00,13.0,(6.691256914211192+0j)
4121,22.07.2018,17:00,5.0,(4.866124944308272+0j)
4122,22.07.2018,18:00,8.0,(5.691454261406992+0j)
4123,22.07.2018,19:00,7.0,(5.443680165984116+0j)
4124,22.07.2018,20:00,5.0,(4.866124944308272+0j)
4125,22.07.2018,21:00,8.0,(5.691454261406992+0j)
4126,22.07.2018,22:00,0.0,0j
4127,22.07.2018,23:00,1.0,(2.845727130703496+0j)
4128,23.07.2018,00:00,5.0,(4.866124944308272+0j)
4129,23.07.2018,01:00,5.0,(4.866124944308272+0j)
4130,23.07.2018,02:00,5.0,(4.866124944308272+0j)
4131,23.07.2018,03:00,5.0,(4.866124944308272+0j)
4132,23.07.2018,04:00,4.0,(4.517310240893176+0j)
4133,23.07.2018,05:00,3.0,(4.1042487314692515+0j)
4134,23.07.2018,06:00,7.0,(5.443680165984116+0j)
4135,23.07.2018,07:00,0.0,0j
4136,23.07.2018,08:00,3.0,(4.1042487314692515+0j)
4137,23.07.2018,09:00,9.0,(5.919350969396254+0j)
4138,23.07.2018,10:00,9.0,(5.919350969396254+0j)
4139,23.07.2018,11:00,9.0,(5.919350969396254+0j)
4140,23.07.2018,12:00,15.0,(7.018166609990766+0j)
4141,23.07.2018,13:00,11.0,(6.32884048187752+0j)
4142,23.07.2018,14:00,10.0,(6.130933248752508+0j)
4143,23.07.2018,15:00,8.0,(5.691454261406992+0j)
4144,23.07.2018,16:00,20.0,(7.724491855603646+0j)
4145,23.07.2018,17:00,9.0,(5.919350969396254+0j)
4146,23.07.2018,18:00,6.0,(5.171029370782441+0j)
4147,23.07.2018,19:00,13.0,(6.691256914211192+0j)
4148,23.07.2018,20:00,6.0,(5.171029370782441+0j)
4149,23.07.2018,21:00,11.0,(6.32884048187752+0j)
4150,23.07.2018,22:00,9.0,(5.919350969396254+0j)
4151,23.07.2018,23:00,18.0,(7.457914888057963+0j)
4152,24.07.2018,00:00,15.0,(7.018166609990766+0j)
4153,24.07.2018,01:00,5.0,(4.866124944308272+0j)
4154,24.07.2018,02:00,6.0,(5.171029370782441+0j)
4155,24.07.2018,03:00,9.0,(5.919350969396254+0j)
4156,24.07.2018,04:00,4.0,(4.517310240893176+0j)
4157,24.07.2018,05:00,7.0,(5.443680165984116+0j)
4158,24.07.2018,06:00,6.0,(5.171029370782441+0j)
4159,24.07.2018,07:00,7.0,(5.443680165984116+0j)
4160,24.07.2018,08:00,3.0,(4.1042487314692515+0j)
4161,24.07.2018,09:00,1.0,(2.845727130703496+0j)
4162,24.07.2018,10:00,0.0,0j
4163,24.07.2018,11:00,3.0,(4.1042487314692515+0j)
4164,24.07.2018,12:00,3.0,(4.1042487314692515+0j)
4165,24.07.2018,13:00,5.0,(4.866124944308272+0j)
4166,24.07.2018,14:00,8.0,(5.691454261406992+0j)
4167,24.07.2018,15:00,8.0,(5.691454261406992+0j)
4168,24.07.2018,16:00,6.0,(5.171029370782441+0j)
4169,24.07.2018,17:00,1.0,(2.845727130703496+0j)
4170,24.07.2018,18:00,2.0,(3.585391514230274+0j)
4171,24.07.2018,19:00,8.0,(5.691454261406992+0j)
4172,24.07.2018,20:00,6.0,(5.171029370782441+0j)
4173,24.07.2018,21:00,0.0,0j
4174,24.07.2018,22:00,8.0,(5.691454261406992+0j)
4175,24.07.2018,23:00,30.0,(8.84233584359671+0j)
4176,25.07.2018,00:00,15.0,(7.018166609990766+0j)
4177,25.07.2018,01:00,11.0,(6.32884048187752+0j)
4178,25.07.2018,02:00,10.0,(6.130933248752508+0j)
4179,25.07.2018,03:00,10.0,(6.130933248752508+0j)
4180,25.07.2018,04:00,10.0,(6.130933248752508+0j)
4181,25.07.2018,05:00,4.0,(4.517310240893176+0j)
4182,25.07.2018,06:00,4.0,(4.517310240893176+0j)
4183,25.07.2018,07:00,4.0,(4.517310240893176+0j)
4184,25.07.2018,08:00,6.0,(5.171029370782441+0j)
4185,25.07.2018,09:00,0.0,0j
4186,25.07.2018,10:00,0.0,0j
4187,25.07.2018,11:00,0.0,0j
4188,25.07.2018,12:00,1.0,(2.845727130703496+0j)
4189,25.07.2018,13:00,3.0,(4.1042487314692515+0j)
4190,25.07.2018,14:00,4.0,(4.517310240893176+0j)
4191,25.07.2018,15:00,5.0,(4.866124944308272+0j)
4192,25.07.2018,16:00,4.0,(4.517310240893176+0j)
4193,25.07.2018,17:00,1.0,(2.845727130703496+0j)
4194,25.07.2018,18:00,0.0,0j
4195,25.07.2018,19:00,0.0,0j
4196,25.07.2018,20:00,0.0,0j
4197,25.07.2018,21:00,0.0,0j
4198,25.07.2018,22:00,0.0,0j
4199,25.07.2018,23:00,0.0,0j
4200,26.07.2018,00:00,1.0,(2.845727130703496+0j)
4201,26.07.2018,01:00,1.0,(2.845727130703496+0j)
4202,26.07.2018,02:00,3.0,(4.1042487314692515+0j)
4203,26.07.2018,03:00,5.0,(4.866124944308272+0j)
4204,26.07.2018,04:00,1.0,(2.845727130703496+0j)
4205,26.07.2018,05:00,1.0,(2.845727130703496+0j)
4206,26.07.2018,06:00,1.0,(2.845727130703496+0j)
4207,26.07.2018,07:00,0.0,0j
4208,26.07.2018,08:00,0.0,0j
4209,26.07.2018,09:00,0.0,0j
4210,26.07.2018,10:00,0.0,0j
4211,26.07.2018,11:00,0.0,0j
4212,26.07.2018,12:00,0.0,0j
4213,26.07.2018,13:00,1.0,(2.845727130703496+0j)
4214,26.07.2018,14:00,3.0,(4.1042487314692515+0j)
4215,26.07.2018,15:00,3.0,(4.1042487314692515+0j)
4216,26.07.2018,16:00,15.0,(7.018166609990766+0j)
4217,26.07.2018,17:00,5.0,(4.866124944308272+0j)
4218,26.07.2018,18:00,9.0,(5.919350969396254+0j)
4219,26.07.2018,19:00,7.0,(5.443680165984116+0j)
4220,26.07.2018,20:00,7.0,(5.443680165984116+0j)
4221,26.07.2018,21:00,7.0,(5.443680165984116+0j)
4222,26.07.2018,22:00,5.0,(4.866124944308272+0j)
4223,26.07.2018,23:00,0.0,0j
4224,27.07.2018,00:00,0.0,0j
4225,27.07.2018,01:00,0.0,0j
4226,27.07.2018,02:00,0.0,0j
4227,27.07.2018,03:00,0.0,0j
4228,27.07.2018,04:00,0.0,0j
4229,27.07.2018,05:00,0.0,0j
4230,27.07.2018,06:00,0.0,0j
4231,27.07.2018,07:00,0.0,0j
4232,27.07.2018,08:00,0.0,0j
4233,27.07.2018,09:00,0.0,0j
4234,27.07.2018,10:00,0.0,0j
4235,27.07.2018,11:00,4.0,(4.517310240893176+0j)
4236,27.07.2018,12:00,1.0,(2.845727130703496+0j)
4237,27.07.2018,13:00,6.0,(5.171029370782441+0j)
4238,27.07.2018,14:00,8.0,(5.691454261406992+0j)
4239,27.07.2018,15:00,9.0,(5.919350969396254+0j)
4240,27.07.2018,16:00,3.0,(4.1042487314692515+0j)
4241,27.07.2018,17:00,25.0,(8.320956608290626+0j)
4242,27.07.2018,18:00,0.0,0j
4243,27.07.2018,19:00,0.0,0j
4244,27.07.2018,20:00,0.0,0j
4245,27.07.2018,21:00,0.0,0j
4246,27.07.2018,22:00,0.0,0j
4247,27.07.2018,23:00,0.0,0j
4248,28.07.2018,00:00,0.0,0j
4249,28.07.2018,01:00,0.0,0j
4250,28.07.2018,02:00,0.0,0j
4251,28.07.2018,03:00,0.0,0j
4252,28.07.2018,04:00,0.0,0j
4253,28.07.2018,05:00,0.0,0j
4254,28.07.2018,06:00,0.0,0j
4255,28.07.2018,07:00,0.0,0j
4256,28.07.2018,08:00,0.0,0j
4257,28.07.2018,09:00,0.0,0j
4258,28.07.2018,10:00,0.0,0j
4259,28.07.2018,11:00,0.0,0j
4260,28.07.2018,12:00,0.0,0j
4261,28.07.2018,13:00,0.0,0j
4262,28.07.2018,14:00,1.0,(2.845727130703496+0j)
4263,28.07.2018,15:00,7.0,(5.443680165984116+0j)
4264,28.07.2018,16:00,4.0,(4.517310240893176+0j)
4265,28.07.2018,17:00,4.0,(4.517310240893176+0j)
4266,28.07.2018,18:00,7.0,(5.443680165984116+0j)
4267,28.07.2018,19:00,4.0,(4.517310240893176+0j)
4268,28.07.2018,20:00,0.0,0j
4269,28.07.2018,21:00,0.0,0j
4270,28.07.2018,22:00,0.0,0j
4271,28.07.2018,23:00,2.0,(3.585391514230274+0j)
4272,29.07.2018,00:00,7.0,(5.443680165984116+0j)
4273,29.07.2018,01:00,10.0,(6.130933248752508+0j)
4274,29.07.2018,02:00,10.0,(6.130933248752508+0j)
4275,29.07.2018,03:00,10.0,(6.130933248752508+0j)
4276,29.07.2018,04:00,10.0,(6.130933248752508+0j)
4277,29.07.2018,05:00,12.0,(6.515088753873438+0j)
4278,29.07.2018,06:00,19.0,(7.593542967381978+0j)
4279,29.07.2018,07:00,20.0,(7.724491855603646+0j)
4280,29.07.2018,08:00,20.0,(7.724491855603646+0j)
4281,29.07.2018,09:00,20.0,(7.724491855603646+0j)
4282,29.07.2018,10:00,24.0,(8.208497462938503+0j)
4283,29.07.2018,11:00,17.0,(7.317165783214581+0j)
4284,29.07.2018,12:00,17.0,(7.317165783214581+0j)
4285,29.07.2018,13:00,15.0,(7.018166609990766+0j)
4286,29.07.2018,14:00,8.0,(5.691454261406992+0j)
4287,29.07.2018,15:00,5.0,(4.866124944308272+0j)
4288,29.07.2018,16:00,36.0,(9.396383955788593+0j)
4289,29.07.2018,17:00,23.0,(8.092869420675413+0j)
4290,29.07.2018,18:00,25.0,(8.320956608290626+0j)
4291,29.07.2018,19:00,37.0,(9.482594128751929+0j)
4292,29.07.2018,20:00,32.0,(9.034620481786352+0j)
4293,29.07.2018,21:00,39.0,(9.650462409337567+0j)
4294,29.07.2018,22:00,40.0,(9.732249888616542+0j)
4295,29.07.2018,23:00,31.0,(8.939512150377235+0j)
4296,30.07.2018,00:00,26.0,(8.430455436469295+0j)
4297,30.07.2018,01:00,28.0,(8.641303622061608+0j)
4298,30.07.2018,02:00,28.0,(8.641303622061608+0j)
4299,30.07.2018,03:00,20.0,(7.724491855603646+0j)
4300,30.07.2018,04:00,33.0,(9.127767465531983+0j)
4301,30.07.2018,05:00,38.0,(9.567264627885733+0j)
4302,30.07.2018,06:00,28.0,(8.641303622061608+0j)
4303,30.07.2018,07:00,24.0,(8.208497462938503+0j)
4304,30.07.2018,08:00,20.0,(7.724491855603646+0j)
4305,30.07.2018,09:00,19.0,(7.593542967381978+0j)
4306,30.07.2018,10:00,13.0,(6.691256914211192+0j)
4307,30.07.2018,11:00,14.0,(6.858607230018604+0j)
4308,30.07.2018,12:00,14.0,(6.858607230018604+0j)
4309,30.07.2018,13:00,13.0,(6.691256914211192+0j)
4310,30.07.2018,14:00,9.0,(5.919350969396254+0j)
4311,30.07.2018,15:00,10.0,(6.130933248752508+0j)
4312,30.07.2018,16:00,9.0,(5.919350969396254+0j)
4313,30.07.2018,17:00,9.0,(5.919350969396254+0j)
4314,30.07.2018,18:00,15.0,(7.018166609990766+0j)
4315,30.07.2018,19:00,45.0,(10.121947777604984+0j)
4316,30.07.2018,20:00,55.0,(10.822164994364314+0j)
4317,30.07.2018,21:00,31.0,(8.939512150377235+0j)
4318,30.07.2018,22:00,11.0,(6.32884048187752+0j)
4319,30.07.2018,23:00,4.0,(4.517310240893176+0j)
4320,31.07.2018,00:00,23.0,(8.092869420675413+0j)
4321,31.07.2018,01:00,8.0,(5.691454261406992+0j)
4322,31.07.2018,02:00,7.0,(5.443680165984116+0j)
4323,31.07.2018,03:00,3.0,(4.1042487314692515+0j)
4324,31.07.2018,04:00,12.0,(6.515088753873438+0j)
4325,31.07.2018,05:00,12.0,(6.515088753873438+0j)
4326,31.07.2018,06:00,21.0,(7.851145380281553+0j)
4327,31.07.2018,07:00,28.0,(8.641303622061608+0j)
4328,31.07.2018,08:00,25.0,(8.320956608290626+0j)
4329,31.07.2018,09:00,22.0,(7.9738393445443+0j)
4330,31.07.2018,10:00,38.0,(9.567264627885733+0j)
4331,31.07.2018,11:00,33.0,(9.127767465531983+0j)
4332,31.07.2018,12:00,33.0,(9.127767465531983+0j)
4333,31.07.2018,13:00,22.0,(7.9738393445443+0j)
4334,31.07.2018,14:00,22.0,(7.9738393445443+0j)
4335,31.07.2018,15:00,33.0,(9.127767465531983+0j)
4336,31.07.2018,16:00,29.0,(8.74297534497106+0j)
4337,31.07.2018,17:00,28.0,(8.641303622061608+0j)
4338,31.07.2018,18:00,29.0,(8.74297534497106+0j)
4339,31.07.2018,19:00,30.0,(8.84233584359671+0j)
4340,31.07.2018,20:00,20.0,(7.724491855603646+0j)
4341,31.07.2018,21:00,19.0,(7.593542967381978+0j)
4342,31.07.2018,22:00,17.0,(7.317165783214581+0j)
4343,31.07.2018,23:00,28.0,(8.641303622061608+0j)
4344,01.08.2018,00:00,25.0,(8.320956608290626+0j)
4345,01.08.2018,01:00,27.0,(8.537181392110488+0j)
4346,01.08.2018,02:00,27.0,(8.537181392110488+0j)
4347,01.08.2018,03:00,27.0,(8.537181392110488+0j)
4348,01.08.2018,04:00,37.0,(9.482594128751929+0j)
4349,01.08.2018,05:00,32.0,(9.034620481786352+0j)
4350,01.08.2018,06:00,24.0,(8.208497462938503+0j)
4351,01.08.2018,07:00,29.0,(8.74297534497106+0j)
4352,01.08.2018,08:00,40.0,(9.732249888616542+0j)
4353,01.08.2018,09:00,45.0,(10.121947777604984+0j)
4354,01.08.2018,10:00,49.0,(10.41338553855059+0j)
4355,01.08.2018,11:00,26.0,(8.430455436469295+0j)
4356,01.08.2018,12:00,26.0,(8.430455436469295+0j)
4357,01.08.2018,13:00,17.0,(7.317165783214581+0j)
4358,01.08.2018,14:00,8.0,(5.691454261406992+0j)
4359,01.08.2018,15:00,17.0,(7.317165783214581+0j)
4360,01.08.2018,16:00,22.0,(7.9738393445443+0j)
4361,01.08.2018,17:00,27.0,(8.537181392110488+0j)
4362,01.08.2018,18:00,35.0,(9.308562145233848+0j)
4363,01.08.2018,19:00,43.0,(9.969714910096506+0j)
4364,01.08.2018,20:00,49.0,(10.41338553855059+0j)
4365,01.08.2018,21:00,47.0,(10.269734286241032+0j)
4366,01.08.2018,22:00,48.0,(10.34205874156488+0j)
4367,01.08.2018,23:00,43.0,(9.969714910096506+0j)
4368,02.08.2018,00:00,42.0,(9.891823330401618+0j)
4369,02.08.2018,01:00,28.0,(8.641303622061608+0j)
4370,02.08.2018,02:00,26.0,(8.430455436469295+0j)
4371,02.08.2018,03:00,44.0,(10.0464080386713+0j)
4372,02.08.2018,04:00,44.0,(10.0464080386713+0j)
4373,02.08.2018,05:00,46.0,(10.19637653715948+0j)
4374,02.08.2018,06:00,52.0,(10.621708264608335+0j)
4375,02.08.2018,07:00,42.0,(9.891823330401618+0j)
4376,02.08.2018,08:00,49.0,(10.41338553855059+0j)
4377,02.08.2018,09:00,43.0,(9.969714910096506+0j)
4378,02.08.2018,10:00,46.0,(10.19637653715948+0j)
4379,02.08.2018,11:00,48.0,(10.34205874156488+0j)
4380,02.08.2018,12:00,46.0,(10.19637653715948+0j)
4381,02.08.2018,13:00,46.0,(10.19637653715948+0j)
4382,02.08.2018,14:00,40.0,(9.732249888616542+0j)
4383,02.08.2018,15:00,39.0,(9.650462409337567+0j)
4384,02.08.2018,16:00,42.0,(9.891823330401618+0j)
4385,02.08.2018,17:00,63.0,(11.323311051132062+0j)
4386,02.08.2018,18:00,62.0,(11.263079534051261+0j)
4387,02.08.2018,19:00,64.0,(11.382908522813985+0j)
4388,02.08.2018,20:00,56.0,(10.887360331968232+0j)
4389,02.08.2018,21:00,53.0,(10.689364281461948+0j)
4390,02.08.2018,22:00,57.0,(10.9517840818175+0j)
4391,02.08.2018,23:00,58.0,(11.015458675840927+0j)
4392,03.08.2018,00:00,53.0,(10.689364281461948+0j)
4393,03.08.2018,01:00,60.0,(11.140645059587433+0j)
4394,03.08.2018,02:00,61.0,(11.202196833891742+0j)
4395,03.08.2018,03:00,55.0,(10.822164994364314+0j)
4396,03.08.2018,04:00,54.0,(10.756174542690822+0j)
4397,03.08.2018,05:00,45.0,(10.121947777604984+0j)
4398,03.08.2018,06:00,60.0,(11.140645059587433+0j)
4399,03.08.2018,07:00,68.0,(11.615276661700541+0j)
4400,03.08.2018,08:00,68.0,(11.615276661700541+0j)
4401,03.08.2018,09:00,68.0,(11.615276661700541+0j)
4402,03.08.2018,10:00,69.0,(11.671937444523078+0j)
4403,03.08.2018,11:00,69.0,(11.671937444523078+0j)
4404,03.08.2018,12:00,67.0,(11.55805762209552+0j)
4405,03.08.2018,13:00,67.0,(11.55805762209552+0j)
4406,03.08.2018,14:00,67.0,(11.55805762209552+0j)
4407,03.08.2018,15:00,68.0,(11.615276661700541+0j)
4408,03.08.2018,16:00,68.0,(11.615276661700541+0j)
4409,03.08.2018,17:00,67.0,(11.55805762209552+0j)
4410,03.08.2018,18:00,68.0,(11.615276661700541+0j)
4411,03.08.2018,19:00,69.0,(11.671937444523078+0j)
4412,03.08.2018,20:00,60.0,(11.140645059587433+0j)
4413,03.08.2018,21:00,60.0,(11.140645059587433+0j)
4414,03.08.2018,22:00,60.0,(11.140645059587433+0j)
4415,03.08.2018,23:00,60.0,(11.140645059587433+0j)
4416,04.08.2018,00:00,55.0,(10.822164994364314+0j)
4417,04.08.2018,01:00,61.0,(11.202196833891742+0j)
4418,04.08.2018,02:00,68.0,(11.615276661700541+0j)
4419,04.08.2018,03:00,68.0,(11.615276661700541+0j)
4420,04.08.2018,04:00,67.0,(11.55805762209552+0j)
4421,04.08.2018,05:00,68.0,(11.615276661700541+0j)
4422,04.08.2018,06:00,69.0,(11.671937444523078+0j)
4423,04.08.2018,07:00,66.0,(11.500266368369322+0j)
4424,04.08.2018,08:00,69.0,(11.671937444523078+0j)
4425,04.08.2018,09:00,66.0,(11.500266368369322+0j)
4426,04.08.2018,10:00,65.0,(11.441888376335278+0j)
4427,04.08.2018,11:00,64.0,(11.382908522813985+0j)
4428,04.08.2018,12:00,63.0,(11.323311051132062+0j)
4429,04.08.2018,13:00,62.0,(11.263079534051261+0j)
4430,04.08.2018,14:00,56.0,(10.887360331968232+0j)
4431,04.08.2018,15:00,65.0,(11.441888376335278+0j)
4432,04.08.2018,16:00,60.0,(11.140645059587433+0j)
4433,04.08.2018,17:00,40.0,(9.732249888616542+0j)
4434,04.08.2018,18:00,54.0,(10.756174542690822+0j)
4435,04.08.2018,19:00,45.0,(10.121947777604984+0j)
4436,04.08.2018,20:00,66.0,(11.500266368369322+0j)
4437,04.08.2018,21:00,67.0,(11.55805762209552+0j)
4438,04.08.2018,22:00,58.0,(11.015458675840927+0j)
4439,04.08.2018,23:00,55.0,(10.822164994364314+0j)
4440,05.08.2018,00:00,51.0,(10.5531792067093+0j)
4441,05.08.2018,01:00,48.0,(10.34205874156488+0j)
4442,05.08.2018,02:00,50.0,(10.483748386047209+0j)
4443,05.08.2018,03:00,52.0,(10.621708264608335+0j)
4444,05.08.2018,04:00,57.0,(10.9517840818175+0j)
4445,05.08.2018,05:00,55.0,(10.822164994364314+0j)
4446,05.08.2018,06:00,60.0,(11.140645059587433+0j)
4447,05.08.2018,07:00,59.0,(11.078405520382008+0j)
4448,05.08.2018,08:00,60.0,(11.140645059587433+0j)
4449,05.08.2018,09:00,61.0,(11.202196833891742+0j)
4450,05.08.2018,10:00,36.0,(9.396383955788593+0j)
4451,05.08.2018,11:00,23.0,(8.092869420675413+0j)
4452,05.08.2018,12:00,18.0,(7.457914888057963+0j)
4453,05.08.2018,13:00,26.0,(8.430455436469295+0j)
4454,05.08.2018,14:00,26.0,(8.430455436469295+0j)
4455,05.08.2018,15:00,24.0,(8.208497462938503+0j)
4456,05.08.2018,16:00,42.0,(9.891823330401618+0j)
4457,05.08.2018,17:00,57.0,(10.9517840818175+0j)
4458,05.08.2018,18:00,53.0,(10.689364281461948+0j)
4459,05.08.2018,19:00,45.0,(10.121947777604984+0j)
4460,05.08.2018,20:00,35.0,(9.308562145233848+0j)
4461,05.08.2018,21:00,27.0,(8.537181392110488+0j)
4462,05.08.2018,22:00,27.0,(8.537181392110488+0j)
4463,05.08.2018,23:00,20.0,(7.724491855603646+0j)
4464,06.08.2018,00:00,24.0,(8.208497462938503+0j)
4465,06.08.2018,01:00,19.0,(7.593542967381978+0j)
4466,06.08.2018,02:00,23.0,(8.092869420675413+0j)
4467,06.08.2018,03:00,21.0,(7.851145380281553+0j)
4468,06.08.2018,04:00,26.0,(8.430455436469295+0j)
4469,06.08.2018,05:00,32.0,(9.034620481786352+0j)
4470,06.08.2018,06:00,38.0,(9.567264627885733+0j)
4471,06.08.2018,07:00,40.0,(9.732249888616542+0j)
4472,06.08.2018,08:00,33.0,(9.127767465531983+0j)
4473,06.08.2018,09:00,40.0,(9.732249888616542+0j)
4474,06.08.2018,10:00,40.0,(9.732249888616542+0j)
4475,06.08.2018,11:00,39.0,(9.650462409337567+0j)
4476,06.08.2018,12:00,33.0,(9.127767465531983+0j)
4477,06.08.2018,13:00,23.0,(8.092869420675413+0j)
4478,06.08.2018,14:00,20.0,(7.724491855603646+0j)
4479,06.08.2018,15:00,21.0,(7.851145380281553+0j)
4480,06.08.2018,16:00,35.0,(9.308562145233848+0j)
4481,06.08.2018,17:00,47.0,(10.269734286241032+0j)
4482,06.08.2018,18:00,55.0,(10.822164994364314+0j)
4483,06.08.2018,19:00,53.0,(10.689364281461948+0j)
4484,06.08.2018,20:00,50.0,(10.483748386047209+0j)
4485,06.08.2018,21:00,50.0,(10.483748386047209+0j)
4486,06.08.2018,22:00,42.0,(9.891823330401618+0j)
4487,06.08.2018,23:00,40.0,(9.732249888616542+0j)
4488,07.08.2018,00:00,36.0,(9.396383955788593+0j)
4489,07.08.2018,01:00,37.0,(9.482594128751929+0j)
4490,07.08.2018,02:00,26.0,(8.430455436469295+0j)
4491,07.08.2018,03:00,27.0,(8.537181392110488+0j)
4492,07.08.2018,04:00,29.0,(8.74297534497106+0j)
4493,07.08.2018,05:00,32.0,(9.034620481786352+0j)
4494,07.08.2018,06:00,46.0,(10.19637653715948+0j)
4495,07.08.2018,07:00,45.0,(10.121947777604984+0j)
4496,07.08.2018,08:00,45.0,(10.121947777604984+0j)
4497,07.08.2018,09:00,39.0,(9.650462409337567+0j)
4498,07.08.2018,10:00,31.0,(8.939512150377235+0j)
4499,07.08.2018,11:00,44.0,(10.0464080386713+0j)
4500,07.08.2018,12:00,41.0,(9.812685353516676+0j)
4501,07.08.2018,13:00,38.0,(9.567264627885733+0j)
4502,07.08.2018,14:00,38.0,(9.567264627885733+0j)
4503,07.08.2018,15:00,64.0,(11.382908522813985+0j)
4504,07.08.2018,16:00,51.0,(10.5531792067093+0j)
4505,07.08.2018,17:00,54.0,(10.756174542690822+0j)
4506,07.08.2018,18:00,59.0,(11.078405520382008+0j)
4507,07.08.2018,19:00,59.0,(11.078405520382008+0j)
4508,07.08.2018,20:00,47.0,(10.269734286241032+0j)
4509,07.08.2018,21:00,45.0,(10.121947777604984+0j)
4510,07.08.2018,22:00,44.0,(10.0464080386713+0j)
4511,07.08.2018,23:00,29.0,(8.74297534497106+0j)
4512,08.08.2018,00:00,40.0,(9.732249888616542+0j)
4513,08.08.2018,01:00,42.0,(9.891823330401618+0j)
4514,08.08.2018,02:00,44.0,(10.0464080386713+0j)
4515,08.08.2018,03:00,50.0,(10.483748386047209+0j)
4516,08.08.2018,04:00,47.0,(10.269734286241032+0j)
4517,08.08.2018,05:00,45.0,(10.121947777604984+0j)
4518,08.08.2018,06:00,46.0,(10.19637653715948+0j)
4519,08.08.2018,07:00,40.0,(9.732249888616542+0j)
4520,08.08.2018,08:00,49.0,(10.41338553855059+0j)
4521,08.08.2018,09:00,59.0,(11.078405520382008+0j)
4522,08.08.2018,10:00,49.0,(10.41338553855059+0j)
4523,08.08.2018,11:00,56.0,(10.887360331968232+0j)
4524,08.08.2018,12:00,64.0,(11.382908522813985+0j)
4525,08.08.2018,13:00,56.0,(10.887360331968232+0j)
4526,08.08.2018,14:00,58.0,(11.015458675840927+0j)
4527,08.08.2018,15:00,60.0,(11.140645059587433+0j)
4528,08.08.2018,16:00,63.0,(11.323311051132062+0j)
4529,08.08.2018,17:00,67.0,(11.55805762209552+0j)
4530,08.08.2018,18:00,67.0,(11.55805762209552+0j)
4531,08.08.2018,19:00,57.0,(10.9517840818175+0j)
4532,08.08.2018,20:00,50.0,(10.483748386047209+0j)
4533,08.08.2018,21:00,51.0,(10.5531792067093+0j)
4534,08.08.2018,22:00,57.0,(10.9517840818175+0j)
4535,08.08.2018,23:00,59.0,(11.078405520382008+0j)
4536,09.08.2018,00:00,54.0,(10.756174542690822+0j)
4537,09.08.2018,01:00,50.0,(10.483748386047209+0j)
4538,09.08.2018,02:00,53.0,(10.689364281461948+0j)
4539,09.08.2018,03:00,48.0,(10.34205874156488+0j)
4540,09.08.2018,04:00,59.0,(11.078405520382008+0j)
4541,09.08.2018,05:00,62.0,(11.263079534051261+0j)
4542,09.08.2018,06:00,57.0,(10.9517840818175+0j)
4543,09.08.2018,07:00,57.0,(10.9517840818175+0j)
4544,09.08.2018,08:00,57.0,(10.9517840818175+0j)
4545,09.08.2018,09:00,54.0,(10.756174542690822+0j)
4546,09.08.2018,10:00,59.0,(11.078405520382008+0j)
4547,09.08.2018,11:00,56.0,(10.887360331968232+0j)
4548,09.08.2018,12:00,47.0,(10.269734286241032+0j)
4549,09.08.2018,13:00,39.0,(9.650462409337567+0j)
4550,09.08.2018,14:00,40.0,(9.732249888616542+0j)
4551,09.08.2018,15:00,62.0,(11.263079534051261+0j)
4552,09.08.2018,16:00,64.0,(11.382908522813985+0j)
4553,09.08.2018,17:00,66.0,(11.500266368369322+0j)
4554,09.08.2018,18:00,66.0,(11.500266368369322+0j)
4555,09.08.2018,19:00,62.0,(11.263079534051261+0j)
4556,09.08.2018,20:00,63.0,(11.323311051132062+0j)
4557,09.08.2018,21:00,58.0,(11.015458675840927+0j)
4558,09.08.2018,22:00,57.0,(10.9517840818175+0j)
4559,09.08.2018,23:00,63.0,(11.323311051132062+0j)
4560,10.08.2018,00:00,56.0,(10.887360331968232+0j)
4561,10.08.2018,01:00,58.0,(11.015458675840927+0j)
4562,10.08.2018,02:00,58.0,(11.015458675840927+0j)
4563,10.08.2018,03:00,56.0,(10.887360331968232+0j)
4564,10.08.2018,04:00,60.0,(11.140645059587433+0j)
4565,10.08.2018,05:00,42.0,(9.891823330401618+0j)
4566,10.08.2018,06:00,58.0,(11.015458675840927+0j)
4567,10.08.2018,07:00,57.0,(10.9517840818175+0j)
4568,10.08.2018,08:00,59.0,(11.078405520382008+0j)
4569,10.08.2018,09:00,58.0,(11.015458675840927+0j)
4570,10.08.2018,10:00,58.0,(11.015458675840927+0j)
4571,10.08.2018,11:00,59.0,(11.078405520382008+0j)
4572,10.08.2018,12:00,58.0,(11.015458675840927+0j)
4573,10.08.2018,13:00,50.0,(10.483748386047209+0j)
4574,10.08.2018,14:00,60.0,(11.140645059587433+0j)
4575,10.08.2018,15:00,62.0,(11.263079534051261+0j)
4576,10.08.2018,16:00,66.0,(11.500266368369322+0j)
4577,10.08.2018,17:00,66.0,(11.500266368369322+0j)
4578,10.08.2018,18:00,66.0,(11.500266368369322+0j)
4579,10.08.2018,19:00,63.0,(11.323311051132062+0j)
4580,10.08.2018,20:00,61.0,(11.202196833891742+0j)
4581,10.08.2018,21:00,62.0,(11.263079534051261+0j)
4582,10.08.2018,22:00,60.0,(11.140645059587433+0j)
4583,10.08.2018,23:00,66.0,(11.500266368369322+0j)
4584,11.08.2018,00:00,66.0,(11.500266368369322+0j)
4585,11.08.2018,01:00,66.0,(11.500266368369322+0j)
4586,11.08.2018,02:00,67.0,(11.55805762209552+0j)
4587,11.08.2018,03:00,62.0,(11.263079534051261+0j)
4588,11.08.2018,04:00,64.0,(11.382908522813985+0j)
4589,11.08.2018,05:00,62.0,(11.263079534051261+0j)
4590,11.08.2018,06:00,60.0,(11.140645059587433+0j)
4591,11.08.2018,07:00,59.0,(11.078405520382008+0j)
4592,11.08.2018,08:00,59.0,(11.078405520382008+0j)
4593,11.08.2018,09:00,63.0,(11.323311051132062+0j)
4594,11.08.2018,10:00,63.0,(11.323311051132062+0j)
4595,11.08.2018,11:00,61.0,(11.202196833891742+0j)
4596,11.08.2018,12:00,54.0,(10.756174542690822+0j)
4597,11.08.2018,13:00,51.0,(10.5531792067093+0j)
4598,11.08.2018,14:00,57.0,(10.9517840818175+0j)
4599,11.08.2018,15:00,55.0,(10.822164994364314+0j)
4600,11.08.2018,16:00,62.0,(11.263079534051261+0j)
4601,11.08.2018,17:00,68.0,(11.615276661700541+0j)
4602,11.08.2018,18:00,65.0,(11.441888376335278+0j)
4603,11.08.2018,19:00,62.0,(11.263079534051261+0j)
4604,11.08.2018,20:00,62.0,(11.263079534051261+0j)
4605,11.08.2018,21:00,63.0,(11.323311051132062+0j)
4606,11.08.2018,22:00,59.0,(11.078405520382008+0j)
4607,11.08.2018,23:00,60.0,(11.140645059587433+0j)
4608,12.08.2018,00:00,60.0,(11.140645059587433+0j)
4609,12.08.2018,01:00,55.0,(10.822164994364314+0j)
4610,12.08.2018,02:00,56.0,(10.887360331968232+0j)
4611,12.08.2018,03:00,60.0,(11.140645059587433+0j)
4612,12.08.2018,04:00,60.0,(11.140645059587433+0j)
4613,12.08.2018,05:00,60.0,(11.140645059587433+0j)
4614,12.08.2018,06:00,58.0,(11.015458675840927+0j)
4615,12.08.2018,07:00,50.0,(10.483748386047209+0j)
4616,12.08.2018,08:00,56.0,(10.887360331968232+0j)
4617,12.08.2018,09:00,63.0,(11.323311051132062+0j)
4618,12.08.2018,10:00,57.0,(10.9517840818175+0j)
4619,12.08.2018,11:00,54.0,(10.756174542690822+0j)
4620,12.08.2018,12:00,52.0,(10.621708264608335+0j)
4621,12.08.2018,13:00,51.0,(10.5531792067093+0j)
4622,12.08.2018,14:00,53.0,(10.689364281461948+0j)
4623,12.08.2018,15:00,54.0,(10.756174542690822+0j)
4624,12.08.2018,16:00,58.0,(11.015458675840927+0j)
4625,12.08.2018,17:00,62.0,(11.263079534051261+0j)
4626,12.08.2018,18:00,65.0,(11.441888376335278+0j)
4627,12.08.2018,19:00,58.0,(11.015458675840927+0j)
4628,12.08.2018,20:00,52.0,(10.621708264608335+0j)
4629,12.08.2018,21:00,50.0,(10.483748386047209+0j)
4630,12.08.2018,22:00,57.0,(10.9517840818175+0j)
4631,12.08.2018,23:00,49.0,(10.41338553855059+0j)
4632,13.08.2018,00:00,52.0,(10.621708264608335+0j)
4633,13.08.2018,01:00,49.0,(10.41338553855059+0j)
4634,13.08.2018,02:00,43.0,(9.969714910096506+0j)
4635,13.08.2018,03:00,37.0,(9.482594128751929+0j)
4636,13.08.2018,04:00,38.0,(9.567264627885733+0j)
4637,13.08.2018,05:00,41.0,(9.812685353516676+0j)
4638,13.08.2018,06:00,40.0,(9.732249888616542+0j)
4639,13.08.2018,07:00,41.0,(9.812685353516676+0j)
4640,13.08.2018,08:00,45.0,(10.121947777604984+0j)
4641,13.08.2018,09:00,45.0,(10.121947777604984+0j)
4642,13.08.2018,10:00,37.0,(9.482594128751929+0j)
4643,13.08.2018,11:00,32.0,(9.034620481786352+0j)
4644,13.08.2018,12:00,32.0,(9.034620481786352+0j)
4645,13.08.2018,13:00,23.0,(8.092869420675413+0j)
4646,13.08.2018,14:00,15.0,(7.018166609990766+0j)
4647,13.08.2018,15:00,15.0,(7.018166609990766+0j)
4648,13.08.2018,16:00,21.0,(7.851145380281553+0j)
4649,13.08.2018,17:00,28.0,(8.641303622061608+0j)
4650,13.08.2018,18:00,40.0,(9.732249888616542+0j)
4651,13.08.2018,19:00,40.0,(9.732249888616542+0j)
4652,13.08.2018,20:00,39.0,(9.650462409337567+0j)
4653,13.08.2018,21:00,41.0,(9.812685353516676+0j)
4654,13.08.2018,22:00,37.0,(9.482594128751929+0j)
4655,13.08.2018,23:00,34.0,(9.219051195842558+0j)
4656,14.08.2018,00:00,29.0,(8.74297534497106+0j)
4657,14.08.2018,01:00,26.0,(8.430455436469295+0j)
4658,14.08.2018,02:00,26.0,(8.430455436469295+0j)
4659,14.08.2018,03:00,41.0,(9.812685353516676+0j)
4660,14.08.2018,04:00,40.0,(9.732249888616542+0j)
4661,14.08.2018,05:00,28.0,(8.641303622061608+0j)
4662,14.08.2018,06:00,40.0,(9.732249888616542+0j)
4663,14.08.2018,07:00,33.0,(9.127767465531983+0j)
4664,14.08.2018,08:00,33.0,(9.127767465531983+0j)
4665,14.08.2018,09:00,33.0,(9.127767465531983+0j)
4666,14.08.2018,10:00,21.0,(7.851145380281553+0j)
4667,14.08.2018,11:00,15.0,(7.018166609990766+0j)
4668,14.08.2018,12:00,12.0,(6.515088753873438+0j)
4669,14.08.2018,13:00,10.0,(6.130933248752508+0j)
4670,14.08.2018,14:00,10.0,(6.130933248752508+0j)
4671,14.08.2018,15:00,11.0,(6.32884048187752+0j)
4672,14.08.2018,16:00,15.0,(7.018166609990766+0j)
4673,14.08.2018,17:00,15.0,(7.018166609990766+0j)
4674,14.08.2018,18:00,32.0,(9.034620481786352+0j)
4675,14.08.2018,19:00,39.0,(9.650462409337567+0j)
4676,14.08.2018,20:00,36.0,(9.396383955788593+0j)
4677,14.08.2018,21:00,42.0,(9.891823330401618+0j)
4678,14.08.2018,22:00,32.0,(9.034620481786352+0j)
4679,14.08.2018,23:00,30.0,(8.84233584359671+0j)
4680,15.08.2018,00:00,26.0,(8.430455436469295+0j)
4681,15.08.2018,01:00,15.0,(7.018166609990766+0j)
4682,15.08.2018,02:00,13.0,(6.691256914211192+0j)
4683,15.08.2018,03:00,14.0,(6.858607230018604+0j)
4684,15.08.2018,04:00,11.0,(6.32884048187752+0j)
4685,15.08.2018,05:00,12.0,(6.515088753873438+0j)
4686,15.08.2018,06:00,10.0,(6.130933248752508+0j)
4687,15.08.2018,07:00,9.0,(5.919350969396254+0j)
4688,15.08.2018,08:00,9.0,(5.919350969396254+0j)
4689,15.08.2018,09:00,5.0,(4.866124944308272+0j)
4690,15.08.2018,10:00,6.0,(5.171029370782441+0j)
4691,15.08.2018,11:00,7.0,(5.443680165984116+0j)
4692,15.08.2018,12:00,5.0,(4.866124944308272+0j)
4693,15.08.2018,13:00,9.0,(5.919350969396254+0j)
4694,15.08.2018,14:00,10.0,(6.130933248752508+0j)
4695,15.08.2018,15:00,6.0,(5.171029370782441+0j)
4696,15.08.2018,16:00,5.0,(4.866124944308272+0j)
4697,15.08.2018,17:00,8.0,(5.691454261406992+0j)
4698,15.08.2018,18:00,17.0,(7.317165783214581+0j)
4699,15.08.2018,19:00,33.0,(9.127767465531983+0j)
4700,15.08.2018,20:00,42.0,(9.891823330401618+0j)
4701,15.08.2018,21:00,35.0,(9.308562145233848+0j)
4702,15.08.2018,22:00,33.0,(9.127767465531983+0j)
4703,15.08.2018,23:00,30.0,(8.84233584359671+0j)
4704,16.08.2018,00:00,28.0,(8.641303622061608+0j)
4705,16.08.2018,01:00,30.0,(8.84233584359671+0j)
4706,16.08.2018,02:00,19.0,(7.593542967381978+0j)
4707,16.08.2018,03:00,26.0,(8.430455436469295+0j)
4708,16.08.2018,04:00,32.0,(9.034620481786352+0j)
4709,16.08.2018,05:00,36.0,(9.396383955788593+0j)
4710,16.08.2018,06:00,40.0,(9.732249888616542+0j)
4711,16.08.2018,07:00,38.0,(9.567264627885733+0j)
4712,16.08.2018,08:00,39.0,(9.650462409337567+0j)
4713,16.08.2018,09:00,38.0,(9.567264627885733+0j)
4714,16.08.2018,10:00,27.0,(8.537181392110488+0j)
4715,16.08.2018,11:00,16.0,(7.170783028460548+0j)
4716,16.08.2018,12:00,11.0,(6.32884048187752+0j)
4717,16.08.2018,13:00,7.0,(5.443680165984116+0j)
4718,16.08.2018,14:00,6.0,(5.171029370782441+0j)
4719,16.08.2018,15:00,5.0,(4.866124944308272+0j)
4720,16.08.2018,16:00,2.0,(3.585391514230274+0j)
4721,16.08.2018,17:00,5.0,(4.866124944308272+0j)
4722,16.08.2018,18:00,0.0,0j
4723,16.08.2018,19:00,1.0,(2.845727130703496+0j)
4724,16.08.2018,20:00,16.0,(7.170783028460548+0j)
4725,16.08.2018,21:00,17.0,(7.317165783214581+0j)
4726,16.08.2018,22:00,17.0,(7.317165783214581+0j)
4727,16.08.2018,23:00,16.0,(7.170783028460548+0j)
4728,17.08.2018,00:00,15.0,(7.018166609990766+0j)
4729,17.08.2018,01:00,10.0,(6.130933248752508+0j)
4730,17.08.2018,02:00,6.0,(5.171029370782441+0j)
4731,17.08.2018,03:00,6.0,(5.171029370782441+0j)
4732,17.08.2018,04:00,7.0,(5.443680165984116+0j)
4733,17.08.2018,05:00,7.0,(5.443680165984116+0j)
4734,17.08.2018,06:00,9.0,(5.919350969396254+0j)
4735,17.08.2018,07:00,6.0,(5.171029370782441+0j)
4736,17.08.2018,08:00,10.0,(6.130933248752508+0j)
4737,17.08.2018,09:00,9.0,(5.919350969396254+0j)
4738,17.08.2018,10:00,2.0,(3.585391514230274+0j)
4739,17.08.2018,11:00,2.0,(3.585391514230274+0j)
4740,17.08.2018,12:00,0.0,0j
4741,17.08.2018,13:00,1.0,(2.845727130703496+0j)
4742,17.08.2018,14:00,1.0,(2.845727130703496+0j)
4743,17.08.2018,15:00,13.0,(6.691256914211192+0j)
4744,17.08.2018,16:00,9.0,(5.919350969396254+0j)
4745,17.08.2018,17:00,2.0,(3.585391514230274+0j)
4746,17.08.2018,18:00,1.0,(2.845727130703496+0j)
4747,17.08.2018,19:00,3.0,(4.1042487314692515+0j)
4748,17.08.2018,20:00,16.0,(7.170783028460548+0j)
4749,17.08.2018,21:00,12.0,(6.515088753873438+0j)
4750,17.08.2018,22:00,16.0,(7.170783028460548+0j)
4751,17.08.2018,23:00,25.0,(8.320956608290626+0j)
4752,18.08.2018,00:00,34.0,(9.219051195842558+0j)
4753,18.08.2018,01:00,40.0,(9.732249888616542+0j)
4754,18.08.2018,02:00,33.0,(9.127767465531983+0j)
4755,18.08.2018,03:00,28.0,(8.641303622061608+0j)
4756,18.08.2018,04:00,35.0,(9.308562145233848+0j)
4757,18.08.2018,05:00,45.0,(10.121947777604984+0j)
4758,18.08.2018,06:00,44.0,(10.0464080386713+0j)
4759,18.08.2018,07:00,40.0,(9.732249888616542+0j)
4760,18.08.2018,08:00,48.0,(10.34205874156488+0j)
4761,18.08.2018,09:00,66.0,(11.500266368369322+0j)
4762,18.08.2018,10:00,66.0,(11.500266368369322+0j)
4763,18.08.2018,11:00,59.0,(11.078405520382008+0j)
4764,18.08.2018,12:00,47.0,(10.269734286241032+0j)
4765,18.08.2018,13:00,45.0,(10.121947777604984+0j)
4766,18.08.2018,14:00,51.0,(10.5531792067093+0j)
4767,18.08.2018,15:00,65.0,(11.441888376335278+0j)
4768,18.08.2018,16:00,62.0,(11.263079534051261+0j)
4769,18.08.2018,17:00,66.0,(11.500266368369322+0j)
4770,18.08.2018,18:00,64.0,(11.382908522813985+0j)
4771,18.08.2018,19:00,64.0,(11.382908522813985+0j)
4772,18.08.2018,20:00,63.0,(11.323311051132062+0j)
4773,18.08.2018,21:00,56.0,(10.887360331968232+0j)
4774,18.08.2018,22:00,44.0,(10.0464080386713+0j)
4775,18.08.2018,23:00,51.0,(10.5531792067093+0j)
4776,19.08.2018,00:00,54.0,(10.756174542690822+0j)
4777,19.08.2018,01:00,57.0,(10.9517840818175+0j)
4778,19.08.2018,02:00,59.0,(11.078405520382008+0j)
4779,19.08.2018,03:00,61.0,(11.202196833891742+0j)
4780,19.08.2018,04:00,58.0,(11.015458675840927+0j)
4781,19.08.2018,05:00,59.0,(11.078405520382008+0j)
4782,19.08.2018,06:00,58.0,(11.015458675840927+0j)
4783,19.08.2018,07:00,50.0,(10.483748386047209+0j)
4784,19.08.2018,08:00,57.0,(10.9517840818175+0j)
4785,19.08.2018,09:00,63.0,(11.323311051132062+0j)
4786,19.08.2018,10:00,65.0,(11.441888376335278+0j)
4787,19.08.2018,11:00,61.0,(11.202196833891742+0j)
4788,19.08.2018,12:00,63.0,(11.323311051132062+0j)
4789,19.08.2018,13:00,63.0,(11.323311051132062+0j)
4790,19.08.2018,14:00,67.0,(11.55805762209552+0j)
4791,19.08.2018,15:00,69.0,(11.671937444523078+0j)
4792,19.08.2018,16:00,68.0,(11.615276661700541+0j)
4793,19.08.2018,17:00,69.0,(11.671937444523078+0j)
4794,19.08.2018,18:00,67.0,(11.55805762209552+0j)
4795,19.08.2018,19:00,67.0,(11.55805762209552+0j)
4796,19.08.2018,20:00,69.0,(11.671937444523078+0j)
4797,19.08.2018,21:00,66.0,(11.500266368369322+0j)
4798,19.08.2018,22:00,65.0,(11.441888376335278+0j)
4799,19.08.2018,23:00,64.0,(11.382908522813985+0j)
4800,20.08.2018,00:00,67.0,(11.55805762209552+0j)
4801,20.08.2018,01:00,64.0,(11.382908522813985+0j)
4802,20.08.2018,02:00,64.0,(11.382908522813985+0j)
4803,20.08.2018,03:00,58.0,(11.015458675840927+0j)
4804,20.08.2018,04:00,58.0,(11.015458675840927+0j)
4805,20.08.2018,05:00,58.0,(11.015458675840927+0j)
4806,20.08.2018,06:00,59.0,(11.078405520382008+0j)
4807,20.08.2018,07:00,59.0,(11.078405520382008+0j)
4808,20.08.2018,08:00,60.0,(11.140645059587433+0j)
4809,20.08.2018,09:00,57.0,(10.9517840818175+0j)
4810,20.08.2018,10:00,56.0,(10.887360331968232+0j)
4811,20.08.2018,11:00,49.0,(10.41338553855059+0j)
4812,20.08.2018,12:00,38.0,(9.567264627885733+0j)
4813,20.08.2018,13:00,38.0,(9.567264627885733+0j)
4814,20.08.2018,14:00,39.0,(9.650462409337567+0j)
4815,20.08.2018,15:00,44.0,(10.0464080386713+0j)
4816,20.08.2018,16:00,50.0,(10.483748386047209+0j)
4817,20.08.2018,17:00,56.0,(10.887360331968232+0j)
4818,20.08.2018,18:00,0.0,0j
4819,20.08.2018,19:00,2.0,(3.585391514230274+0j)
4820,20.08.2018,20:00,45.0,(10.121947777604984+0j)
4821,20.08.2018,21:00,47.0,(10.269734286241032+0j)
4822,20.08.2018,22:00,44.0,(10.0464080386713+0j)
4823,20.08.2018,23:00,36.0,(9.396383955788593+0j)
4824,21.08.2018,00:00,34.0,(9.219051195842558+0j)
4825,21.08.2018,01:00,26.0,(8.430455436469295+0j)
4826,21.08.2018,02:00,20.0,(7.724491855603646+0j)
4827,21.08.2018,03:00,21.0,(7.851145380281553+0j)
4828,21.08.2018,04:00,27.0,(8.537181392110488+0j)
4829,21.08.2018,05:00,29.0,(8.74297534497106+0j)
4830,21.08.2018,06:00,30.0,(8.84233584359671+0j)
4831,21.08.2018,07:00,25.0,(8.320956608290626+0j)
4832,21.08.2018,08:00,26.0,(8.430455436469295+0j)
4833,21.08.2018,09:00,23.0,(8.092869420675413+0j)
4834,21.08.2018,10:00,17.0,(7.317165783214581+0j)
4835,21.08.2018,11:00,15.0,(7.018166609990766+0j)
4836,21.08.2018,12:00,17.0,(7.317165783214581+0j)
4837,21.08.2018,13:00,17.0,(7.317165783214581+0j)
4838,21.08.2018,14:00,21.0,(7.851145380281553+0j)
4839,21.08.2018,15:00,21.0,(7.851145380281553+0j)
4840,21.08.2018,16:00,28.0,(8.641303622061608+0j)
4841,21.08.2018,17:00,39.0,(9.650462409337567+0j)
4842,21.08.2018,18:00,46.0,(10.19637653715948+0j)
4843,21.08.2018,19:00,50.0,(10.483748386047209+0j)
4844,21.08.2018,20:00,46.0,(10.19637653715948+0j)
4845,21.08.2018,21:00,43.0,(9.969714910096506+0j)
4846,21.08.2018,22:00,44.0,(10.0464080386713+0j)
4847,21.08.2018,23:00,30.0,(8.84233584359671+0j)
4848,22.08.2018,00:00,21.0,(7.851145380281553+0j)
4849,22.08.2018,01:00,19.0,(7.593542967381978+0j)
4850,22.08.2018,02:00,16.0,(7.170783028460548+0j)
4851,22.08.2018,03:00,24.0,(8.208497462938503+0j)
4852,22.08.2018,04:00,27.0,(8.537181392110488+0j)
4853,22.08.2018,05:00,29.0,(8.74297534497106+0j)
4854,22.08.2018,06:00,27.0,(8.537181392110488+0j)
4855,22.08.2018,07:00,25.0,(8.320956608290626+0j)
4856,22.08.2018,08:00,21.0,(7.851145380281553+0j)
4857,22.08.2018,09:00,23.0,(8.092869420675413+0j)
4858,22.08.2018,10:00,15.0,(7.018166609990766+0j)
4859,22.08.2018,11:00,11.0,(6.32884048187752+0j)
4860,22.08.2018,12:00,10.0,(6.130933248752508+0j)
4861,22.08.2018,13:00,13.0,(6.691256914211192+0j)
4862,22.08.2018,14:00,11.0,(6.32884048187752+0j)
4863,22.08.2018,15:00,13.0,(6.691256914211192+0j)
4864,22.08.2018,16:00,24.0,(8.208497462938503+0j)
4865,22.08.2018,17:00,31.0,(8.939512150377235+0j)
4866,22.08.2018,18:00,46.0,(10.19637653715948+0j)
4867,22.08.2018,19:00,47.0,(10.269734286241032+0j)
4868,22.08.2018,20:00,40.0,(9.732249888616542+0j)
4869,22.08.2018,21:00,40.0,(9.732249888616542+0j)
4870,22.08.2018,22:00,38.0,(9.567264627885733+0j)
4871,22.08.2018,23:00,36.0,(9.396383955788593+0j)
4872,23.08.2018,00:00,30.0,(8.84233584359671+0j)
4873,23.08.2018,01:00,35.0,(9.308562145233848+0j)
4874,23.08.2018,02:00,36.0,(9.396383955788593+0j)
4875,23.08.2018,03:00,35.0,(9.308562145233848+0j)
4876,23.08.2018,04:00,31.0,(8.939512150377235+0j)
4877,23.08.2018,05:00,35.0,(9.308562145233848+0j)
4878,23.08.2018,06:00,28.0,(8.641303622061608+0j)
4879,23.08.2018,07:00,28.0,(8.641303622061608+0j)
4880,23.08.2018,08:00,28.0,(8.641303622061608+0j)
4881,23.08.2018,09:00,17.0,(7.317165783214581+0j)
4882,23.08.2018,10:00,16.0,(7.170783028460548+0j)
4883,23.08.2018,11:00,25.0,(8.320956608290626+0j)
4884,23.08.2018,12:00,26.0,(8.430455436469295+0j)
4885,23.08.2018,13:00,24.0,(8.208497462938503+0j)
4886,23.08.2018,14:00,28.0,(8.641303622061608+0j)
4887,23.08.2018,15:00,40.0,(9.732249888616542+0j)
4888,23.08.2018,16:00,38.0,(9.567264627885733+0j)
4889,23.08.2018,17:00,41.0,(9.812685353516676+0j)
4890,23.08.2018,18:00,54.0,(10.756174542690822+0j)
4891,23.08.2018,19:00,38.0,(9.567264627885733+0j)
4892,23.08.2018,20:00,39.0,(9.650462409337567+0j)
4893,23.08.2018,21:00,43.0,(9.969714910096506+0j)
4894,23.08.2018,22:00,35.0,(9.308562145233848+0j)
4895,23.08.2018,23:00,30.0,(8.84233584359671+0j)
4896,24.08.2018,00:00,25.0,(8.320956608290626+0j)
4897,24.08.2018,01:00,22.0,(7.9738393445443+0j)
4898,24.08.2018,02:00,15.0,(7.018166609990766+0j)
4899,24.08.2018,03:00,25.0,(8.320956608290626+0j)
4900,24.08.2018,04:00,25.0,(8.320956608290626+0j)
4901,24.08.2018,05:00,32.0,(9.034620481786352+0j)
4902,24.08.2018,06:00,28.0,(8.641303622061608+0j)
4903,24.08.2018,07:00,20.0,(7.724491855603646+0j)
4904,24.08.2018,08:00,9.0,(5.919350969396254+0j)
4905,24.08.2018,09:00,6.0,(5.171029370782441+0j)
4906,24.08.2018,10:00,6.0,(5.171029370782441+0j)
4907,24.08.2018,11:00,3.0,(4.1042487314692515+0j)
4908,24.08.2018,12:00,3.0,(4.1042487314692515+0j)
4909,24.08.2018,13:00,5.0,(4.866124944308272+0j)
4910,24.08.2018,14:00,3.0,(4.1042487314692515+0j)
4911,24.08.2018,15:00,3.0,(4.1042487314692515+0j)
4912,24.08.2018,16:00,6.0,(5.171029370782441+0j)
4913,24.08.2018,17:00,5.0,(4.866124944308272+0j)
4914,24.08.2018,18:00,5.0,(4.866124944308272+0j)
4915,24.08.2018,19:00,1.0,(2.845727130703496+0j)
4916,24.08.2018,20:00,1.0,(2.845727130703496+0j)
4917,24.08.2018,21:00,10.0,(6.130933248752508+0j)
4918,24.08.2018,22:00,14.0,(6.858607230018604+0j)
4919,24.08.2018,23:00,10.0,(6.130933248752508+0j)
4920,25.08.2018,00:00,3.0,(4.1042487314692515+0j)
4921,25.08.2018,01:00,1.0,(2.845727130703496+0j)
4922,25.08.2018,02:00,0.0,0j
4923,25.08.2018,03:00,1.0,(2.845727130703496+0j)
4924,25.08.2018,04:00,0.0,0j
4925,25.08.2018,05:00,0.0,0j
4926,25.08.2018,06:00,0.0,0j
4927,25.08.2018,07:00,1.0,(2.845727130703496+0j)
4928,25.08.2018,08:00,0.0,0j
4929,25.08.2018,09:00,0.0,0j
4930,25.08.2018,10:00,0.0,0j
4931,25.08.2018,11:00,0.0,0j
4932,25.08.2018,12:00,0.0,0j
4933,25.08.2018,13:00,1.0,(2.845727130703496+0j)
4934,25.08.2018,14:00,5.0,(4.866124944308272+0j)
4935,25.08.2018,15:00,11.0,(6.32884048187752+0j)
4936,25.08.2018,16:00,16.0,(7.170783028460548+0j)
4937,25.08.2018,17:00,13.0,(6.691256914211192+0j)
4938,25.08.2018,18:00,11.0,(6.32884048187752+0j)
4939,25.08.2018,19:00,10.0,(6.130933248752508+0j)
4940,25.08.2018,20:00,8.0,(5.691454261406992+0j)
4941,25.08.2018,21:00,1.0,(2.845727130703496+0j)
4942,25.08.2018,22:00,0.0,0j
4943,25.08.2018,23:00,0.0,0j
4944,26.08.2018,00:00,0.0,0j
4945,26.08.2018,01:00,0.0,0j
4946,26.08.2018,02:00,0.0,0j
4947,26.08.2018,03:00,0.0,0j
4948,26.08.2018,04:00,0.0,0j
4949,26.08.2018,05:00,0.0,0j
4950,26.08.2018,06:00,0.0,0j
4951,26.08.2018,07:00,0.0,0j
4952,26.08.2018,08:00,0.0,0j
4953,26.08.2018,09:00,0.0,0j
4954,26.08.2018,10:00,0.0,0j
4955,26.08.2018,11:00,1.0,(2.845727130703496+0j)
4956,26.08.2018,12:00,5.0,(4.866124944308272+0j)
4957,26.08.2018,13:00,9.0,(5.919350969396254+0j)
4958,26.08.2018,14:00,6.0,(5.171029370782441+0j)
4959,26.08.2018,15:00,9.0,(5.919350969396254+0j)
4960,26.08.2018,16:00,10.0,(6.130933248752508+0j)
4961,26.08.2018,17:00,6.0,(5.171029370782441+0j)
4962,26.08.2018,18:00,7.0,(5.443680165984116+0j)
4963,26.08.2018,19:00,7.0,(5.443680165984116+0j)
4964,26.08.2018,20:00,5.0,(4.866124944308272+0j)
4965,26.08.2018,21:00,3.0,(4.1042487314692515+0j)
4966,26.08.2018,22:00,2.0,(3.585391514230274+0j)
4967,26.08.2018,23:00,3.0,(4.1042487314692515+0j)
4968,27.08.2018,00:00,2.0,(3.585391514230274+0j)
4969,27.08.2018,01:00,3.0,(4.1042487314692515+0j)
4970,27.08.2018,02:00,2.0,(3.585391514230274+0j)
4971,27.08.2018,03:00,2.0,(3.585391514230274+0j)
4972,27.08.2018,04:00,4.0,(4.517310240893176+0j)
4973,27.08.2018,05:00,4.0,(4.517310240893176+0j)
4974,27.08.2018,06:00,7.0,(5.443680165984116+0j)
4975,27.08.2018,07:00,10.0,(6.130933248752508+0j)
4976,27.08.2018,08:00,7.0,(5.443680165984116+0j)
4977,27.08.2018,09:00,4.0,(4.517310240893176+0j)
4978,27.08.2018,10:00,1.0,(2.845727130703496+0j)
4979,27.08.2018,11:00,3.0,(4.1042487314692515+0j)
4980,27.08.2018,12:00,1.0,(2.845727130703496+0j)
4981,27.08.2018,13:00,1.0,(2.845727130703496+0j)
4982,27.08.2018,14:00,1.0,(2.845727130703496+0j)
4983,27.08.2018,15:00,9.0,(5.919350969396254+0j)
4984,27.08.2018,16:00,10.0,(6.130933248752508+0j)
4985,27.08.2018,17:00,10.0,(6.130933248752508+0j)
4986,27.08.2018,18:00,8.0,(5.691454261406992+0j)
4987,27.08.2018,19:00,3.0,(4.1042487314692515+0j)
4988,27.08.2018,20:00,9.0,(5.919350969396254+0j)
4989,27.08.2018,21:00,25.0,(8.320956608290626+0j)
4990,27.08.2018,22:00,23.0,(8.092869420675413+0j)
4991,27.08.2018,23:00,14.0,(6.858607230018604+0j)
4992,28.08.2018,00:00,25.0,(8.320956608290626+0j)
4993,28.08.2018,01:00,6.0,(5.171029370782441+0j)
4994,28.08.2018,02:00,6.0,(5.171029370782441+0j)
4995,28.08.2018,03:00,9.0,(5.919350969396254+0j)
4996,28.08.2018,04:00,12.0,(6.515088753873438+0j)
4997,28.08.2018,05:00,20.0,(7.724491855603646+0j)
4998,28.08.2018,06:00,17.0,(7.317165783214581+0j)
4999,28.08.2018,07:00,10.0,(6.130933248752508+0j)
5000,28.08.2018,08:00,16.0,(7.170783028460548+0j)
5001,28.08.2018,09:00,44.0,(10.0464080386713+0j)
5002,28.08.2018,10:00,39.0,(9.650462409337567+0j)
5003,28.08.2018,11:00,28.0,(8.641303622061608+0j)
5004,28.08.2018,12:00,19.0,(7.593542967381978+0j)
5005,28.08.2018,13:00,15.0,(7.018166609990766+0j)
5006,28.08.2018,14:00,19.0,(7.593542967381978+0j)
5007,28.08.2018,15:00,1.0,(2.845727130703496+0j)
5008,28.08.2018,16:00,28.0,(8.641303622061608+0j)
5009,28.08.2018,17:00,23.0,(8.092869420675413+0j)
5010,28.08.2018,18:00,45.0,(10.121947777604984+0j)
5011,28.08.2018,19:00,53.0,(10.689364281461948+0j)
5012,28.08.2018,20:00,63.0,(11.323311051132062+0j)
5013,28.08.2018,21:00,51.0,(10.5531792067093+0j)
5014,28.08.2018,22:00,52.0,(10.621708264608335+0j)
5015,28.08.2018,23:00,49.0,(10.41338553855059+0j)
5016,29.08.2018,00:00,63.0,(11.323311051132062+0j)
5017,29.08.2018,01:00,55.0,(10.822164994364314+0j)
5018,29.08.2018,02:00,60.0,(11.140645059587433+0j)
5019,29.08.2018,03:00,52.0,(10.621708264608335+0j)
5020,29.08.2018,04:00,50.0,(10.483748386047209+0j)
5021,29.08.2018,05:00,57.0,(10.9517840818175+0j)
5022,29.08.2018,06:00,58.0,(11.015458675840927+0j)
5023,29.08.2018,07:00,57.0,(10.9517840818175+0j)
5024,29.08.2018,08:00,63.0,(11.323311051132062+0j)
5025,29.08.2018,09:00,62.0,(11.263079534051261+0j)
5026,29.08.2018,10:00,63.0,(11.323311051132062+0j)
5027,29.08.2018,11:00,62.0,(11.263079534051261+0j)
5028,29.08.2018,12:00,55.0,(10.822164994364314+0j)
5029,29.08.2018,13:00,55.0,(10.822164994364314+0j)
5030,29.08.2018,14:00,47.0,(10.269734286241032+0j)
5031,29.08.2018,15:00,58.0,(11.015458675840927+0j)
5032,29.08.2018,16:00,61.0,(11.202196833891742+0j)
5033,29.08.2018,17:00,66.0,(11.500266368369322+0j)
5034,29.08.2018,18:00,66.0,(11.500266368369322+0j)
5035,29.08.2018,19:00,66.0,(11.500266368369322+0j)
5036,29.08.2018,20:00,65.0,(11.441888376335278+0j)
5037,29.08.2018,21:00,66.0,(11.500266368369322+0j)
5038,29.08.2018,22:00,63.0,(11.323311051132062+0j)
5039,29.08.2018,23:00,52.0,(10.621708264608335+0j)
5040,30.08.2018,00:00,35.0,(9.308562145233848+0j)
5041,30.08.2018,01:00,32.0,(9.034620481786352+0j)
5042,30.08.2018,02:00,41.0,(9.812685353516676+0j)
5043,30.08.2018,03:00,46.0,(10.19637653715948+0j)
5044,30.08.2018,04:00,45.0,(10.121947777604984+0j)
5045,30.08.2018,05:00,55.0,(10.822164994364314+0j)
5046,30.08.2018,06:00,50.0,(10.483748386047209+0j)
5047,30.08.2018,07:00,48.0,(10.34205874156488+0j)
5048,30.08.2018,08:00,54.0,(10.756174542690822+0j)
5049,30.08.2018,09:00,63.0,(11.323311051132062+0j)
5050,30.08.2018,10:00,59.0,(11.078405520382008+0j)
5051,30.08.2018,11:00,63.0,(11.323311051132062+0j)
5052,30.08.2018,12:00,60.0,(11.140645059587433+0j)
5053,30.08.2018,13:00,63.0,(11.323311051132062+0j)
5054,30.08.2018,14:00,50.0,(10.483748386047209+0j)
5055,30.08.2018,15:00,41.0,(9.812685353516676+0j)
5056,30.08.2018,16:00,41.0,(9.812685353516676+0j)
5057,30.08.2018,17:00,54.0,(10.756174542690822+0j)
5058,30.08.2018,18:00,57.0,(10.9517840818175+0j)
5059,30.08.2018,19:00,52.0,(10.621708264608335+0j)
5060,30.08.2018,20:00,52.0,(10.621708264608335+0j)
5061,30.08.2018,21:00,48.0,(10.34205874156488+0j)
5062,30.08.2018,22:00,50.0,(10.483748386047209+0j)
5063,30.08.2018,23:00,45.0,(10.121947777604984+0j)
5064,31.08.2018,00:00,26.0,(8.430455436469295+0j)
5065,31.08.2018,01:00,20.0,(7.724491855603646+0j)
5066,31.08.2018,02:00,23.0,(8.092869420675413+0j)
5067,31.08.2018,03:00,19.0,(7.593542967381978+0j)
5068,31.08.2018,04:00,23.0,(8.092869420675413+0j)
5069,31.08.2018,05:00,27.0,(8.537181392110488+0j)
5070,31.08.2018,06:00,28.0,(8.641303622061608+0j)
5071,31.08.2018,07:00,21.0,(7.851145380281553+0j)
5072,31.08.2018,08:00,20.0,(7.724491855603646+0j)
5073,31.08.2018,09:00,21.0,(7.851145380281553+0j)
5074,31.08.2018,10:00,15.0,(7.018166609990766+0j)
5075,31.08.2018,11:00,16.0,(7.170783028460548+0j)
5076,31.08.2018,12:00,11.0,(6.32884048187752+0j)
5077,31.08.2018,13:00,12.0,(6.515088753873438+0j)
5078,31.08.2018,14:00,11.0,(6.32884048187752+0j)
5079,31.08.2018,15:00,14.0,(6.858607230018604+0j)
5080,31.08.2018,16:00,16.0,(7.170783028460548+0j)
5081,31.08.2018,17:00,34.0,(9.219051195842558+0j)
5082,31.08.2018,18:00,32.0,(9.034620481786352+0j)
5083,31.08.2018,19:00,38.0,(9.567264627885733+0j)
5084,31.08.2018,20:00,42.0,(9.891823330401618+0j)
5085,31.08.2018,21:00,35.0,(9.308562145233848+0j)
5086,31.08.2018,22:00,30.0,(8.84233584359671+0j)
5087,31.08.2018,23:00,28.0,(8.641303622061608+0j)
5088,01.09.2018,00:00,27.0,(8.537181392110488+0j)
5089,01.09.2018,01:00,23.0,(8.092869420675413+0j)
5090,01.09.2018,02:00,19.0,(7.593542967381978+0j)
5091,01.09.2018,03:00,19.0,(7.593542967381978+0j)
5092,01.09.2018,04:00,8.0,(5.691454261406992+0j)
5093,01.09.2018,05:00,10.0,(6.130933248752508+0j)
5094,01.09.2018,06:00,15.0,(7.018166609990766+0j)
5095,01.09.2018,07:00,8.0,(5.691454261406992+0j)
5096,01.09.2018,08:00,8.0,(5.691454261406992+0j)
5097,01.09.2018,09:00,11.0,(6.32884048187752+0j)
5098,01.09.2018,10:00,3.0,(4.1042487314692515+0j)
5099,01.09.2018,11:00,4.0,(4.517310240893176+0j)
5100,01.09.2018,12:00,5.0,(4.866124944308272+0j)
5101,01.09.2018,13:00,4.0,(4.517310240893176+0j)
5102,01.09.2018,14:00,5.0,(4.866124944308272+0j)
5103,01.09.2018,15:00,3.0,(4.1042487314692515+0j)
5104,01.09.2018,16:00,5.0,(4.866124944308272+0j)
5105,01.09.2018,17:00,3.0,(4.1042487314692515+0j)
5106,01.09.2018,18:00,27.0,(8.537181392110488+0j)
5107,01.09.2018,19:00,33.0,(9.127767465531983+0j)
5108,01.09.2018,20:00,34.0,(9.219051195842558+0j)
5109,01.09.2018,21:00,33.0,(9.127767465531983+0j)
5110,01.09.2018,22:00,30.0,(8.84233584359671+0j)
5111,01.09.2018,23:00,30.0,(8.84233584359671+0j)
5112,02.09.2018,00:00,27.0,(8.537181392110488+0j)
5113,02.09.2018,01:00,26.0,(8.430455436469295+0j)
5114,02.09.2018,02:00,23.0,(8.092869420675413+0j)
5115,02.09.2018,03:00,18.0,(7.457914888057963+0j)
5116,02.09.2018,04:00,17.0,(7.317165783214581+0j)
5117,02.09.2018,05:00,9.0,(5.919350969396254+0j)
5118,02.09.2018,06:00,8.0,(5.691454261406992+0j)
5119,02.09.2018,07:00,11.0,(6.32884048187752+0j)
5120,02.09.2018,08:00,11.0,(6.32884048187752+0j)
5121,02.09.2018,09:00,11.0,(6.32884048187752+0j)
5122,02.09.2018,10:00,10.0,(6.130933248752508+0j)
5123,02.09.2018,11:00,10.0,(6.130933248752508+0j)
5124,02.09.2018,12:00,8.0,(5.691454261406992+0j)
5125,02.09.2018,13:00,11.0,(6.32884048187752+0j)
5126,02.09.2018,14:00,15.0,(7.018166609990766+0j)
5127,02.09.2018,15:00,24.0,(8.208497462938503+0j)
5128,02.09.2018,16:00,33.0,(9.127767465531983+0j)
5129,02.09.2018,17:00,48.0,(10.34205874156488+0j)
5130,02.09.2018,18:00,56.0,(10.887360331968232+0j)
5131,02.09.2018,19:00,52.0,(10.621708264608335+0j)
5132,02.09.2018,20:00,48.0,(10.34205874156488+0j)
5133,02.09.2018,21:00,46.0,(10.19637653715948+0j)
5134,02.09.2018,22:00,35.0,(9.308562145233848+0j)
5135,02.09.2018,23:00,38.0,(9.567264627885733+0j)
5136,03.09.2018,00:00,29.0,(8.74297534497106+0j)
5137,03.09.2018,01:00,30.0,(8.84233584359671+0j)
5138,03.09.2018,02:00,26.0,(8.430455436469295+0j)
5139,03.09.2018,03:00,27.0,(8.537181392110488+0j)
5140,03.09.2018,04:00,30.0,(8.84233584359671+0j)
5141,03.09.2018,05:00,22.0,(7.9738393445443+0j)
5142,03.09.2018,06:00,12.0,(6.515088753873438+0j)
5143,03.09.2018,07:00,16.0,(7.170783028460548+0j)
5144,03.09.2018,08:00,13.0,(6.691256914211192+0j)
5145,03.09.2018,09:00,12.0,(6.515088753873438+0j)
5146,03.09.2018,10:00,10.0,(6.130933248752508+0j)
5147,03.09.2018,11:00,6.0,(5.171029370782441+0j)
5148,03.09.2018,12:00,5.0,(4.866124944308272+0j)
5149,03.09.2018,13:00,3.0,(4.1042487314692515+0j)
5150,03.09.2018,14:00,2.0,(3.585391514230274+0j)
5151,03.09.2018,15:00,3.0,(4.1042487314692515+0j)
5152,03.09.2018,16:00,3.0,(4.1042487314692515+0j)
5153,03.09.2018,17:00,5.0,(4.866124944308272+0j)
5154,03.09.2018,18:00,3.0,(4.1042487314692515+0j)
5155,03.09.2018,19:00,8.0,(5.691454261406992+0j)
5156,03.09.2018,20:00,31.0,(8.939512150377235+0j)
5157,03.09.2018,21:00,26.0,(8.430455436469295+0j)
5158,03.09.2018,22:00,14.0,(6.858607230018604+0j)
5159,03.09.2018,23:00,11.0,(6.32884048187752+0j)
5160,04.09.2018,00:00,8.0,(5.691454261406992+0j)
5161,04.09.2018,01:00,6.0,(5.171029370782441+0j)
5162,04.09.2018,02:00,6.0,(5.171029370782441+0j)
5163,04.09.2018,03:00,8.0,(5.691454261406992+0j)
5164,04.09.2018,04:00,3.0,(4.1042487314692515+0j)
5165,04.09.2018,05:00,2.0,(3.585391514230274+0j)
5166,04.09.2018,06:00,5.0,(4.866124944308272+0j)
5167,04.09.2018,07:00,4.0,(4.517310240893176+0j)
5168,04.09.2018,08:00,7.0,(5.443680165984116+0j)
5169,04.09.2018,09:00,3.0,(4.1042487314692515+0j)
5170,04.09.2018,10:00,2.0,(3.585391514230274+0j)
5171,04.09.2018,11:00,4.0,(4.517310240893176+0j)
5172,04.09.2018,12:00,3.0,(4.1042487314692515+0j)
5173,04.09.2018,13:00,1.0,(2.845727130703496+0j)
5174,04.09.2018,14:00,0.0,0j
5175,04.09.2018,15:00,3.0,(4.1042487314692515+0j)
5176,04.09.2018,16:00,7.0,(5.443680165984116+0j)
5177,04.09.2018,17:00,12.0,(6.515088753873438+0j)
5178,04.09.2018,18:00,6.0,(5.171029370782441+0j)
5179,04.09.2018,19:00,9.0,(5.919350969396254+0j)
5180,04.09.2018,20:00,7.0,(5.443680165984116+0j)
5181,04.09.2018,21:00,1.0,(2.845727130703496+0j)
5182,04.09.2018,22:00,4.0,(4.517310240893176+0j)
5183,04.09.2018,23:00,7.0,(5.443680165984116+0j)
5184,05.09.2018,00:00,7.0,(5.443680165984116+0j)
5185,05.09.2018,01:00,5.0,(4.866124944308272+0j)
5186,05.09.2018,02:00,6.0,(5.171029370782441+0j)
5187,05.09.2018,03:00,4.0,(4.517310240893176+0j)
5188,05.09.2018,04:00,4.0,(4.517310240893176+0j)
5189,05.09.2018,05:00,0.0,0j
5190,05.09.2018,06:00,0.0,0j
5191,05.09.2018,07:00,0.0,0j
5192,05.09.2018,08:00,0.0,0j
5193,05.09.2018,09:00,0.0,0j
5194,05.09.2018,10:00,0.0,0j
5195,05.09.2018,11:00,1.0,(2.845727130703496+0j)
5196,05.09.2018,12:00,6.0,(5.171029370782441+0j)
5197,05.09.2018,13:00,12.0,(6.515088753873438+0j)
5198,05.09.2018,14:00,24.0,(8.208497462938503+0j)
5199,05.09.2018,15:00,22.0,(7.9738393445443+0j)
5200,05.09.2018,16:00,19.0,(7.593542967381978+0j)
5201,05.09.2018,17:00,23.0,(8.092869420675413+0j)
5202,05.09.2018,18:00,7.0,(5.443680165984116+0j)
5203,05.09.2018,19:00,6.0,(5.171029370782441+0j)
5204,05.09.2018,20:00,0.0,0j
5205,05.09.2018,21:00,0.0,0j
5206,05.09.2018,22:00,5.0,(4.866124944308272+0j)
5207,05.09.2018,23:00,14.0,(6.858607230018604+0j)
5208,06.09.2018,00:00,11.0,(6.32884048187752+0j)
5209,06.09.2018,01:00,23.0,(8.092869420675413+0j)
5210,06.09.2018,02:00,8.0,(5.691454261406992+0j)
5211,06.09.2018,03:00,6.0,(5.171029370782441+0j)
5212,06.09.2018,04:00,2.0,(3.585391514230274+0j)
5213,06.09.2018,05:00,2.0,(3.585391514230274+0j)
5214,06.09.2018,06:00,0.0,0j
5215,06.09.2018,07:00,0.0,0j
5216,06.09.2018,08:00,2.0,(3.585391514230274+0j)
5217,06.09.2018,09:00,0.0,0j
5218,06.09.2018,10:00,1.0,(2.845727130703496+0j)
5219,06.09.2018,11:00,2.0,(3.585391514230274+0j)
5220,06.09.2018,12:00,1.0,(2.845727130703496+0j)
5221,06.09.2018,13:00,0.0,0j
5222,06.09.2018,14:00,3.0,(4.1042487314692515+0j)
5223,06.09.2018,15:00,8.0,(5.691454261406992+0j)
5224,06.09.2018,16:00,12.0,(6.515088753873438+0j)
5225,06.09.2018,17:00,13.0,(6.691256914211192+0j)
5226,06.09.2018,18:00,8.0,(5.691454261406992+0j)
5227,06.09.2018,19:00,1.0,(2.845727130703496+0j)
5228,06.09.2018,20:00,0.0,0j
5229,06.09.2018,21:00,0.0,0j
5230,06.09.2018,22:00,4.0,(4.517310240893176+0j)
5231,06.09.2018,23:00,6.0,(5.171029370782441+0j)
5232,07.09.2018,00:00,10.0,(6.130933248752508+0j)
5233,07.09.2018,01:00,9.0,(5.919350969396254+0j)
5234,07.09.2018,02:00,6.0,(5.171029370782441+0j)
5235,07.09.2018,03:00,6.0,(5.171029370782441+0j)
5236,07.09.2018,04:00,3.0,(4.1042487314692515+0j)
5237,07.09.2018,05:00,2.0,(3.585391514230274+0j)
5238,07.09.2018,06:00,3.0,(4.1042487314692515+0j)
5239,07.09.2018,07:00,2.0,(3.585391514230274+0j)
5240,07.09.2018,08:00,0.0,0j
5241,07.09.2018,09:00,0.0,0j
5242,07.09.2018,10:00,0.0,0j
5243,07.09.2018,11:00,0.0,0j
5244,07.09.2018,12:00,0.0,0j
5245,07.09.2018,13:00,0.0,0j
5246,07.09.2018,14:00,4.0,(4.517310240893176+0j)
5247,07.09.2018,15:00,8.0,(5.691454261406992+0j)
5248,07.09.2018,16:00,11.0,(6.32884048187752+0j)
5249,07.09.2018,17:00,10.0,(6.130933248752508+0j)
5250,07.09.2018,18:00,10.0,(6.130933248752508+0j)
5251,07.09.2018,19:00,7.0,(5.443680165984116+0j)
5252,07.09.2018,20:00,3.0,(4.1042487314692515+0j)
5253,07.09.2018,21:00,3.0,(4.1042487314692515+0j)
5254,07.09.2018,22:00,2.0,(3.585391514230274+0j)
5255,07.09.2018,23:00,1.0,(2.845727130703496+0j)
5256,08.09.2018,00:00,0.0,0j
5257,08.09.2018,01:00,0.0,0j
5258,08.09.2018,02:00,1.0,(2.845727130703496+0j)
5259,08.09.2018,03:00,1.0,(2.845727130703496+0j)
5260,08.09.2018,04:00,0.0,0j
5261,08.09.2018,05:00,0.0,0j
5262,08.09.2018,06:00,0.0,0j
5263,08.09.2018,07:00,0.0,0j
5264,08.09.2018,08:00,0.0,0j
5265,08.09.2018,09:00,0.0,0j
5266,08.09.2018,10:00,0.0,0j
5267,08.09.2018,11:00,0.0,0j
5268,08.09.2018,12:00,0.0,0j
5269,08.09.2018,13:00,2.0,(3.585391514230274+0j)
5270,08.09.2018,14:00,5.0,(4.866124944308272+0j)
5271,08.09.2018,15:00,4.0,(4.517310240893176+0j)
5272,08.09.2018,16:00,2.0,(3.585391514230274+0j)
5273,08.09.2018,17:00,5.0,(4.866124944308272+0j)
5274,08.09.2018,18:00,9.0,(5.919350969396254+0j)
5275,08.09.2018,19:00,10.0,(6.130933248752508+0j)
5276,08.09.2018,20:00,8.0,(5.691454261406992+0j)
5277,08.09.2018,21:00,10.0,(6.130933248752508+0j)
5278,08.09.2018,22:00,21.0,(7.851145380281553+0j)
5279,08.09.2018,23:00,14.0,(6.858607230018604+0j)
5280,09.09.2018,00:00,22.0,(7.9738393445443+0j)
5281,09.09.2018,01:00,19.0,(7.593542967381978+0j)
5282,09.09.2018,02:00,18.0,(7.457914888057963+0j)
5283,09.09.2018,03:00,27.0,(8.537181392110488+0j)
5284,09.09.2018,04:00,32.0,(9.034620481786352+0j)
5285,09.09.2018,05:00,30.0,(8.84233584359671+0j)
5286,09.09.2018,06:00,35.0,(9.308562145233848+0j)
5287,09.09.2018,07:00,31.0,(8.939512150377235+0j)
5288,09.09.2018,08:00,31.0,(8.939512150377235+0j)
5289,09.09.2018,09:00,29.0,(8.74297534497106+0j)
5290,09.09.2018,10:00,39.0,(9.650462409337567+0j)
5291,09.09.2018,11:00,53.0,(10.689364281461948+0j)
5292,09.09.2018,12:00,28.0,(8.641303622061608+0j)
5293,09.09.2018,13:00,23.0,(8.092869420675413+0j)
5294,09.09.2018,14:00,30.0,(8.84233584359671+0j)
5295,09.09.2018,15:00,37.0,(9.482594128751929+0j)
5296,09.09.2018,16:00,28.0,(8.641303622061608+0j)
5297,09.09.2018,17:00,51.0,(10.5531792067093+0j)
5298,09.09.2018,18:00,47.0,(10.269734286241032+0j)
5299,09.09.2018,19:00,34.0,(9.219051195842558+0j)
5300,09.09.2018,20:00,40.0,(9.732249888616542+0j)
5301,09.09.2018,21:00,22.0,(7.9738393445443+0j)
5302,09.09.2018,22:00,36.0,(9.396383955788593+0j)
5303,09.09.2018,23:00,31.0,(8.939512150377235+0j)
5304,10.09.2018,00:00,30.0,(8.84233584359671+0j)
5305,10.09.2018,01:00,35.0,(9.308562145233848+0j)
5306,10.09.2018,02:00,30.0,(8.84233584359671+0j)
5307,10.09.2018,03:00,24.0,(8.208497462938503+0j)
5308,10.09.2018,04:00,32.0,(9.034620481786352+0j)
5309,10.09.2018,05:00,34.0,(9.219051195842558+0j)
5310,10.09.2018,06:00,35.0,(9.308562145233848+0j)
5311,10.09.2018,07:00,27.0,(8.537181392110488+0j)
5312,10.09.2018,08:00,11.0,(6.32884048187752+0j)
5313,10.09.2018,09:00,15.0,(7.018166609990766+0j)
5314,10.09.2018,10:00,29.0,(8.74297534497106+0j)
5315,10.09.2018,11:00,24.0,(8.208497462938503+0j)
5316,10.09.2018,12:00,11.0,(6.32884048187752+0j)
5317,10.09.2018,13:00,8.0,(5.691454261406992+0j)
5318,10.09.2018,14:00,19.0,(7.593542967381978+0j)
5319,10.09.2018,15:00,18.0,(7.457914888057963+0j)
5320,10.09.2018,16:00,1.0,(2.845727130703496+0j)
5321,10.09.2018,17:00,35.0,(9.308562145233848+0j)
5322,10.09.2018,18:00,31.0,(8.939512150377235+0j)
5323,10.09.2018,19:00,27.0,(8.537181392110488+0j)
5324,10.09.2018,20:00,28.0,(8.641303622061608+0j)
5325,10.09.2018,21:00,23.0,(8.092869420675413+0j)
5326,10.09.2018,22:00,19.0,(7.593542967381978+0j)
5327,10.09.2018,23:00,30.0,(8.84233584359671+0j)
5328,11.09.2018,00:00,46.0,(10.19637653715948+0j)
5329,11.09.2018,01:00,33.0,(9.127767465531983+0j)
5330,11.09.2018,02:00,30.0,(8.84233584359671+0j)
5331,11.09.2018,03:00,27.0,(8.537181392110488+0j)
5332,11.09.2018,04:00,20.0,(7.724491855603646+0j)
5333,11.09.2018,05:00,18.0,(7.457914888057963+0j)
5334,11.09.2018,06:00,23.0,(8.092869420675413+0j)
5335,11.09.2018,07:00,16.0,(7.170783028460548+0j)
5336,11.09.2018,08:00,15.0,(7.018166609990766+0j)
5337,11.09.2018,09:00,23.0,(8.092869420675413+0j)
5338,11.09.2018,10:00,29.0,(8.74297534497106+0j)
5339,11.09.2018,11:00,27.0,(8.537181392110488+0j)
5340,11.09.2018,12:00,12.0,(6.515088753873438+0j)
5341,11.09.2018,13:00,4.0,(4.517310240893176+0j)
5342,11.09.2018,14:00,8.0,(5.691454261406992+0j)
5343,11.09.2018,15:00,4.0,(4.517310240893176+0j)
5344,11.09.2018,16:00,18.0,(7.457914888057963+0j)
5345,11.09.2018,17:00,27.0,(8.537181392110488+0j)
5346,11.09.2018,18:00,14.0,(6.858607230018604+0j)
5347,11.09.2018,19:00,25.0,(8.320956608290626+0j)
5348,11.09.2018,20:00,41.0,(9.812685353516676+0j)
5349,11.09.2018,21:00,53.0,(10.689364281461948+0j)
5350,11.09.2018,22:00,45.0,(10.121947777604984+0j)
5351,11.09.2018,23:00,53.0,(10.689364281461948+0j)
5352,12.09.2018,00:00,45.0,(10.121947777604984+0j)
5353,12.09.2018,01:00,38.0,(9.567264627885733+0j)
5354,12.09.2018,02:00,30.0,(8.84233584359671+0j)
5355,12.09.2018,03:00,34.0,(9.219051195842558+0j)
5356,12.09.2018,04:00,37.0,(9.482594128751929+0j)
5357,12.09.2018,05:00,34.0,(9.219051195842558+0j)
5358,12.09.2018,06:00,28.0,(8.641303622061608+0j)
5359,12.09.2018,07:00,35.0,(9.308562145233848+0j)
5360,12.09.2018,08:00,48.0,(10.34205874156488+0j)
5361,12.09.2018,09:00,46.0,(10.19637653715948+0j)
5362,12.09.2018,10:00,64.0,(11.382908522813985+0j)
5363,12.09.2018,11:00,65.0,(11.441888376335278+0j)
5364,12.09.2018,12:00,64.0,(11.382908522813985+0j)
5365,12.09.2018,13:00,51.0,(10.5531792067093+0j)
5366,12.09.2018,14:00,39.0,(9.650462409337567+0j)
5367,12.09.2018,15:00,46.0,(10.19637653715948+0j)
5368,12.09.2018,16:00,59.0,(11.078405520382008+0j)
5369,12.09.2018,17:00,58.0,(11.015458675840927+0j)
5370,12.09.2018,18:00,62.0,(11.263079534051261+0j)
5371,12.09.2018,19:00,49.0,(10.41338553855059+0j)
5372,12.09.2018,20:00,52.0,(10.621708264608335+0j)
5373,12.09.2018,21:00,48.0,(10.34205874156488+0j)
5374,12.09.2018,22:00,47.0,(10.269734286241032+0j)
5375,12.09.2018,23:00,52.0,(10.621708264608335+0j)
5376,13.09.2018,00:00,45.0,(10.121947777604984+0j)
5377,13.09.2018,01:00,42.0,(9.891823330401618+0j)
5378,13.09.2018,02:00,46.0,(10.19637653715948+0j)
5379,13.09.2018,03:00,51.0,(10.5531792067093+0j)
5380,13.09.2018,04:00,55.0,(10.822164994364314+0j)
5381,13.09.2018,05:00,44.0,(10.0464080386713+0j)
5382,13.09.2018,06:00,20.0,(7.724491855603646+0j)
5383,13.09.2018,07:00,10.0,(6.130933248752508+0j)
5384,13.09.2018,08:00,2.0,(3.585391514230274+0j)
5385,13.09.2018,09:00,11.0,(6.32884048187752+0j)
5386,13.09.2018,10:00,41.0,(9.812685353516676+0j)
5387,13.09.2018,11:00,53.0,(10.689364281461948+0j)
5388,13.09.2018,12:00,7.0,(5.443680165984116+0j)
5389,13.09.2018,13:00,4.0,(4.517310240893176+0j)
5390,13.09.2018,14:00,3.0,(4.1042487314692515+0j)
5391,13.09.2018,15:00,5.0,(4.866124944308272+0j)
5392,13.09.2018,16:00,11.0,(6.32884048187752+0j)
5393,13.09.2018,17:00,19.0,(7.593542967381978+0j)
5394,13.09.2018,18:00,18.0,(7.457914888057963+0j)
5395,13.09.2018,19:00,16.0,(7.170783028460548+0j)
5396,13.09.2018,20:00,27.0,(8.537181392110488+0j)
5397,13.09.2018,21:00,32.0,(9.034620481786352+0j)
5398,13.09.2018,22:00,7.0,(5.443680165984116+0j)
5399,13.09.2018,23:00,3.0,(4.1042487314692515+0j)
5400,14.09.2018,00:00,18.0,(7.457914888057963+0j)
5401,14.09.2018,01:00,30.0,(8.84233584359671+0j)
5402,14.09.2018,02:00,20.0,(7.724491855603646+0j)
5403,14.09.2018,03:00,10.0,(6.130933248752508+0j)
5404,14.09.2018,04:00,1.0,(2.845727130703496+0j)
5405,14.09.2018,05:00,0.0,0j
5406,14.09.2018,06:00,0.0,0j
5407,14.09.2018,07:00,0.0,0j
5408,14.09.2018,08:00,0.0,0j
5409,14.09.2018,09:00,0.0,0j
5410,14.09.2018,10:00,0.0,0j
5411,14.09.2018,11:00,0.0,0j
5412,14.09.2018,12:00,0.0,0j
5413,14.09.2018,13:00,0.0,0j
5414,14.09.2018,14:00,2.0,(3.585391514230274+0j)
5415,14.09.2018,15:00,6.0,(5.171029370782441+0j)
5416,14.09.2018,16:00,0.0,0j
5417,14.09.2018,17:00,1.0,(2.845727130703496+0j)
5418,14.09.2018,18:00,0.0,0j
5419,14.09.2018,19:00,3.0,(4.1042487314692515+0j)
5420,14.09.2018,20:00,7.0,(5.443680165984116+0j)
5421,14.09.2018,21:00,1.0,(2.845727130703496+0j)
5422,14.09.2018,22:00,1.0,(2.845727130703496+0j)
5423,14.09.2018,23:00,1.0,(2.845727130703496+0j)
5424,15.09.2018,00:00,0.0,0j
5425,15.09.2018,01:00,0.0,0j
5426,15.09.2018,02:00,0.0,0j
5427,15.09.2018,03:00,0.0,0j
5428,15.09.2018,04:00,2.0,(3.585391514230274+0j)
5429,15.09.2018,05:00,2.0,(3.585391514230274+0j)
5430,15.09.2018,06:00,1.0,(2.845727130703496+0j)
5431,15.09.2018,07:00,1.0,(2.845727130703496+0j)
5432,15.09.2018,08:00,0.0,0j
5433,15.09.2018,09:00,3.0,(4.1042487314692515+0j)
5434,15.09.2018,10:00,8.0,(5.691454261406992+0j)
5435,15.09.2018,11:00,10.0,(6.130933248752508+0j)
5436,15.09.2018,12:00,6.0,(5.171029370782441+0j)
5437,15.09.2018,13:00,5.0,(4.866124944308272+0j)
5438,15.09.2018,14:00,8.0,(5.691454261406992+0j)
5439,15.09.2018,15:00,5.0,(4.866124944308272+0j)
5440,15.09.2018,16:00,8.0,(5.691454261406992+0j)
5441,15.09.2018,17:00,4.0,(4.517310240893176+0j)
5442,15.09.2018,18:00,1.0,(2.845727130703496+0j)
5443,15.09.2018,19:00,5.0,(4.866124944308272+0j)
5444,15.09.2018,20:00,26.0,(8.430455436469295+0j)
5445,15.09.2018,21:00,24.0,(8.208497462938503+0j)
5446,15.09.2018,22:00,40.0,(9.732249888616542+0j)
5447,15.09.2018,23:00,27.0,(8.537181392110488+0j)
5448,16.09.2018,00:00,32.0,(9.034620481786352+0j)
5449,16.09.2018,01:00,20.0,(7.724491855603646+0j)
5450,16.09.2018,02:00,18.0,(7.457914888057963+0j)
5451,16.09.2018,03:00,21.0,(7.851145380281553+0j)
5452,16.09.2018,04:00,27.0,(8.537181392110488+0j)
5453,16.09.2018,05:00,28.0,(8.641303622061608+0j)
5454,16.09.2018,06:00,26.0,(8.430455436469295+0j)
5455,16.09.2018,07:00,36.0,(9.396383955788593+0j)
5456,16.09.2018,08:00,28.0,(8.641303622061608+0j)
5457,16.09.2018,09:00,27.0,(8.537181392110488+0j)
5458,16.09.2018,10:00,34.0,(9.219051195842558+0j)
5459,16.09.2018,11:00,24.0,(8.208497462938503+0j)
5460,16.09.2018,12:00,44.0,(10.0464080386713+0j)
5461,16.09.2018,13:00,42.0,(9.891823330401618+0j)
5462,16.09.2018,14:00,38.0,(9.567264627885733+0j)
5463,16.09.2018,15:00,45.0,(10.121947777604984+0j)
5464,16.09.2018,16:00,48.0,(10.34205874156488+0j)
5465,16.09.2018,17:00,61.0,(11.202196833891742+0j)
5466,16.09.2018,18:00,58.0,(11.015458675840927+0j)
5467,16.09.2018,19:00,62.0,(11.263079534051261+0j)
5468,16.09.2018,20:00,61.0,(11.202196833891742+0j)
5469,16.09.2018,21:00,53.0,(10.689364281461948+0j)
5470,16.09.2018,22:00,58.0,(11.015458675840927+0j)
5471,16.09.2018,23:00,53.0,(10.689364281461948+0j)
5472,17.09.2018,00:00,45.0,(10.121947777604984+0j)
5473,17.09.2018,01:00,45.0,(10.121947777604984+0j)
5474,17.09.2018,02:00,45.0,(10.121947777604984+0j)
5475,17.09.2018,03:00,32.0,(9.034620481786352+0j)
5476,17.09.2018,04:00,50.0,(10.483748386047209+0j)
5477,17.09.2018,05:00,53.0,(10.689364281461948+0j)
5478,17.09.2018,06:00,67.0,(11.55805762209552+0j)
5479,17.09.2018,07:00,61.0,(11.202196833891742+0j)
5480,17.09.2018,08:00,59.0,(11.078405520382008+0j)
5481,17.09.2018,09:00,63.0,(11.323311051132062+0j)
5482,17.09.2018,10:00,56.0,(10.887360331968232+0j)
5483,17.09.2018,11:00,48.0,(10.34205874156488+0j)
5484,17.09.2018,12:00,60.0,(11.140645059587433+0j)
5485,17.09.2018,13:00,65.0,(11.441888376335278+0j)
5486,17.09.2018,14:00,67.0,(11.55805762209552+0j)
5487,17.09.2018,15:00,69.0,(11.671937444523078+0j)
5488,17.09.2018,16:00,68.0,(11.615276661700541+0j)
5489,17.09.2018,17:00,69.0,(11.671937444523078+0j)
5490,17.09.2018,18:00,69.0,(11.671937444523078+0j)
5491,17.09.2018,19:00,66.0,(11.500266368369322+0j)
5492,17.09.2018,20:00,66.0,(11.500266368369322+0j)
5493,17.09.2018,21:00,61.0,(11.202196833891742+0j)
5494,17.09.2018,22:00,60.0,(11.140645059587433+0j)
5495,17.09.2018,23:00,55.0,(10.822164994364314+0j)
5496,18.09.2018,00:00,52.0,(10.621708264608335+0j)
5497,18.09.2018,01:00,55.0,(10.822164994364314+0j)
5498,18.09.2018,02:00,60.0,(11.140645059587433+0j)
5499,18.09.2018,03:00,61.0,(11.202196833891742+0j)
5500,18.09.2018,04:00,66.0,(11.500266368369322+0j)
5501,18.09.2018,05:00,63.0,(11.323311051132062+0j)
5502,18.09.2018,06:00,66.0,(11.500266368369322+0j)
5503,18.09.2018,07:00,63.0,(11.323311051132062+0j)
5504,18.09.2018,08:00,56.0,(10.887360331968232+0j)
5505,18.09.2018,09:00,53.0,(10.689364281461948+0j)
5506,18.09.2018,10:00,66.0,(11.500266368369322+0j)
5507,18.09.2018,11:00,55.0,(10.822164994364314+0j)
5508,18.09.2018,12:00,54.0,(10.756174542690822+0j)
5509,18.09.2018,13:00,55.0,(10.822164994364314+0j)
5510,18.09.2018,14:00,58.0,(11.015458675840927+0j)
5511,18.09.2018,15:00,67.0,(11.55805762209552+0j)
5512,18.09.2018,16:00,66.0,(11.500266368369322+0j)
5513,18.09.2018,17:00,64.0,(11.382908522813985+0j)
5514,18.09.2018,18:00,63.0,(11.323311051132062+0j)
5515,18.09.2018,19:00,61.0,(11.202196833891742+0j)
5516,18.09.2018,20:00,57.0,(10.9517840818175+0j)
5517,18.09.2018,21:00,59.0,(11.078405520382008+0j)
5518,18.09.2018,22:00,53.0,(10.689364281461948+0j)
5519,18.09.2018,23:00,53.0,(10.689364281461948+0j)
5520,19.09.2018,00:00,51.0,(10.5531792067093+0j)
5521,19.09.2018,01:00,49.0,(10.41338553855059+0j)
5522,19.09.2018,02:00,47.0,(10.269734286241032+0j)
5523,19.09.2018,03:00,53.0,(10.689364281461948+0j)
5524,19.09.2018,04:00,60.0,(11.140645059587433+0j)
5525,19.09.2018,05:00,55.0,(10.822164994364314+0j)
5526,19.09.2018,06:00,48.0,(10.34205874156488+0j)
5527,19.09.2018,07:00,44.0,(10.0464080386713+0j)
5528,19.09.2018,08:00,36.0,(9.396383955788593+0j)
5529,19.09.2018,09:00,31.0,(8.939512150377235+0j)
5530,19.09.2018,10:00,25.0,(8.320956608290626+0j)
5531,19.09.2018,11:00,17.0,(7.317165783214581+0j)
5532,19.09.2018,12:00,19.0,(7.593542967381978+0j)
5533,19.09.2018,13:00,25.0,(8.320956608290626+0j)
5534,19.09.2018,14:00,27.0,(8.537181392110488+0j)
5535,19.09.2018,15:00,37.0,(9.482594128751929+0j)
5536,19.09.2018,16:00,49.0,(10.41338553855059+0j)
5537,19.09.2018,17:00,57.0,(10.9517840818175+0j)
5538,19.09.2018,18:00,57.0,(10.9517840818175+0j)
5539,19.09.2018,19:00,55.0,(10.822164994364314+0j)
5540,19.09.2018,20:00,45.0,(10.121947777604984+0j)
5541,19.09.2018,21:00,47.0,(10.269734286241032+0j)
5542,19.09.2018,22:00,43.0,(9.969714910096506+0j)
5543,19.09.2018,23:00,40.0,(9.732249888616542+0j)
5544,20.09.2018,00:00,40.0,(9.732249888616542+0j)
5545,20.09.2018,01:00,38.0,(9.567264627885733+0j)
5546,20.09.2018,02:00,39.0,(9.650462409337567+0j)
5547,20.09.2018,03:00,40.0,(9.732249888616542+0j)
5548,20.09.2018,04:00,48.0,(10.34205874156488+0j)
5549,20.09.2018,05:00,44.0,(10.0464080386713+0j)
5550,20.09.2018,06:00,44.0,(10.0464080386713+0j)
5551,20.09.2018,07:00,43.0,(9.969714910096506+0j)
5552,20.09.2018,08:00,52.0,(10.621708264608335+0j)
5553,20.09.2018,09:00,52.0,(10.621708264608335+0j)
5554,20.09.2018,10:00,30.0,(8.84233584359671+0j)
5555,20.09.2018,11:00,26.0,(8.430455436469295+0j)
5556,20.09.2018,12:00,25.0,(8.320956608290626+0j)
5557,20.09.2018,13:00,25.0,(8.320956608290626+0j)
5558,20.09.2018,14:00,33.0,(9.127767465531983+0j)
5559,20.09.2018,15:00,38.0,(9.567264627885733+0j)
5560,20.09.2018,16:00,42.0,(9.891823330401618+0j)
5561,20.09.2018,17:00,47.0,(10.269734286241032+0j)
5562,20.09.2018,18:00,47.0,(10.269734286241032+0j)
5563,20.09.2018,19:00,56.0,(10.887360331968232+0j)
5564,20.09.2018,20:00,49.0,(10.41338553855059+0j)
5565,20.09.2018,21:00,49.0,(10.41338553855059+0j)
5566,20.09.2018,22:00,45.0,(10.121947777604984+0j)
5567,20.09.2018,23:00,47.0,(10.269734286241032+0j)
5568,21.09.2018,00:00,45.0,(10.121947777604984+0j)
5569,21.09.2018,01:00,44.0,(10.0464080386713+0j)
5570,21.09.2018,02:00,44.0,(10.0464080386713+0j)
5571,21.09.2018,03:00,43.0,(9.969714910096506+0j)
5572,21.09.2018,04:00,38.0,(9.567264627885733+0j)
5573,21.09.2018,05:00,39.0,(9.650462409337567+0j)
5574,21.09.2018,06:00,42.0,(9.891823330401618+0j)
5575,21.09.2018,07:00,40.0,(9.732249888616542+0j)
5576,21.09.2018,08:00,38.0,(9.567264627885733+0j)
5577,21.09.2018,09:00,29.0,(8.74297534497106+0j)
5578,21.09.2018,10:00,26.0,(8.430455436469295+0j)
5579,21.09.2018,11:00,25.0,(8.320956608290626+0j)
5580,21.09.2018,12:00,18.0,(7.457914888057963+0j)
5581,21.09.2018,13:00,13.0,(6.691256914211192+0j)
5582,21.09.2018,14:00,16.0,(7.170783028460548+0j)
5583,21.09.2018,15:00,16.0,(7.170783028460548+0j)
5584,21.09.2018,16:00,15.0,(7.018166609990766+0j)
5585,21.09.2018,17:00,22.0,(7.9738393445443+0j)
5586,21.09.2018,18:00,22.0,(7.9738393445443+0j)
5587,21.09.2018,19:00,27.0,(8.537181392110488+0j)
5588,21.09.2018,20:00,25.0,(8.320956608290626+0j)
5589,21.09.2018,21:00,25.0,(8.320956608290626+0j)
5590,21.09.2018,22:00,23.0,(8.092869420675413+0j)
5591,21.09.2018,23:00,25.0,(8.320956608290626+0j)
5592,22.09.2018,00:00,19.0,(7.593542967381978+0j)
5593,22.09.2018,01:00,12.0,(6.515088753873438+0j)
5594,22.09.2018,02:00,5.0,(4.866124944308272+0j)
5595,22.09.2018,03:00,1.0,(2.845727130703496+0j)
5596,22.09.2018,04:00,1.0,(2.845727130703496+0j)
5597,22.09.2018,05:00,0.0,0j
5598,22.09.2018,06:00,0.0,0j
5599,22.09.2018,07:00,1.0,(2.845727130703496+0j)
5600,22.09.2018,08:00,0.0,0j
5601,22.09.2018,09:00,1.0,(2.845727130703496+0j)
5602,22.09.2018,10:00,0.0,0j
5603,22.09.2018,11:00,0.0,0j
5604,22.09.2018,12:00,0.0,0j
5605,22.09.2018,13:00,0.0,0j
5606,22.09.2018,14:00,0.0,0j
5607,22.09.2018,15:00,3.0,(4.1042487314692515+0j)
5608,22.09.2018,16:00,2.0,(3.585391514230274+0j)
5609,22.09.2018,17:00,1.0,(2.845727130703496+0j)
5610,22.09.2018,18:00,1.0,(2.845727130703496+0j)
5611,22.09.2018,19:00,2.0,(3.585391514230274+0j)
5612,22.09.2018,20:00,5.0,(4.866124944308272+0j)
5613,22.09.2018,21:00,14.0,(6.858607230018604+0j)
5614,22.09.2018,22:00,19.0,(7.593542967381978+0j)
5615,22.09.2018,23:00,17.0,(7.317165783214581+0j)
5616,23.09.2018,00:00,12.0,(6.515088753873438+0j)
5617,23.09.2018,01:00,15.0,(7.018166609990766+0j)
5618,23.09.2018,02:00,9.0,(5.919350969396254+0j)
5619,23.09.2018,03:00,9.0,(5.919350969396254+0j)
5620,23.09.2018,04:00,12.0,(6.515088753873438+0j)
5621,23.09.2018,05:00,12.0,(6.515088753873438+0j)
5622,23.09.2018,06:00,8.0,(5.691454261406992+0j)
5623,23.09.2018,07:00,3.0,(4.1042487314692515+0j)
5624,23.09.2018,08:00,0.0,0j
5625,23.09.2018,09:00,0.0,0j
5626,23.09.2018,10:00,0.0,0j
5627,23.09.2018,11:00,0.0,0j
5628,23.09.2018,12:00,0.0,0j
5629,23.09.2018,13:00,2.0,(3.585391514230274+0j)
5630,23.09.2018,14:00,1.0,(2.845727130703496+0j)
5631,23.09.2018,15:00,2.0,(3.585391514230274+0j)
5632,23.09.2018,16:00,6.0,(5.171029370782441+0j)
5633,23.09.2018,17:00,8.0,(5.691454261406992+0j)
5634,23.09.2018,18:00,24.0,(8.208497462938503+0j)
5635,23.09.2018,19:00,24.0,(8.208497462938503+0j)
5636,23.09.2018,20:00,22.0,(7.9738393445443+0j)
5637,23.09.2018,21:00,16.0,(7.170783028460548+0j)
5638,23.09.2018,22:00,17.0,(7.317165783214581+0j)
5639,23.09.2018,23:00,13.0,(6.691256914211192+0j)
5640,24.09.2018,00:00,11.0,(6.32884048187752+0j)
5641,24.09.2018,01:00,4.0,(4.517310240893176+0j)
5642,24.09.2018,02:00,0.0,0j
5643,24.09.2018,03:00,0.0,0j
5644,24.09.2018,04:00,0.0,0j
5645,24.09.2018,05:00,0.0,0j
5646,24.09.2018,06:00,0.0,0j
5647,24.09.2018,07:00,0.0,0j
5648,24.09.2018,08:00,0.0,0j
5649,24.09.2018,09:00,0.0,0j
5650,24.09.2018,10:00,0.0,0j
5651,24.09.2018,11:00,2.0,(3.585391514230274+0j)
5652,24.09.2018,12:00,7.0,(5.443680165984116+0j)
5653,24.09.2018,13:00,11.0,(6.32884048187752+0j)
5654,24.09.2018,14:00,14.0,(6.858607230018604+0j)
5655,24.09.2018,15:00,14.0,(6.858607230018604+0j)
5656,24.09.2018,16:00,11.0,(6.32884048187752+0j)
5657,24.09.2018,17:00,6.0,(5.171029370782441+0j)
5658,24.09.2018,18:00,1.0,(2.845727130703496+0j)
5659,24.09.2018,19:00,3.0,(4.1042487314692515+0j)
5660,24.09.2018,20:00,2.0,(3.585391514230274+0j)
5661,24.09.2018,21:00,2.0,(3.585391514230274+0j)
5662,24.09.2018,22:00,2.0,(3.585391514230274+0j)
5663,24.09.2018,23:00,1.0,(2.845727130703496+0j)
5664,25.09.2018,00:00,0.0,0j
5665,25.09.2018,01:00,0.0,0j
5666,25.09.2018,02:00,0.0,0j
5667,25.09.2018,03:00,4.0,(4.517310240893176+0j)
5668,25.09.2018,04:00,61.0,(11.202196833891742+0j)
5669,25.09.2018,05:00,54.0,(10.756174542690822+0j)
5670,25.09.2018,06:00,66.0,(11.500266368369322+0j)
5671,25.09.2018,07:00,69.0,(11.671937444523078+0j)
5672,25.09.2018,08:00,68.0,(11.615276661700541+0j)
5673,25.09.2018,09:00,68.0,(11.615276661700541+0j)
5674,25.09.2018,10:00,68.0,(11.615276661700541+0j)
5675,25.09.2018,11:00,69.0,(11.671937444523078+0j)
5676,25.09.2018,12:00,68.0,(11.615276661700541+0j)
5677,25.09.2018,13:00,69.0,(11.671937444523078+0j)
5678,25.09.2018,14:00,69.0,(11.671937444523078+0j)
5679,25.09.2018,15:00,69.0,(11.671937444523078+0j)
5680,25.09.2018,16:00,69.0,(11.671937444523078+0j)
5681,25.09.2018,17:00,64.0,(11.382908522813985+0j)
5682,25.09.2018,18:00,54.0,(10.756174542690822+0j)
5683,25.09.2018,19:00,48.0,(10.34205874156488+0j)
5684,25.09.2018,20:00,54.0,(10.756174542690822+0j)
5685,25.09.2018,21:00,50.0,(10.483748386047209+0j)
5686,25.09.2018,22:00,50.0,(10.483748386047209+0j)
5687,25.09.2018,23:00,50.0,(10.483748386047209+0j)
5688,26.09.2018,00:00,57.0,(10.9517840818175+0j)
5689,26.09.2018,01:00,56.0,(10.887360331968232+0j)
5690,26.09.2018,02:00,54.0,(10.756174542690822+0j)
5691,26.09.2018,03:00,60.0,(11.140645059587433+0j)
5692,26.09.2018,04:00,60.0,(11.140645059587433+0j)
5693,26.09.2018,05:00,59.0,(11.078405520382008+0j)
5694,26.09.2018,06:00,60.0,(11.140645059587433+0j)
5695,26.09.2018,07:00,60.0,(11.140645059587433+0j)
5696,26.09.2018,08:00,66.0,(11.500266368369322+0j)
5697,26.09.2018,09:00,66.0,(11.500266368369322+0j)
5698,26.09.2018,10:00,66.0,(11.500266368369322+0j)
5699,26.09.2018,11:00,60.0,(11.140645059587433+0j)
5700,26.09.2018,12:00,55.0,(10.822164994364314+0j)
5701,26.09.2018,13:00,51.0,(10.5531792067093+0j)
5702,26.09.2018,14:00,47.0,(10.269734286241032+0j)
5703,26.09.2018,15:00,44.0,(10.0464080386713+0j)
5704,26.09.2018,16:00,45.0,(10.121947777604984+0j)
5705,26.09.2018,17:00,41.0,(9.812685353516676+0j)
5706,26.09.2018,18:00,41.0,(9.812685353516676+0j)
5707,26.09.2018,19:00,41.0,(9.812685353516676+0j)
5708,26.09.2018,20:00,51.0,(10.5531792067093+0j)
5709,26.09.2018,21:00,66.0,(11.500266368369322+0j)
5710,26.09.2018,22:00,66.0,(11.500266368369322+0j)
5711,26.09.2018,23:00,67.0,(11.55805762209552+0j)
5712,27.09.2018,00:00,67.0,(11.55805762209552+0j)
5713,27.09.2018,01:00,66.0,(11.500266368369322+0j)
5714,27.09.2018,02:00,67.0,(11.55805762209552+0j)
5715,27.09.2018,03:00,67.0,(11.55805762209552+0j)
5716,27.09.2018,04:00,66.0,(11.500266368369322+0j)
5717,27.09.2018,05:00,67.0,(11.55805762209552+0j)
5718,27.09.2018,06:00,66.0,(11.500266368369322+0j)
5719,27.09.2018,07:00,66.0,(11.500266368369322+0j)
5720,27.09.2018,08:00,66.0,(11.500266368369322+0j)
5721,27.09.2018,09:00,66.0,(11.500266368369322+0j)
5722,27.09.2018,10:00,66.0,(11.500266368369322+0j)
5723,27.09.2018,11:00,66.0,(11.500266368369322+0j)
5724,27.09.2018,12:00,66.0,(11.500266368369322+0j)
5725,27.09.2018,13:00,66.0,(11.500266368369322+0j)
5726,27.09.2018,14:00,65.0,(11.441888376335278+0j)
5727,27.09.2018,15:00,65.0,(11.441888376335278+0j)
5728,27.09.2018,16:00,65.0,(11.441888376335278+0j)
5729,27.09.2018,17:00,65.0,(11.441888376335278+0j)
5730,27.09.2018,18:00,60.0,(11.140645059587433+0j)
5731,27.09.2018,19:00,62.0,(11.263079534051261+0j)
5732,27.09.2018,20:00,62.0,(11.263079534051261+0j)
5733,27.09.2018,21:00,60.0,(11.140645059587433+0j)
5734,27.09.2018,22:00,55.0,(10.822164994364314+0j)
5735,27.09.2018,23:00,57.0,(10.9517840818175+0j)
5736,28.09.2018,00:00,51.0,(10.5531792067093+0j)
5737,28.09.2018,01:00,48.0,(10.34205874156488+0j)
5738,28.09.2018,02:00,49.0,(10.41338553855059+0j)
5739,28.09.2018,03:00,52.0,(10.621708264608335+0j)
5740,28.09.2018,04:00,55.0,(10.822164994364314+0j)
5741,28.09.2018,05:00,54.0,(10.756174542690822+0j)
5742,28.09.2018,06:00,55.0,(10.822164994364314+0j)
5743,28.09.2018,07:00,50.0,(10.483748386047209+0j)
5744,28.09.2018,08:00,39.0,(9.650462409337567+0j)
5745,28.09.2018,09:00,32.0,(9.034620481786352+0j)
5746,28.09.2018,10:00,21.0,(7.851145380281553+0j)
5747,28.09.2018,11:00,12.0,(6.515088753873438+0j)
5748,28.09.2018,12:00,10.0,(6.130933248752508+0j)
5749,28.09.2018,13:00,12.0,(6.515088753873438+0j)
5750,28.09.2018,14:00,2.0,(3.585391514230274+0j)
5751,28.09.2018,15:00,4.0,(4.517310240893176+0j)
5752,28.09.2018,16:00,4.0,(4.517310240893176+0j)
5753,28.09.2018,17:00,4.0,(4.517310240893176+0j)
5754,28.09.2018,18:00,6.0,(5.171029370782441+0j)
5755,28.09.2018,19:00,4.0,(4.517310240893176+0j)
5756,28.09.2018,20:00,4.0,(4.517310240893176+0j)
5757,28.09.2018,21:00,2.0,(3.585391514230274+0j)
5758,28.09.2018,22:00,2.0,(3.585391514230274+0j)
5759,28.09.2018,23:00,4.0,(4.517310240893176+0j)
5760,29.09.2018,00:00,3.0,(4.1042487314692515+0j)
5761,29.09.2018,01:00,7.0,(5.443680165984116+0j)
5762,29.09.2018,02:00,8.0,(5.691454261406992+0j)
5763,29.09.2018,03:00,16.0,(7.170783028460548+0j)
5764,29.09.2018,04:00,12.0,(6.515088753873438+0j)
5765,29.09.2018,05:00,7.0,(5.443680165984116+0j)
5766,29.09.2018,06:00,2.0,(3.585391514230274+0j)
5767,29.09.2018,07:00,8.0,(5.691454261406992+0j)
5768,29.09.2018,08:00,7.0,(5.443680165984116+0j)
5769,29.09.2018,09:00,15.0,(7.018166609990766+0j)
5770,29.09.2018,10:00,25.0,(8.320956608290626+0j)
5771,29.09.2018,11:00,15.0,(7.018166609990766+0j)
5772,29.09.2018,12:00,7.0,(5.443680165984116+0j)
5773,29.09.2018,13:00,10.0,(6.130933248752508+0j)
5774,29.09.2018,14:00,5.0,(4.866124944308272+0j)
5775,29.09.2018,15:00,2.0,(3.585391514230274+0j)
5776,29.09.2018,16:00,4.0,(4.517310240893176+0j)
5777,29.09.2018,17:00,1.0,(2.845727130703496+0j)
5778,29.09.2018,18:00,0.0,0j
5779,29.09.2018,19:00,0.0,0j
5780,29.09.2018,20:00,0.0,0j
5781,29.09.2018,21:00,1.0,(2.845727130703496+0j)
5782,29.09.2018,22:00,4.0,(4.517310240893176+0j)
5783,29.09.2018,23:00,4.0,(4.517310240893176+0j)
5784,30.09.2018,00:00,5.0,(4.866124944308272+0j)
5785,30.09.2018,01:00,5.0,(4.866124944308272+0j)
5786,30.09.2018,02:00,9.0,(5.919350969396254+0j)
5787,30.09.2018,03:00,5.0,(4.866124944308272+0j)
5788,30.09.2018,04:00,9.0,(5.919350969396254+0j)
5789,30.09.2018,05:00,6.0,(5.171029370782441+0j)
5790,30.09.2018,06:00,6.0,(5.171029370782441+0j)
5791,30.09.2018,07:00,5.0,(4.866124944308272+0j)
5792,30.09.2018,08:00,2.0,(3.585391514230274+0j)
5793,30.09.2018,09:00,1.0,(2.845727130703496+0j)
5794,30.09.2018,10:00,1.0,(2.845727130703496+0j)
5795,30.09.2018,11:00,2.0,(3.585391514230274+0j)
5796,30.09.2018,12:00,2.0,(3.585391514230274+0j)
5797,30.09.2018,13:00,3.0,(4.1042487314692515+0j)
5798,30.09.2018,14:00,1.0,(2.845727130703496+0j)
5799,30.09.2018,15:00,2.0,(3.585391514230274+0j)
5800,30.09.2018,16:00,3.0,(4.1042487314692515+0j)
5801,30.09.2018,17:00,3.0,(4.1042487314692515+0j)
5802,30.09.2018,18:00,2.0,(3.585391514230274+0j)
5803,30.09.2018,19:00,8.0,(5.691454261406992+0j)
5804,30.09.2018,20:00,12.0,(6.515088753873438+0j)
5805,30.09.2018,21:00,20.0,(7.724491855603646+0j)
5806,30.09.2018,22:00,30.0,(8.84233584359671+0j)
5807,30.09.2018,23:00,26.0,(8.430455436469295+0j)
5808,01.10.2018,00:00,27.0,(8.537181392110488+0j)
5809,01.10.2018,01:00,42.0,(9.891823330401618+0j)
5810,01.10.2018,02:00,25.0,(8.320956608290626+0j)
5811,01.10.2018,03:00,37.0,(9.482594128751929+0j)
5812,01.10.2018,04:00,37.0,(9.482594128751929+0j)
5813,01.10.2018,05:00,44.0,(10.0464080386713+0j)
5814,01.10.2018,06:00,26.0,(8.430455436469295+0j)
5815,01.10.2018,07:00,26.0,(8.430455436469295+0j)
5816,01.10.2018,08:00,37.0,(9.482594128751929+0j)
5817,01.10.2018,09:00,43.0,(9.969714910096506+0j)
5818,01.10.2018,10:00,21.0,(7.851145380281553+0j)
5819,01.10.2018,11:00,31.0,(8.939512150377235+0j)
5820,01.10.2018,12:00,33.0,(9.127767465531983+0j)
5821,01.10.2018,13:00,29.0,(8.74297534497106+0j)
5822,01.10.2018,14:00,13.0,(6.691256914211192+0j)
5823,01.10.2018,15:00,11.0,(6.32884048187752+0j)
5824,01.10.2018,16:00,8.0,(5.691454261406992+0j)
5825,01.10.2018,17:00,6.0,(5.171029370782441+0j)
5826,01.10.2018,18:00,12.0,(6.515088753873438+0j)
5827,01.10.2018,19:00,26.0,(8.430455436469295+0j)
5828,01.10.2018,20:00,25.0,(8.320956608290626+0j)
5829,01.10.2018,21:00,17.0,(7.317165783214581+0j)
5830,01.10.2018,22:00,27.0,(8.537181392110488+0j)
5831,01.10.2018,23:00,17.0,(7.317165783214581+0j)
5832,02.10.2018,00:00,10.0,(6.130933248752508+0j)
5833,02.10.2018,01:00,6.0,(5.171029370782441+0j)
5834,02.10.2018,02:00,5.0,(4.866124944308272+0j)
5835,02.10.2018,03:00,3.0,(4.1042487314692515+0j)
5836,02.10.2018,04:00,5.0,(4.866124944308272+0j)
5837,02.10.2018,05:00,3.0,(4.1042487314692515+0j)
5838,02.10.2018,06:00,9.0,(5.919350969396254+0j)
5839,02.10.2018,07:00,8.0,(5.691454261406992+0j)
5840,02.10.2018,08:00,4.0,(4.517310240893176+0j)
5841,02.10.2018,09:00,2.0,(3.585391514230274+0j)
5842,02.10.2018,10:00,7.0,(5.443680165984116+0j)
5843,02.10.2018,11:00,7.0,(5.443680165984116+0j)
5844,02.10.2018,12:00,6.0,(5.171029370782441+0j)
5845,02.10.2018,13:00,6.0,(5.171029370782441+0j)
5846,02.10.2018,14:00,1.0,(2.845727130703496+0j)
5847,02.10.2018,15:00,4.0,(4.517310240893176+0j)
5848,02.10.2018,16:00,1.0,(2.845727130703496+0j)
5849,02.10.2018,17:00,0.0,0j
5850,02.10.2018,18:00,0.0,0j
5851,02.10.2018,19:00,0.0,0j
5852,02.10.2018,20:00,2.0,(3.585391514230274+0j)
5853,02.10.2018,21:00,3.0,(4.1042487314692515+0j)
5854,02.10.2018,22:00,3.0,(4.1042487314692515+0j)
5855,02.10.2018,23:00,3.0,(4.1042487314692515+0j)
5856,03.10.2018,00:00,1.0,(2.845727130703496+0j)
5857,03.10.2018,01:00,2.0,(3.585391514230274+0j)
5858,03.10.2018,02:00,2.0,(3.585391514230274+0j)
5859,03.10.2018,03:00,0.0,0j
5860,03.10.2018,04:00,0.0,0j
5861,03.10.2018,05:00,0.0,0j
5862,03.10.2018,06:00,0.0,0j
5863,03.10.2018,07:00,0.0,0j
5864,03.10.2018,08:00,0.0,0j
5865,03.10.2018,09:00,0.0,0j
5866,03.10.2018,10:00,1.0,(2.845727130703496+0j)
5867,03.10.2018,11:00,1.0,(2.845727130703496+0j)
5868,03.10.2018,12:00,1.0,(2.845727130703496+0j)
5869,03.10.2018,13:00,2.0,(3.585391514230274+0j)
5870,03.10.2018,14:00,0.0,0j
5871,03.10.2018,15:00,2.0,(3.585391514230274+0j)
5872,03.10.2018,16:00,0.0,0j
5873,03.10.2018,17:00,3.0,(4.1042487314692515+0j)
5874,03.10.2018,18:00,7.0,(5.443680165984116+0j)
5875,03.10.2018,19:00,7.0,(5.443680165984116+0j)
5876,03.10.2018,20:00,7.0,(5.443680165984116+0j)
5877,03.10.2018,21:00,4.0,(4.517310240893176+0j)
5878,03.10.2018,22:00,1.0,(2.845727130703496+0j)
5879,03.10.2018,23:00,3.0,(4.1042487314692515+0j)
5880,04.10.2018,00:00,0.0,0j
5881,04.10.2018,01:00,0.0,0j
5882,04.10.2018,02:00,0.0,0j
5883,04.10.2018,03:00,2.0,(3.585391514230274+0j)
5884,04.10.2018,04:00,2.0,(3.585391514230274+0j)
5885,04.10.2018,05:00,3.0,(4.1042487314692515+0j)
5886,04.10.2018,06:00,2.0,(3.585391514230274+0j)
5887,04.10.2018,07:00,3.0,(4.1042487314692515+0j)
5888,04.10.2018,08:00,5.0,(4.866124944308272+0j)
5889,04.10.2018,09:00,15.0,(7.018166609990766+0j)
5890,04.10.2018,10:00,16.0,(7.170783028460548+0j)
5891,04.10.2018,11:00,13.0,(6.691256914211192+0j)
5892,04.10.2018,12:00,22.0,(7.9738393445443+0j)
5893,04.10.2018,13:00,38.0,(9.567264627885733+0j)
5894,04.10.2018,14:00,20.0,(7.724491855603646+0j)
5895,04.10.2018,15:00,18.0,(7.457914888057963+0j)
5896,04.10.2018,16:00,13.0,(6.691256914211192+0j)
5897,04.10.2018,17:00,18.0,(7.457914888057963+0j)
5898,04.10.2018,18:00,27.0,(8.537181392110488+0j)
5899,04.10.2018,19:00,33.0,(9.127767465531983+0j)
5900,04.10.2018,20:00,37.0,(9.482594128751929+0j)
5901,04.10.2018,21:00,50.0,(10.483748386047209+0j)
5902,04.10.2018,22:00,50.0,(10.483748386047209+0j)
5903,04.10.2018,23:00,43.0,(9.969714910096506+0j)
5904,05.10.2018,00:00,62.0,(11.263079534051261+0j)
5905,05.10.2018,01:00,58.0,(11.015458675840927+0j)
5906,05.10.2018,02:00,50.0,(10.483748386047209+0j)
5907,05.10.2018,03:00,48.0,(10.34205874156488+0j)
5908,05.10.2018,04:00,53.0,(10.689364281461948+0j)
5909,05.10.2018,05:00,55.0,(10.822164994364314+0j)
5910,05.10.2018,06:00,64.0,(11.382908522813985+0j)
5911,05.10.2018,07:00,57.0,(10.9517840818175+0j)
5912,05.10.2018,08:00,57.0,(10.9517840818175+0j)
5913,05.10.2018,09:00,63.0,(11.323311051132062+0j)
5914,05.10.2018,10:00,51.0,(10.5531792067093+0j)
5915,05.10.2018,11:00,50.0,(10.483748386047209+0j)
5916,05.10.2018,12:00,61.0,(11.202196833891742+0j)
5917,05.10.2018,13:00,61.0,(11.202196833891742+0j)
5918,05.10.2018,14:00,61.0,(11.202196833891742+0j)
5919,05.10.2018,15:00,66.0,(11.500266368369322+0j)
5920,05.10.2018,16:00,66.0,(11.500266368369322+0j)
5921,05.10.2018,17:00,62.0,(11.263079534051261+0j)
5922,05.10.2018,18:00,61.0,(11.202196833891742+0j)
5923,05.10.2018,19:00,58.0,(11.015458675840927+0j)
5924,05.10.2018,20:00,50.0,(10.483748386047209+0j)
5925,05.10.2018,21:00,50.0,(10.483748386047209+0j)
5926,05.10.2018,22:00,47.0,(10.269734286241032+0j)
5927,05.10.2018,23:00,44.0,(10.0464080386713+0j)
5928,06.10.2018,00:00,42.0,(9.891823330401618+0j)
5929,06.10.2018,01:00,42.0,(9.891823330401618+0j)
5930,06.10.2018,02:00,44.0,(10.0464080386713+0j)
5931,06.10.2018,03:00,45.0,(10.121947777604984+0j)
5932,06.10.2018,04:00,44.0,(10.0464080386713+0j)
5933,06.10.2018,05:00,49.0,(10.41338553855059+0j)
5934,06.10.2018,06:00,49.0,(10.41338553855059+0j)
5935,06.10.2018,07:00,50.0,(10.483748386047209+0j)
5936,06.10.2018,08:00,48.0,(10.34205874156488+0j)
5937,06.10.2018,09:00,20.0,(7.724491855603646+0j)
5938,06.10.2018,10:00,14.0,(6.858607230018604+0j)
5939,06.10.2018,11:00,9.0,(5.919350969396254+0j)
5940,06.10.2018,12:00,10.0,(6.130933248752508+0j)
5941,06.10.2018,13:00,11.0,(6.32884048187752+0j)
5942,06.10.2018,14:00,18.0,(7.457914888057963+0j)
5943,06.10.2018,15:00,30.0,(8.84233584359671+0j)
5944,06.10.2018,16:00,41.0,(9.812685353516676+0j)
5945,06.10.2018,17:00,46.0,(10.19637653715948+0j)
5946,06.10.2018,18:00,44.0,(10.0464080386713+0j)
5947,06.10.2018,19:00,32.0,(9.034620481786352+0j)
5948,06.10.2018,20:00,32.0,(9.034620481786352+0j)
5949,06.10.2018,21:00,24.0,(8.208497462938503+0j)
5950,06.10.2018,22:00,25.0,(8.320956608290626+0j)
5951,06.10.2018,23:00,23.0,(8.092869420675413+0j)
5952,07.10.2018,00:00,21.0,(7.851145380281553+0j)
5953,07.10.2018,01:00,15.0,(7.018166609990766+0j)
5954,07.10.2018,02:00,12.0,(6.515088753873438+0j)
5955,07.10.2018,03:00,6.0,(5.171029370782441+0j)
5956,07.10.2018,04:00,5.0,(4.866124944308272+0j)
5957,07.10.2018,05:00,9.0,(5.919350969396254+0j)
5958,07.10.2018,06:00,8.0,(5.691454261406992+0j)
5959,07.10.2018,07:00,14.0,(6.858607230018604+0j)
5960,07.10.2018,08:00,11.0,(6.32884048187752+0j)
5961,07.10.2018,09:00,2.0,(3.585391514230274+0j)
5962,07.10.2018,10:00,1.0,(2.845727130703496+0j)
5963,07.10.2018,11:00,1.0,(2.845727130703496+0j)
5964,07.10.2018,12:00,3.0,(4.1042487314692515+0j)
5965,07.10.2018,13:00,3.0,(4.1042487314692515+0j)
5966,07.10.2018,14:00,3.0,(4.1042487314692515+0j)
5967,07.10.2018,15:00,3.0,(4.1042487314692515+0j)
5968,07.10.2018,16:00,3.0,(4.1042487314692515+0j)
5969,07.10.2018,17:00,1.0,(2.845727130703496+0j)
5970,07.10.2018,18:00,8.0,(5.691454261406992+0j)
5971,07.10.2018,19:00,17.0,(7.317165783214581+0j)
5972,07.10.2018,20:00,13.0,(6.691256914211192+0j)
5973,07.10.2018,21:00,12.0,(6.515088753873438+0j)
5974,07.10.2018,22:00,7.0,(5.443680165984116+0j)
5975,07.10.2018,23:00,7.0,(5.443680165984116+0j)
5976,08.10.2018,00:00,4.0,(4.517310240893176+0j)
5977,08.10.2018,01:00,5.0,(4.866124944308272+0j)
5978,08.10.2018,02:00,8.0,(5.691454261406992+0j)
5979,08.10.2018,03:00,10.0,(6.130933248752508+0j)
5980,08.10.2018,04:00,9.0,(5.919350969396254+0j)
5981,08.10.2018,05:00,12.0,(6.515088753873438+0j)
5982,08.10.2018,06:00,10.0,(6.130933248752508+0j)
5983,08.10.2018,07:00,9.0,(5.919350969396254+0j)
5984,08.10.2018,08:00,7.0,(5.443680165984116+0j)
5985,08.10.2018,09:00,3.0,(4.1042487314692515+0j)
5986,08.10.2018,10:00,1.0,(2.845727130703496+0j)
5987,08.10.2018,11:00,2.0,(3.585391514230274+0j)
5988,08.10.2018,12:00,2.0,(3.585391514230274+0j)
5989,08.10.2018,13:00,3.0,(4.1042487314692515+0j)
5990,08.10.2018,14:00,4.0,(4.517310240893176+0j)
5991,08.10.2018,15:00,3.0,(4.1042487314692515+0j)
5992,08.10.2018,16:00,10.0,(6.130933248752508+0j)
5993,08.10.2018,17:00,18.0,(7.457914888057963+0j)
5994,08.10.2018,18:00,26.0,(8.430455436469295+0j)
5995,08.10.2018,19:00,27.0,(8.537181392110488+0j)
5996,08.10.2018,20:00,26.0,(8.430455436469295+0j)
5997,08.10.2018,21:00,27.0,(8.537181392110488+0j)
5998,08.10.2018,22:00,30.0,(8.84233584359671+0j)
5999,08.10.2018,23:00,28.0,(8.641303622061608+0j)
6000,09.10.2018,00:00,28.0,(8.641303622061608+0j)
6001,09.10.2018,01:00,24.0,(8.208497462938503+0j)
6002,09.10.2018,02:00,30.0,(8.84233584359671+0j)
6003,09.10.2018,03:00,26.0,(8.430455436469295+0j)
6004,09.10.2018,04:00,40.0,(9.732249888616542+0j)
6005,09.10.2018,05:00,44.0,(10.0464080386713+0j)
6006,09.10.2018,06:00,44.0,(10.0464080386713+0j)
6007,09.10.2018,07:00,44.0,(10.0464080386713+0j)
6008,09.10.2018,08:00,45.0,(10.121947777604984+0j)
6009,09.10.2018,09:00,47.0,(10.269734286241032+0j)
6010,09.10.2018,10:00,49.0,(10.41338553855059+0j)
6011,09.10.2018,11:00,48.0,(10.34205874156488+0j)
6012,09.10.2018,12:00,51.0,(10.5531792067093+0j)
6013,09.10.2018,13:00,62.0,(11.263079534051261+0j)
6014,09.10.2018,14:00,65.0,(11.441888376335278+0j)
6015,09.10.2018,15:00,67.0,(11.55805762209552+0j)
6016,09.10.2018,16:00,67.0,(11.55805762209552+0j)
6017,09.10.2018,17:00,67.0,(11.55805762209552+0j)
6018,09.10.2018,18:00,67.0,(11.55805762209552+0j)
6019,09.10.2018,19:00,63.0,(11.323311051132062+0j)
6020,09.10.2018,20:00,61.0,(11.202196833891742+0j)
6021,09.10.2018,21:00,50.0,(10.483748386047209+0j)
6022,09.10.2018,22:00,53.0,(10.689364281461948+0j)
6023,09.10.2018,23:00,54.0,(10.756174542690822+0j)
6024,10.10.2018,00:00,50.0,(10.483748386047209+0j)
6025,10.10.2018,01:00,51.0,(10.5531792067093+0j)
6026,10.10.2018,02:00,51.0,(10.5531792067093+0j)
6027,10.10.2018,03:00,52.0,(10.621708264608335+0j)
6028,10.10.2018,04:00,53.0,(10.689364281461948+0j)
6029,10.10.2018,05:00,57.0,(10.9517840818175+0j)
6030,10.10.2018,06:00,56.0,(10.887360331968232+0j)
6031,10.10.2018,07:00,55.0,(10.822164994364314+0j)
6032,10.10.2018,08:00,59.0,(11.078405520382008+0j)
6033,10.10.2018,09:00,66.0,(11.500266368369322+0j)
6034,10.10.2018,10:00,60.0,(11.140645059587433+0j)
6035,10.10.2018,11:00,65.0,(11.441888376335278+0j)
6036,10.10.2018,12:00,59.0,(11.078405520382008+0j)
6037,10.10.2018,13:00,63.0,(11.323311051132062+0j)
6038,10.10.2018,14:00,69.0,(11.671937444523078+0j)
6039,10.10.2018,15:00,67.0,(11.55805762209552+0j)
6040,10.10.2018,16:00,66.0,(11.500266368369322+0j)
6041,10.10.2018,17:00,67.0,(11.55805762209552+0j)
6042,10.10.2018,18:00,67.0,(11.55805762209552+0j)
6043,10.10.2018,19:00,67.0,(11.55805762209552+0j)
6044,10.10.2018,20:00,66.0,(11.500266368369322+0j)
6045,10.10.2018,21:00,67.0,(11.55805762209552+0j)
6046,10.10.2018,22:00,65.0,(11.441888376335278+0j)
6047,10.10.2018,23:00,63.0,(11.323311051132062+0j)
6048,11.10.2018,00:00,66.0,(11.500266368369322+0j)
6049,11.10.2018,01:00,61.0,(11.202196833891742+0j)
6050,11.10.2018,02:00,63.0,(11.323311051132062+0j)
6051,11.10.2018,03:00,52.0,(10.621708264608335+0j)
6052,11.10.2018,04:00,59.0,(11.078405520382008+0j)
6053,11.10.2018,05:00,55.0,(10.822164994364314+0j)
6054,11.10.2018,06:00,52.0,(10.621708264608335+0j)
6055,11.10.2018,07:00,52.0,(10.621708264608335+0j)
6056,11.10.2018,08:00,50.0,(10.483748386047209+0j)
6057,11.10.2018,09:00,53.0,(10.689364281461948+0j)
6058,11.10.2018,10:00,48.0,(10.34205874156488+0j)
6059,11.10.2018,11:00,52.0,(10.621708264608335+0j)
6060,11.10.2018,12:00,54.0,(10.756174542690822+0j)
6061,11.10.2018,13:00,48.0,(10.34205874156488+0j)
6062,11.10.2018,14:00,59.0,(11.078405520382008+0j)
6063,11.10.2018,15:00,65.0,(11.441888376335278+0j)
6064,11.10.2018,16:00,64.0,(11.382908522813985+0j)
6065,11.10.2018,17:00,67.0,(11.55805762209552+0j)
6066,11.10.2018,18:00,60.0,(11.140645059587433+0j)
6067,11.10.2018,19:00,56.0,(10.887360331968232+0j)
6068,11.10.2018,20:00,58.0,(11.015458675840927+0j)
6069,11.10.2018,21:00,48.0,(10.34205874156488+0j)
6070,11.10.2018,22:00,48.0,(10.34205874156488+0j)
6071,11.10.2018,23:00,44.0,(10.0464080386713+0j)
6072,12.10.2018,00:00,41.0,(9.812685353516676+0j)
6073,12.10.2018,01:00,36.0,(9.396383955788593+0j)
6074,12.10.2018,02:00,34.0,(9.219051195842558+0j)
6075,12.10.2018,03:00,34.0,(9.219051195842558+0j)
6076,12.10.2018,04:00,30.0,(8.84233584359671+0j)
6077,12.10.2018,05:00,21.0,(7.851145380281553+0j)
6078,12.10.2018,06:00,18.0,(7.457914888057963+0j)
6079,12.10.2018,07:00,24.0,(8.208497462938503+0j)
6080,12.10.2018,08:00,22.0,(7.9738393445443+0j)
6081,12.10.2018,09:00,35.0,(9.308562145233848+0j)
6082,12.10.2018,10:00,34.0,(9.219051195842558+0j)
6083,12.10.2018,11:00,38.0,(9.567264627885733+0j)
6084,12.10.2018,12:00,34.0,(9.219051195842558+0j)
6085,12.10.2018,13:00,41.0,(9.812685353516676+0j)
6086,12.10.2018,14:00,43.0,(9.969714910096506+0j)
6087,12.10.2018,15:00,56.0,(10.887360331968232+0j)
6088,12.10.2018,16:00,62.0,(11.263079534051261+0j)
6089,12.10.2018,17:00,62.0,(11.263079534051261+0j)
6090,12.10.2018,18:00,60.0,(11.140645059587433+0j)
6091,12.10.2018,19:00,62.0,(11.263079534051261+0j)
6092,12.10.2018,20:00,67.0,(11.55805762209552+0j)
6093,12.10.2018,21:00,60.0,(11.140645059587433+0j)
6094,12.10.2018,22:00,60.0,(11.140645059587433+0j)
6095,12.10.2018,23:00,61.0,(11.202196833891742+0j)
6096,13.10.2018,00:00,57.0,(10.9517840818175+0j)
6097,13.10.2018,01:00,57.0,(10.9517840818175+0j)
6098,13.10.2018,02:00,52.0,(10.621708264608335+0j)
6099,13.10.2018,03:00,54.0,(10.756174542690822+0j)
6100,13.10.2018,04:00,57.0,(10.9517840818175+0j)
6101,13.10.2018,05:00,61.0,(11.202196833891742+0j)
6102,13.10.2018,06:00,57.0,(10.9517840818175+0j)
6103,13.10.2018,07:00,56.0,(10.887360331968232+0j)
6104,13.10.2018,08:00,46.0,(10.19637653715948+0j)
6105,13.10.2018,09:00,43.0,(9.969714910096506+0j)
6106,13.10.2018,10:00,36.0,(9.396383955788593+0j)
6107,13.10.2018,11:00,39.0,(9.650462409337567+0j)
6108,13.10.2018,12:00,45.0,(10.121947777604984+0j)
6109,13.10.2018,13:00,46.0,(10.19637653715948+0j)
6110,13.10.2018,14:00,37.0,(9.482594128751929+0j)
6111,13.10.2018,15:00,35.0,(9.308562145233848+0j)
6112,13.10.2018,16:00,33.0,(9.127767465531983+0j)
6113,13.10.2018,17:00,43.0,(9.969714910096506+0j)
6114,13.10.2018,18:00,39.0,(9.650462409337567+0j)
6115,13.10.2018,19:00,32.0,(9.034620481786352+0j)
6116,13.10.2018,20:00,45.0,(10.121947777604984+0j)
6117,13.10.2018,21:00,50.0,(10.483748386047209+0j)
6118,13.10.2018,22:00,52.0,(10.621708264608335+0j)
6119,13.10.2018,23:00,57.0,(10.9517840818175+0j)
6120,14.10.2018,00:00,31.0,(8.939512150377235+0j)
6121,14.10.2018,01:00,43.0,(9.969714910096506+0j)
6122,14.10.2018,02:00,48.0,(10.34205874156488+0j)
6123,14.10.2018,03:00,36.0,(9.396383955788593+0j)
6124,14.10.2018,04:00,33.0,(9.127767465531983+0j)
6125,14.10.2018,05:00,27.0,(8.537181392110488+0j)
6126,14.10.2018,06:00,18.0,(7.457914888057963+0j)
6127,14.10.2018,07:00,17.0,(7.317165783214581+0j)
6128,14.10.2018,08:00,17.0,(7.317165783214581+0j)
6129,14.10.2018,09:00,23.0,(8.092869420675413+0j)
6130,14.10.2018,10:00,22.0,(7.9738393445443+0j)
6131,14.10.2018,11:00,10.0,(6.130933248752508+0j)
6132,14.10.2018,12:00,11.0,(6.32884048187752+0j)
6133,14.10.2018,13:00,12.0,(6.515088753873438+0j)
6134,14.10.2018,14:00,17.0,(7.317165783214581+0j)
6135,14.10.2018,15:00,12.0,(6.515088753873438+0j)
6136,14.10.2018,16:00,23.0,(8.092869420675413+0j)
6137,14.10.2018,17:00,44.0,(10.0464080386713+0j)
6138,14.10.2018,18:00,45.0,(10.121947777604984+0j)
6139,14.10.2018,19:00,46.0,(10.19637653715948+0j)
6140,14.10.2018,20:00,46.0,(10.19637653715948+0j)
6141,14.10.2018,21:00,33.0,(9.127767465531983+0j)
6142,14.10.2018,22:00,38.0,(9.567264627885733+0j)
6143,14.10.2018,23:00,34.0,(9.219051195842558+0j)
6144,15.10.2018,00:00,48.0,(10.34205874156488+0j)
6145,15.10.2018,01:00,40.0,(9.732249888616542+0j)
6146,15.10.2018,02:00,34.0,(9.219051195842558+0j)
6147,15.10.2018,03:00,38.0,(9.567264627885733+0j)
6148,15.10.2018,04:00,28.0,(8.641303622061608+0j)
6149,15.10.2018,05:00,33.0,(9.127767465531983+0j)
6150,15.10.2018,06:00,20.0,(7.724491855603646+0j)
6151,15.10.2018,07:00,25.0,(8.320956608290626+0j)
6152,15.10.2018,08:00,25.0,(8.320956608290626+0j)
6153,15.10.2018,09:00,23.0,(8.092869420675413+0j)
6154,15.10.2018,10:00,30.0,(8.84233584359671+0j)
6155,15.10.2018,11:00,26.0,(8.430455436469295+0j)
6156,15.10.2018,12:00,26.0,(8.430455436469295+0j)
6157,15.10.2018,13:00,21.0,(7.851145380281553+0j)
6158,15.10.2018,14:00,21.0,(7.851145380281553+0j)
6159,15.10.2018,15:00,30.0,(8.84233584359671+0j)
6160,15.10.2018,16:00,24.0,(8.208497462938503+0j)
6161,15.10.2018,17:00,24.0,(8.208497462938503+0j)
6162,15.10.2018,18:00,25.0,(8.320956608290626+0j)
6163,15.10.2018,19:00,29.0,(8.74297534497106+0j)
6164,15.10.2018,20:00,26.0,(8.430455436469295+0j)
6165,15.10.2018,21:00,21.0,(7.851145380281553+0j)
6166,15.10.2018,22:00,16.0,(7.170783028460548+0j)
6167,15.10.2018,23:00,20.0,(7.724491855603646+0j)
6168,16.10.2018,00:00,16.0,(7.170783028460548+0j)
6169,16.10.2018,01:00,16.0,(7.170783028460548+0j)
6170,16.10.2018,02:00,18.0,(7.457914888057963+0j)
6171,16.10.2018,03:00,16.0,(7.170783028460548+0j)
6172,16.10.2018,04:00,19.0,(7.593542967381978+0j)
6173,16.10.2018,05:00,20.0,(7.724491855603646+0j)
6174,16.10.2018,06:00,21.0,(7.851145380281553+0j)
6175,16.10.2018,07:00,22.0,(7.9738393445443+0j)
6176,16.10.2018,08:00,20.0,(7.724491855603646+0j)
6177,16.10.2018,09:00,29.0,(8.74297534497106+0j)
6178,16.10.2018,10:00,24.0,(8.208497462938503+0j)
6179,16.10.2018,11:00,25.0,(8.320956608290626+0j)
6180,16.10.2018,12:00,15.0,(7.018166609990766+0j)
6181,16.10.2018,13:00,9.0,(5.919350969396254+0j)
6182,16.10.2018,14:00,14.0,(6.858607230018604+0j)
6183,16.10.2018,15:00,24.0,(8.208497462938503+0j)
6184,16.10.2018,16:00,35.0,(9.308562145233848+0j)
6185,16.10.2018,17:00,41.0,(9.812685353516676+0j)
6186,16.10.2018,18:00,52.0,(10.621708264608335+0j)
6187,16.10.2018,19:00,50.0,(10.483748386047209+0j)
6188,16.10.2018,20:00,53.0,(10.689364281461948+0j)
6189,16.10.2018,21:00,51.0,(10.5531792067093+0j)
6190,16.10.2018,22:00,50.0,(10.483748386047209+0j)
6191,16.10.2018,23:00,53.0,(10.689364281461948+0j)
6192,17.10.2018,00:00,50.0,(10.483748386047209+0j)
6193,17.10.2018,01:00,40.0,(9.732249888616542+0j)
6194,17.10.2018,02:00,27.0,(8.537181392110488+0j)
6195,17.10.2018,03:00,39.0,(9.650462409337567+0j)
6196,17.10.2018,04:00,37.0,(9.482594128751929+0j)
6197,17.10.2018,05:00,32.0,(9.034620481786352+0j)
6198,17.10.2018,06:00,20.0,(7.724491855603646+0j)
6199,17.10.2018,07:00,15.0,(7.018166609990766+0j)
6200,17.10.2018,08:00,15.0,(7.018166609990766+0j)
6201,17.10.2018,09:00,15.0,(7.018166609990766+0j)
6202,17.10.2018,10:00,19.0,(7.593542967381978+0j)
6203,17.10.2018,11:00,22.0,(7.9738393445443+0j)
6204,17.10.2018,12:00,20.0,(7.724491855603646+0j)
6205,17.10.2018,13:00,21.0,(7.851145380281553+0j)
6206,17.10.2018,14:00,13.0,(6.691256914211192+0j)
6207,17.10.2018,15:00,19.0,(7.593542967381978+0j)
6208,17.10.2018,16:00,25.0,(8.320956608290626+0j)
6209,17.10.2018,17:00,34.0,(9.219051195842558+0j)
6210,17.10.2018,18:00,39.0,(9.650462409337567+0j)
6211,17.10.2018,19:00,37.0,(9.482594128751929+0j)
6212,17.10.2018,20:00,41.0,(9.812685353516676+0j)
6213,17.10.2018,21:00,30.0,(8.84233584359671+0j)
6214,17.10.2018,22:00,15.0,(7.018166609990766+0j)
6215,17.10.2018,23:00,9.0,(5.919350969396254+0j)
6216,18.10.2018,00:00,10.0,(6.130933248752508+0j)
6217,18.10.2018,01:00,6.0,(5.171029370782441+0j)
6218,18.10.2018,02:00,5.0,(4.866124944308272+0j)
6219,18.10.2018,03:00,4.0,(4.517310240893176+0j)
6220,18.10.2018,04:00,3.0,(4.1042487314692515+0j)
6221,18.10.2018,05:00,4.0,(4.517310240893176+0j)
6222,18.10.2018,06:00,5.0,(4.866124944308272+0j)
6223,18.10.2018,07:00,0.0,0j
6224,18.10.2018,08:00,0.0,0j
6225,18.10.2018,09:00,0.0,0j
6226,18.10.2018,10:00,0.0,0j
6227,18.10.2018,11:00,0.0,0j
6228,18.10.2018,12:00,0.0,0j
6229,18.10.2018,13:00,0.0,0j
6230,18.10.2018,14:00,0.0,0j
6231,18.10.2018,15:00,0.0,0j
6232,18.10.2018,16:00,0.0,0j
6233,18.10.2018,17:00,0.0,0j
6234,18.10.2018,18:00,0.0,0j
6235,18.10.2018,19:00,3.0,(4.1042487314692515+0j)
6236,18.10.2018,20:00,6.0,(5.171029370782441+0j)
6237,18.10.2018,21:00,0.0,0j
6238,18.10.2018,22:00,0.0,0j
6239,18.10.2018,23:00,0.0,0j
6240,19.10.2018,00:00,0.0,0j
6241,19.10.2018,01:00,0.0,0j
6242,19.10.2018,02:00,0.0,0j
6243,19.10.2018,03:00,0.0,0j
6244,19.10.2018,04:00,0.0,0j
6245,19.10.2018,05:00,0.0,0j
6246,19.10.2018,06:00,0.0,0j
6247,19.10.2018,07:00,0.0,0j
6248,19.10.2018,08:00,0.0,0j
6249,19.10.2018,09:00,0.0,0j
6250,19.10.2018,10:00,0.0,0j
6251,19.10.2018,11:00,0.0,0j
6252,19.10.2018,12:00,0.0,0j
6253,19.10.2018,13:00,0.0,0j
6254,19.10.2018,14:00,0.0,0j
6255,19.10.2018,15:00,0.0,0j
6256,19.10.2018,16:00,0.0,0j
6257,19.10.2018,17:00,0.0,0j
6258,19.10.2018,18:00,0.0,0j
6259,19.10.2018,19:00,0.0,0j
6260,19.10.2018,20:00,3.0,(4.1042487314692515+0j)
6261,19.10.2018,21:00,6.0,(5.171029370782441+0j)
6262,19.10.2018,22:00,5.0,(4.866124944308272+0j)
6263,19.10.2018,23:00,8.0,(5.691454261406992+0j)
6264,20.10.2018,00:00,6.0,(5.171029370782441+0j)
6265,20.10.2018,01:00,6.0,(5.171029370782441+0j)
6266,20.10.2018,02:00,4.0,(4.517310240893176+0j)
6267,20.10.2018,03:00,0.0,0j
6268,20.10.2018,04:00,10.0,(6.130933248752508+0j)
6269,20.10.2018,05:00,18.0,(7.457914888057963+0j)
6270,20.10.2018,06:00,23.0,(8.092869420675413+0j)
6271,20.10.2018,07:00,26.0,(8.430455436469295+0j)
6272,20.10.2018,08:00,22.0,(7.9738393445443+0j)
6273,20.10.2018,09:00,16.0,(7.170783028460548+0j)
6274,20.10.2018,10:00,11.0,(6.32884048187752+0j)
6275,20.10.2018,11:00,16.0,(7.170783028460548+0j)
6276,20.10.2018,12:00,12.0,(6.515088753873438+0j)
6277,20.10.2018,13:00,12.0,(6.515088753873438+0j)
6278,20.10.2018,14:00,8.0,(5.691454261406992+0j)
6279,20.10.2018,15:00,3.0,(4.1042487314692515+0j)
6280,20.10.2018,16:00,17.0,(7.317165783214581+0j)
6281,20.10.2018,17:00,20.0,(7.724491855603646+0j)
6282,20.10.2018,18:00,16.0,(7.170783028460548+0j)
6283,20.10.2018,19:00,23.0,(8.092869420675413+0j)
6284,20.10.2018,20:00,28.0,(8.641303622061608+0j)
6285,20.10.2018,21:00,28.0,(8.641303622061608+0j)
6286,20.10.2018,22:00,21.0,(7.851145380281553+0j)
6287,20.10.2018,23:00,28.0,(8.641303622061608+0j)
6288,21.10.2018,00:00,14.0,(6.858607230018604+0j)
6289,21.10.2018,01:00,18.0,(7.457914888057963+0j)
6290,21.10.2018,02:00,28.0,(8.641303622061608+0j)
6291,21.10.2018,03:00,31.0,(8.939512150377235+0j)
6292,21.10.2018,04:00,40.0,(9.732249888616542+0j)
6293,21.10.2018,05:00,30.0,(8.84233584359671+0j)
6294,21.10.2018,06:00,36.0,(9.396383955788593+0j)
6295,21.10.2018,07:00,29.0,(8.74297534497106+0j)
6296,21.10.2018,08:00,29.0,(8.74297534497106+0j)
6297,21.10.2018,09:00,36.0,(9.396383955788593+0j)
6298,21.10.2018,10:00,35.0,(9.308562145233848+0j)
6299,21.10.2018,11:00,35.0,(9.308562145233848+0j)
6300,21.10.2018,12:00,36.0,(9.396383955788593+0j)
6301,21.10.2018,13:00,36.0,(9.396383955788593+0j)
6302,21.10.2018,14:00,35.0,(9.308562145233848+0j)
6303,21.10.2018,15:00,30.0,(8.84233584359671+0j)
6304,21.10.2018,16:00,31.0,(8.939512150377235+0j)
6305,21.10.2018,17:00,34.0,(9.219051195842558+0j)
6306,21.10.2018,18:00,39.0,(9.650462409337567+0j)
6307,21.10.2018,19:00,32.0,(9.034620481786352+0j)
6308,21.10.2018,20:00,32.0,(9.034620481786352+0j)
6309,21.10.2018,21:00,36.0,(9.396383955788593+0j)
6310,21.10.2018,22:00,23.0,(8.092869420675413+0j)
6311,21.10.2018,23:00,29.0,(8.74297534497106+0j)
6312,22.10.2018,00:00,24.0,(8.208497462938503+0j)
6313,22.10.2018,01:00,25.0,(8.320956608290626+0j)
6314,22.10.2018,02:00,27.0,(8.537181392110488+0j)
6315,22.10.2018,03:00,31.0,(8.939512150377235+0j)
6316,22.10.2018,04:00,38.0,(9.567264627885733+0j)
6317,22.10.2018,05:00,30.0,(8.84233584359671+0j)
6318,22.10.2018,06:00,31.0,(8.939512150377235+0j)
6319,22.10.2018,07:00,25.0,(8.320956608290626+0j)
6320,22.10.2018,08:00,36.0,(9.396383955788593+0j)
6321,22.10.2018,09:00,34.0,(9.219051195842558+0j)
6322,22.10.2018,10:00,34.0,(9.219051195842558+0j)
6323,22.10.2018,11:00,22.0,(7.9738393445443+0j)
6324,22.10.2018,12:00,15.0,(7.018166609990766+0j)
6325,22.10.2018,13:00,16.0,(7.170783028460548+0j)
6326,22.10.2018,14:00,6.0,(5.171029370782441+0j)
6327,22.10.2018,15:00,20.0,(7.724491855603646+0j)
6328,22.10.2018,16:00,32.0,(9.034620481786352+0j)
6329,22.10.2018,17:00,42.0,(9.891823330401618+0j)
6330,22.10.2018,18:00,35.0,(9.308562145233848+0j)
6331,22.10.2018,19:00,30.0,(8.84233584359671+0j)
6332,22.10.2018,20:00,21.0,(7.851145380281553+0j)
6333,22.10.2018,21:00,25.0,(8.320956608290626+0j)
6334,22.10.2018,22:00,20.0,(7.724491855603646+0j)
6335,22.10.2018,23:00,17.0,(7.317165783214581+0j)
6336,23.10.2018,00:00,14.0,(6.858607230018604+0j)
6337,23.10.2018,01:00,8.0,(5.691454261406992+0j)
6338,23.10.2018,02:00,7.0,(5.443680165984116+0j)
6339,23.10.2018,03:00,7.0,(5.443680165984116+0j)
6340,23.10.2018,04:00,8.0,(5.691454261406992+0j)
6341,23.10.2018,05:00,8.0,(5.691454261406992+0j)
6342,23.10.2018,06:00,10.0,(6.130933248752508+0j)
6343,23.10.2018,07:00,9.0,(5.919350969396254+0j)
6344,23.10.2018,08:00,8.0,(5.691454261406992+0j)
6345,23.10.2018,09:00,5.0,(4.866124944308272+0j)
6346,23.10.2018,10:00,0.0,0j
6347,23.10.2018,11:00,1.0,(2.845727130703496+0j)
6348,23.10.2018,12:00,0.0,0j
6349,23.10.2018,13:00,0.0,0j
6350,23.10.2018,14:00,1.0,(2.845727130703496+0j)
6351,23.10.2018,15:00,0.0,0j
6352,23.10.2018,16:00,4.0,(4.517310240893176+0j)
6353,23.10.2018,17:00,4.0,(4.517310240893176+0j)
6354,23.10.2018,18:00,4.0,(4.517310240893176+0j)
6355,23.10.2018,19:00,5.0,(4.866124944308272+0j)
6356,23.10.2018,20:00,2.0,(3.585391514230274+0j)
6357,23.10.2018,21:00,2.0,(3.585391514230274+0j)
6358,23.10.2018,22:00,1.0,(2.845727130703496+0j)
6359,23.10.2018,23:00,0.0,0j
6360,24.10.2018,00:00,0.0,0j
6361,24.10.2018,01:00,0.0,0j
6362,24.10.2018,02:00,0.0,0j
6363,24.10.2018,03:00,0.0,0j
6364,24.10.2018,04:00,0.0,0j
6365,24.10.2018,05:00,0.0,0j
6366,24.10.2018,06:00,3.0,(4.1042487314692515+0j)
6367,24.10.2018,07:00,0.0,0j
6368,24.10.2018,08:00,0.0,0j
6369,24.10.2018,09:00,0.0,0j
6370,24.10.2018,10:00,0.0,0j
6371,24.10.2018,11:00,0.0,0j
6372,24.10.2018,12:00,1.0,(2.845727130703496+0j)
6373,24.10.2018,13:00,5.0,(4.866124944308272+0j)
6374,24.10.2018,14:00,7.0,(5.443680165984116+0j)
6375,24.10.2018,15:00,7.0,(5.443680165984116+0j)
6376,24.10.2018,16:00,11.0,(6.32884048187752+0j)
6377,24.10.2018,17:00,12.0,(6.515088753873438+0j)
6378,24.10.2018,18:00,12.0,(6.515088753873438+0j)
6379,24.10.2018,19:00,20.0,(7.724491855603646+0j)
6380,24.10.2018,20:00,14.0,(6.858607230018604+0j)
6381,24.10.2018,21:00,22.0,(7.9738393445443+0j)
6382,24.10.2018,22:00,7.0,(5.443680165984116+0j)
6383,24.10.2018,23:00,29.0,(8.74297534497106+0j)
6384,25.10.2018,00:00,21.0,(7.851145380281553+0j)
6385,25.10.2018,01:00,11.0,(6.32884048187752+0j)
6386,25.10.2018,02:00,6.0,(5.171029370782441+0j)
6387,25.10.2018,03:00,4.0,(4.517310240893176+0j)
6388,25.10.2018,04:00,62.0,(11.263079534051261+0j)
6389,25.10.2018,05:00,69.0,(11.671937444523078+0j)
6390,25.10.2018,06:00,68.0,(11.615276661700541+0j)
6391,25.10.2018,07:00,65.0,(11.441888376335278+0j)
6392,25.10.2018,08:00,64.0,(11.382908522813985+0j)
6393,25.10.2018,09:00,54.0,(10.756174542690822+0j)
6394,25.10.2018,10:00,56.0,(10.887360331968232+0j)
6395,25.10.2018,11:00,60.0,(11.140645059587433+0j)
6396,25.10.2018,12:00,59.0,(11.078405520382008+0j)
6397,25.10.2018,13:00,47.0,(10.269734286241032+0j)
6398,25.10.2018,14:00,38.0,(9.567264627885733+0j)
6399,25.10.2018,15:00,42.0,(9.891823330401618+0j)
6400,25.10.2018,16:00,45.0,(10.121947777604984+0j)
6401,25.10.2018,17:00,31.0,(8.939512150377235+0j)
6402,25.10.2018,18:00,35.0,(9.308562145233848+0j)
6403,25.10.2018,19:00,20.0,(7.724491855603646+0j)
6404,25.10.2018,20:00,14.0,(6.858607230018604+0j)
6405,25.10.2018,21:00,10.0,(6.130933248752508+0j)
6406,25.10.2018,22:00,7.0,(5.443680165984116+0j)
6407,25.10.2018,23:00,2.0,(3.585391514230274+0j)
6408,26.10.2018,00:00,3.0,(4.1042487314692515+0j)
6409,26.10.2018,01:00,5.0,(4.866124944308272+0j)
6410,26.10.2018,02:00,0.0,0j
6411,26.10.2018,03:00,0.0,0j
6412,26.10.2018,04:00,0.0,0j
6413,26.10.2018,05:00,0.0,0j
6414,26.10.2018,06:00,0.0,0j
6415,26.10.2018,07:00,0.0,0j
6416,26.10.2018,08:00,0.0,0j
6417,26.10.2018,09:00,0.0,0j
6418,26.10.2018,10:00,0.0,0j
6419,26.10.2018,11:00,0.0,0j
6420,26.10.2018,12:00,0.0,0j
6421,26.10.2018,13:00,0.0,0j
6422,26.10.2018,14:00,0.0,0j
6423,26.10.2018,15:00,0.0,0j
6424,26.10.2018,16:00,0.0,0j
6425,26.10.2018,17:00,0.0,0j
6426,26.10.2018,18:00,1.0,(2.845727130703496+0j)
6427,26.10.2018,19:00,0.0,0j
6428,26.10.2018,20:00,0.0,0j
6429,26.10.2018,21:00,0.0,0j
6430,26.10.2018,22:00,0.0,0j
6431,26.10.2018,23:00,0.0,0j
6432,27.10.2018,00:00,2.0,(3.585391514230274+0j)
6433,27.10.2018,01:00,5.0,(4.866124944308272+0j)
6434,27.10.2018,02:00,5.0,(4.866124944308272+0j)
6435,27.10.2018,03:00,6.0,(5.171029370782441+0j)
6436,27.10.2018,04:00,6.0,(5.171029370782441+0j)
6437,27.10.2018,05:00,7.0,(5.443680165984116+0j)
6438,27.10.2018,06:00,3.0,(4.1042487314692515+0j)
6439,27.10.2018,07:00,2.0,(3.585391514230274+0j)
6440,27.10.2018,08:00,2.0,(3.585391514230274+0j)
6441,27.10.2018,09:00,0.0,0j
6442,27.10.2018,10:00,0.0,0j
6443,27.10.2018,11:00,4.0,(4.517310240893176+0j)
6444,27.10.2018,12:00,0.0,0j
6445,27.10.2018,13:00,1.0,(2.845727130703496+0j)
6446,27.10.2018,14:00,2.0,(3.585391514230274+0j)
6447,27.10.2018,15:00,3.0,(4.1042487314692515+0j)
6448,27.10.2018,16:00,4.0,(4.517310240893176+0j)
6449,27.10.2018,17:00,4.0,(4.517310240893176+0j)
6450,27.10.2018,18:00,6.0,(5.171029370782441+0j)
6451,27.10.2018,19:00,6.0,(5.171029370782441+0j)
6452,27.10.2018,20:00,5.0,(4.866124944308272+0j)
6453,27.10.2018,21:00,10.0,(6.130933248752508+0j)
6454,27.10.2018,22:00,19.0,(7.593542967381978+0j)
6455,27.10.2018,23:00,9.0,(5.919350969396254+0j)
6456,28.10.2018,00:00,6.0,(5.171029370782441+0j)
6457,28.10.2018,01:00,9.0,(5.919350969396254+0j)
6458,28.10.2018,02:00,9.0,(5.919350969396254+0j)
6459,28.10.2018,03:00,18.0,(7.457914888057963+0j)
6460,28.10.2018,04:00,12.0,(6.515088753873438+0j)
6461,28.10.2018,05:00,16.0,(7.170783028460548+0j)
6462,28.10.2018,06:00,24.0,(8.208497462938503+0j)
6463,28.10.2018,07:00,18.0,(7.457914888057963+0j)
6464,28.10.2018,08:00,19.0,(7.593542967381978+0j)
6465,28.10.2018,09:00,15.0,(7.018166609990766+0j)
6466,28.10.2018,10:00,9.0,(5.919350969396254+0j)
6467,28.10.2018,11:00,13.0,(6.691256914211192+0j)
6468,28.10.2018,12:00,10.0,(6.130933248752508+0j)
6469,28.10.2018,13:00,7.0,(5.443680165984116+0j)
6470,28.10.2018,14:00,3.0,(4.1042487314692515+0j)
6471,28.10.2018,15:00,1.0,(2.845727130703496+0j)
6472,28.10.2018,16:00,3.0,(4.1042487314692515+0j)
6473,28.10.2018,17:00,2.0,(3.585391514230274+0j)
6474,28.10.2018,18:00,3.0,(4.1042487314692515+0j)
6475,28.10.2018,19:00,4.0,(4.517310240893176+0j)
6476,28.10.2018,20:00,2.0,(3.585391514230274+0j)
6477,28.10.2018,21:00,0.0,0j
6478,28.10.2018,22:00,2.0,(3.585391514230274+0j)
6479,28.10.2018,23:00,5.0,(4.866124944308272+0j)
6480,29.10.2018,00:00,4.0,(4.517310240893176+0j)
6481,29.10.2018,01:00,3.0,(4.1042487314692515+0j)
6482,29.10.2018,02:00,0.0,0j
6483,29.10.2018,03:00,0.0,0j
6484,29.10.2018,04:00,0.0,0j
6485,29.10.2018,05:00,0.0,0j
6486,29.10.2018,06:00,0.0,0j
6487,29.10.2018,07:00,1.0,(2.845727130703496+0j)
6488,29.10.2018,08:00,0.0,0j
6489,29.10.2018,09:00,0.0,0j
6490,29.10.2018,10:00,0.0,0j
6491,29.10.2018,11:00,0.0,0j
6492,29.10.2018,12:00,0.0,0j
6493,29.10.2018,13:00,1.0,(2.845727130703496+0j)
6494,29.10.2018,14:00,4.0,(4.517310240893176+0j)
6495,29.10.2018,15:00,1.0,(2.845727130703496+0j)
6496,29.10.2018,16:00,0.0,0j
6497,29.10.2018,17:00,1.0,(2.845727130703496+0j)
6498,29.10.2018,18:00,0.0,0j
6499,29.10.2018,19:00,0.0,0j
6500,29.10.2018,20:00,0.0,0j
6501,29.10.2018,21:00,0.0,0j
6502,29.10.2018,22:00,0.0,0j
6503,29.10.2018,23:00,0.0,0j
6504,30.10.2018,00:00,3.0,(4.1042487314692515+0j)
6505,30.10.2018,01:00,2.0,(3.585391514230274+0j)
6506,30.10.2018,02:00,0.0,0j
6507,30.10.2018,03:00,2.0,(3.585391514230274+0j)
6508,30.10.2018,04:00,3.0,(4.1042487314692515+0j)
6509,30.10.2018,05:00,2.0,(3.585391514230274+0j)
6510,30.10.2018,06:00,2.0,(3.585391514230274+0j)
6511,30.10.2018,07:00,1.0,(2.845727130703496+0j)
6512,30.10.2018,08:00,1.0,(2.845727130703496+0j)
6513,30.10.2018,09:00,1.0,(2.845727130703496+0j)
6514,30.10.2018,10:00,0.0,0j
6515,30.10.2018,11:00,0.0,0j
6516,30.10.2018,12:00,0.0,0j
6517,30.10.2018,13:00,0.0,0j
6518,30.10.2018,14:00,0.0,0j
6519,30.10.2018,15:00,0.0,0j
6520,30.10.2018,16:00,0.0,0j
6521,30.10.2018,17:00,0.0,0j
6522,30.10.2018,18:00,2.0,(3.585391514230274+0j)
6523,30.10.2018,19:00,1.0,(2.845727130703496+0j)
6524,30.10.2018,20:00,1.0,(2.845727130703496+0j)
6525,30.10.2018,21:00,3.0,(4.1042487314692515+0j)
6526,30.10.2018,22:00,0.0,0j
6527,30.10.2018,23:00,0.0,0j
6528,31.10.2018,00:00,0.0,0j
6529,31.10.2018,01:00,0.0,0j
6530,31.10.2018,02:00,0.0,0j
6531,31.10.2018,03:00,0.0,0j
6532,31.10.2018,04:00,0.0,0j
6533,31.10.2018,05:00,0.0,0j
6534,31.10.2018,06:00,0.0,0j
6535,31.10.2018,07:00,0.0,0j
6536,31.10.2018,08:00,0.0,0j
6537,31.10.2018,09:00,0.0,0j
6538,31.10.2018,10:00,0.0,0j
6539,31.10.2018,11:00,0.0,0j
6540,31.10.2018,12:00,0.0,0j
6541,31.10.2018,13:00,0.0,0j
6542,31.10.2018,14:00,0.0,0j
6543,31.10.2018,15:00,0.0,0j
6544,31.10.2018,16:00,0.0,0j
6545,31.10.2018,17:00,0.0,0j
6546,31.10.2018,18:00,4.0,(4.517310240893176+0j)
6547,31.10.2018,19:00,5.0,(4.866124944308272+0j)
6548,31.10.2018,20:00,2.0,(3.585391514230274+0j)
6549,31.10.2018,21:00,4.0,(4.517310240893176+0j)
6550,31.10.2018,22:00,5.0,(4.866124944308272+0j)
6551,31.10.2018,23:00,6.0,(5.171029370782441+0j)
6552,01.11.2018,00:00,7.0,(5.443680165984116+0j)
6553,01.11.2018,01:00,9.0,(5.919350969396254+0j)
6554,01.11.2018,02:00,12.0,(6.515088753873438+0j)
6555,01.11.2018,03:00,13.0,(6.691256914211192+0j)
6556,01.11.2018,04:00,11.0,(6.32884048187752+0j)
6557,01.11.2018,05:00,7.0,(5.443680165984116+0j)
6558,01.11.2018,06:00,16.0,(7.170783028460548+0j)
6559,01.11.2018,07:00,19.0,(7.593542967381978+0j)
6560,01.11.2018,08:00,19.0,(7.593542967381978+0j)
6561,01.11.2018,09:00,11.0,(6.32884048187752+0j)
6562,01.11.2018,10:00,7.0,(5.443680165984116+0j)
6563,01.11.2018,11:00,2.0,(3.585391514230274+0j)
6564,01.11.2018,12:00,2.0,(3.585391514230274+0j)
6565,01.11.2018,13:00,3.0,(4.1042487314692515+0j)
6566,01.11.2018,14:00,6.0,(5.171029370782441+0j)
6567,01.11.2018,15:00,5.0,(4.866124944308272+0j)
6568,01.11.2018,16:00,15.0,(7.018166609990766+0j)
6569,01.11.2018,17:00,20.0,(7.724491855603646+0j)
6570,01.11.2018,18:00,31.0,(8.939512150377235+0j)
6571,01.11.2018,19:00,37.0,(9.482594128751929+0j)
6572,01.11.2018,20:00,25.0,(8.320956608290626+0j)
6573,01.11.2018,21:00,10.0,(6.130933248752508+0j)
6574,01.11.2018,22:00,16.0,(7.170783028460548+0j)
6575,01.11.2018,23:00,9.0,(5.919350969396254+0j)
6576,02.11.2018,00:00,8.0,(5.691454261406992+0j)
6577,02.11.2018,01:00,6.0,(5.171029370782441+0j)
6578,02.11.2018,02:00,6.0,(5.171029370782441+0j)
6579,02.11.2018,03:00,6.0,(5.171029370782441+0j)
6580,02.11.2018,04:00,9.0,(5.919350969396254+0j)
6581,02.11.2018,05:00,14.0,(6.858607230018604+0j)
6582,02.11.2018,06:00,19.0,(7.593542967381978+0j)
6583,02.11.2018,07:00,19.0,(7.593542967381978+0j)
6584,02.11.2018,08:00,17.0,(7.317165783214581+0j)
6585,02.11.2018,09:00,11.0,(6.32884048187752+0j)
6586,02.11.2018,10:00,11.0,(6.32884048187752+0j)
6587,02.11.2018,11:00,7.0,(5.443680165984116+0j)
6588,02.11.2018,12:00,4.0,(4.517310240893176+0j)
6589,02.11.2018,13:00,4.0,(4.517310240893176+0j)
6590,02.11.2018,14:00,8.0,(5.691454261406992+0j)
6591,02.11.2018,15:00,11.0,(6.32884048187752+0j)
6592,02.11.2018,16:00,13.0,(6.691256914211192+0j)
6593,02.11.2018,17:00,20.0,(7.724491855603646+0j)
6594,02.11.2018,18:00,27.0,(8.537181392110488+0j)
6595,02.11.2018,19:00,20.0,(7.724491855603646+0j)
6596,02.11.2018,20:00,22.0,(7.9738393445443+0j)
6597,02.11.2018,21:00,24.0,(8.208497462938503+0j)
6598,02.11.2018,22:00,26.0,(8.430455436469295+0j)
6599,02.11.2018,23:00,34.0,(9.219051195842558+0j)
6600,03.11.2018,00:00,37.0,(9.482594128751929+0j)
6601,03.11.2018,01:00,43.0,(9.969714910096506+0j)
6602,03.11.2018,02:00,38.0,(9.567264627885733+0j)
6603,03.11.2018,03:00,49.0,(10.41338553855059+0j)
6604,03.11.2018,04:00,47.0,(10.269734286241032+0j)
6605,03.11.2018,05:00,47.0,(10.269734286241032+0j)
6606,03.11.2018,06:00,51.0,(10.5531792067093+0j)
6607,03.11.2018,07:00,48.0,(10.34205874156488+0j)
6608,03.11.2018,08:00,50.0,(10.483748386047209+0j)
6609,03.11.2018,09:00,48.0,(10.34205874156488+0j)
6610,03.11.2018,10:00,59.0,(11.078405520382008+0j)
6611,03.11.2018,11:00,55.0,(10.822164994364314+0j)
6612,03.11.2018,12:00,51.0,(10.5531792067093+0j)
6613,03.11.2018,13:00,49.0,(10.41338553855059+0j)
6614,03.11.2018,14:00,49.0,(10.41338553855059+0j)
6615,03.11.2018,15:00,50.0,(10.483748386047209+0j)
6616,03.11.2018,16:00,55.0,(10.822164994364314+0j)
6617,03.11.2018,17:00,53.0,(10.689364281461948+0j)
6618,03.11.2018,18:00,63.0,(11.323311051132062+0j)
6619,03.11.2018,19:00,64.0,(11.382908522813985+0j)
6620,03.11.2018,20:00,61.0,(11.202196833891742+0j)
6621,03.11.2018,21:00,55.0,(10.822164994364314+0j)
6622,03.11.2018,22:00,41.0,(9.812685353516676+0j)
6623,03.11.2018,23:00,40.0,(9.732249888616542+0j)
6624,04.11.2018,00:00,30.0,(8.84233584359671+0j)
6625,04.11.2018,01:00,21.0,(7.851145380281553+0j)
6626,04.11.2018,02:00,23.0,(8.092869420675413+0j)
6627,04.11.2018,03:00,16.0,(7.170783028460548+0j)
6628,04.11.2018,04:00,12.0,(6.515088753873438+0j)
6629,04.11.2018,05:00,16.0,(7.170783028460548+0j)
6630,04.11.2018,06:00,14.0,(6.858607230018604+0j)
6631,04.11.2018,07:00,17.0,(7.317165783214581+0j)
6632,04.11.2018,08:00,18.0,(7.457914888057963+0j)
6633,04.11.2018,09:00,22.0,(7.9738393445443+0j)
6634,04.11.2018,10:00,9.0,(5.919350969396254+0j)
6635,04.11.2018,11:00,7.0,(5.443680165984116+0j)
6636,04.11.2018,12:00,16.0,(7.170783028460548+0j)
6637,04.11.2018,13:00,14.0,(6.858607230018604+0j)
6638,04.11.2018,14:00,10.0,(6.130933248752508+0j)
6639,04.11.2018,15:00,9.0,(5.919350969396254+0j)
6640,04.11.2018,16:00,12.0,(6.515088753873438+0j)
6641,04.11.2018,17:00,19.0,(7.593542967381978+0j)
6642,04.11.2018,18:00,20.0,(7.724491855603646+0j)
6643,04.11.2018,19:00,20.0,(7.724491855603646+0j)
6644,04.11.2018,20:00,14.0,(6.858607230018604+0j)
6645,04.11.2018,21:00,7.0,(5.443680165984116+0j)
6646,04.11.2018,22:00,4.0,(4.517310240893176+0j)
6647,04.11.2018,23:00,7.0,(5.443680165984116+0j)
6648,05.11.2018,00:00,8.0,(5.691454261406992+0j)
6649,05.11.2018,01:00,8.0,(5.691454261406992+0j)
6650,05.11.2018,02:00,13.0,(6.691256914211192+0j)
6651,05.11.2018,03:00,21.0,(7.851145380281553+0j)
6652,05.11.2018,04:00,26.0,(8.430455436469295+0j)
6653,05.11.2018,05:00,36.0,(9.396383955788593+0j)
6654,05.11.2018,06:00,42.0,(9.891823330401618+0j)
6655,05.11.2018,07:00,34.0,(9.219051195842558+0j)
6656,05.11.2018,08:00,33.0,(9.127767465531983+0j)
6657,05.11.2018,09:00,27.0,(8.537181392110488+0j)
6658,05.11.2018,10:00,29.0,(8.74297534497106+0j)
6659,05.11.2018,11:00,24.0,(8.208497462938503+0j)
6660,05.11.2018,12:00,26.0,(8.430455436469295+0j)
6661,05.11.2018,13:00,26.0,(8.430455436469295+0j)
6662,05.11.2018,14:00,24.0,(8.208497462938503+0j)
6663,05.11.2018,15:00,47.0,(10.269734286241032+0j)
6664,05.11.2018,16:00,61.0,(11.202196833891742+0j)
6665,05.11.2018,17:00,61.0,(11.202196833891742+0j)
6666,05.11.2018,18:00,64.0,(11.382908522813985+0j)
6667,05.11.2018,19:00,55.0,(10.822164994364314+0j)
6668,05.11.2018,20:00,39.0,(9.650462409337567+0j)
6669,05.11.2018,21:00,43.0,(9.969714910096506+0j)
6670,05.11.2018,22:00,41.0,(9.812685353516676+0j)
6671,05.11.2018,23:00,43.0,(9.969714910096506+0j)
6672,06.11.2018,00:00,30.0,(8.84233584359671+0j)
6673,06.11.2018,01:00,34.0,(9.219051195842558+0j)
6674,06.11.2018,02:00,36.0,(9.396383955788593+0j)
6675,06.11.2018,03:00,24.0,(8.208497462938503+0j)
6676,06.11.2018,04:00,33.0,(9.127767465531983+0j)
6677,06.11.2018,05:00,37.0,(9.482594128751929+0j)
6678,06.11.2018,06:00,42.0,(9.891823330401618+0j)
6679,06.11.2018,07:00,38.0,(9.567264627885733+0j)
6680,06.11.2018,08:00,44.0,(10.0464080386713+0j)
6681,06.11.2018,09:00,34.0,(9.219051195842558+0j)
6682,06.11.2018,10:00,40.0,(9.732249888616542+0j)
6683,06.11.2018,11:00,36.0,(9.396383955788593+0j)
6684,06.11.2018,12:00,32.0,(9.034620481786352+0j)
6685,06.11.2018,13:00,27.0,(8.537181392110488+0j)
6686,06.11.2018,14:00,34.0,(9.219051195842558+0j)
6687,06.11.2018,15:00,43.0,(9.969714910096506+0j)
6688,06.11.2018,16:00,57.0,(10.9517840818175+0j)
6689,06.11.2018,17:00,55.0,(10.822164994364314+0j)
6690,06.11.2018,18:00,55.0,(10.822164994364314+0j)
6691,06.11.2018,19:00,57.0,(10.9517840818175+0j)
6692,06.11.2018,20:00,54.0,(10.756174542690822+0j)
6693,06.11.2018,21:00,57.0,(10.9517840818175+0j)
6694,06.11.2018,22:00,47.0,(10.269734286241032+0j)
6695,06.11.2018,23:00,41.0,(9.812685353516676+0j)
6696,07.11.2018,00:00,31.0,(8.939512150377235+0j)
6697,07.11.2018,01:00,28.0,(8.641303622061608+0j)
6698,07.11.2018,02:00,27.0,(8.537181392110488+0j)
6699,07.11.2018,03:00,23.0,(8.092869420675413+0j)
6700,07.11.2018,04:00,21.0,(7.851145380281553+0j)
6701,07.11.2018,05:00,21.0,(7.851145380281553+0j)
6702,07.11.2018,06:00,26.0,(8.430455436469295+0j)
6703,07.11.2018,07:00,25.0,(8.320956608290626+0j)
6704,07.11.2018,08:00,21.0,(7.851145380281553+0j)
6705,07.11.2018,09:00,11.0,(6.32884048187752+0j)
6706,07.11.2018,10:00,5.0,(4.866124944308272+0j)
6707,07.11.2018,11:00,2.0,(3.585391514230274+0j)
6708,07.11.2018,12:00,2.0,(3.585391514230274+0j)
6709,07.11.2018,13:00,3.0,(4.1042487314692515+0j)
6710,07.11.2018,14:00,2.0,(3.585391514230274+0j)
6711,07.11.2018,15:00,4.0,(4.517310240893176+0j)
6712,07.11.2018,16:00,3.0,(4.1042487314692515+0j)
6713,07.11.2018,17:00,10.0,(6.130933248752508+0j)
6714,07.11.2018,18:00,13.0,(6.691256914211192+0j)
6715,07.11.2018,19:00,14.0,(6.858607230018604+0j)
6716,07.11.2018,20:00,11.0,(6.32884048187752+0j)
6717,07.11.2018,21:00,10.0,(6.130933248752508+0j)
6718,07.11.2018,22:00,4.0,(4.517310240893176+0j)
6719,07.11.2018,23:00,4.0,(4.517310240893176+0j)
6720,08.11.2018,00:00,4.0,(4.517310240893176+0j)
6721,08.11.2018,01:00,5.0,(4.866124944308272+0j)
6722,08.11.2018,02:00,5.0,(4.866124944308272+0j)
6723,08.11.2018,03:00,7.0,(5.443680165984116+0j)
6724,08.11.2018,04:00,5.0,(4.866124944308272+0j)
6725,08.11.2018,05:00,3.0,(4.1042487314692515+0j)
6726,08.11.2018,06:00,1.0,(2.845727130703496+0j)
6727,08.11.2018,07:00,1.0,(2.845727130703496+0j)
6728,08.11.2018,08:00,0.0,0j
6729,08.11.2018,09:00,0.0,0j
6730,08.11.2018,10:00,0.0,0j
6731,08.11.2018,11:00,0.0,0j
6732,08.11.2018,12:00,0.0,0j
6733,08.11.2018,13:00,0.0,0j
6734,08.11.2018,14:00,0.0,0j
6735,08.11.2018,15:00,0.0,0j
6736,08.11.2018,16:00,0.0,0j
6737,08.11.2018,17:00,0.0,0j
6738,08.11.2018,18:00,0.0,0j
6739,08.11.2018,19:00,8.0,(5.691454261406992+0j)
6740,08.11.2018,20:00,12.0,(6.515088753873438+0j)
6741,08.11.2018,21:00,8.0,(5.691454261406992+0j)
6742,08.11.2018,22:00,13.0,(6.691256914211192+0j)
6743,08.11.2018,23:00,13.0,(6.691256914211192+0j)
6744,09.11.2018,00:00,19.0,(7.593542967381978+0j)
6745,09.11.2018,01:00,18.0,(7.457914888057963+0j)
6746,09.11.2018,02:00,22.0,(7.9738393445443+0j)
6747,09.11.2018,03:00,25.0,(8.320956608290626+0j)
6748,09.11.2018,04:00,21.0,(7.851145380281553+0j)
6749,09.11.2018,05:00,30.0,(8.84233584359671+0j)
6750,09.11.2018,06:00,36.0,(9.396383955788593+0j)
6751,09.11.2018,07:00,37.0,(9.482594128751929+0j)
6752,09.11.2018,08:00,41.0,(9.812685353516676+0j)
6753,09.11.2018,09:00,40.0,(9.732249888616542+0j)
6754,09.11.2018,10:00,43.0,(9.969714910096506+0j)
6755,09.11.2018,11:00,49.0,(10.41338553855059+0j)
6756,09.11.2018,12:00,43.0,(9.969714910096506+0j)
6757,09.11.2018,13:00,34.0,(9.219051195842558+0j)
6758,09.11.2018,14:00,32.0,(9.034620481786352+0j)
6759,09.11.2018,15:00,27.0,(8.537181392110488+0j)
6760,09.11.2018,16:00,35.0,(9.308562145233848+0j)
6761,09.11.2018,17:00,44.0,(10.0464080386713+0j)
6762,09.11.2018,18:00,42.0,(9.891823330401618+0j)
6763,09.11.2018,19:00,32.0,(9.034620481786352+0j)
6764,09.11.2018,20:00,25.0,(8.320956608290626+0j)
6765,09.11.2018,21:00,40.0,(9.732249888616542+0j)
6766,09.11.2018,22:00,17.0,(7.317165783214581+0j)
6767,09.11.2018,23:00,17.0,(7.317165783214581+0j)
6768,10.11.2018,00:00,17.0,(7.317165783214581+0j)
6769,10.11.2018,01:00,14.0,(6.858607230018604+0j)
6770,10.11.2018,02:00,11.0,(6.32884048187752+0j)
6771,10.11.2018,03:00,10.0,(6.130933248752508+0j)
6772,10.11.2018,04:00,10.0,(6.130933248752508+0j)
6773,10.11.2018,05:00,9.0,(5.919350969396254+0j)
6774,10.11.2018,06:00,12.0,(6.515088753873438+0j)
6775,10.11.2018,07:00,13.0,(6.691256914211192+0j)
6776,10.11.2018,08:00,11.0,(6.32884048187752+0j)
6777,10.11.2018,09:00,6.0,(5.171029370782441+0j)
6778,10.11.2018,10:00,3.0,(4.1042487314692515+0j)
6779,10.11.2018,11:00,2.0,(3.585391514230274+0j)
6780,10.11.2018,12:00,0.0,0j
6781,10.11.2018,13:00,0.0,0j
6782,10.11.2018,14:00,3.0,(4.1042487314692515+0j)
6783,10.11.2018,15:00,1.0,(2.845727130703496+0j)
6784,10.11.2018,16:00,2.0,(3.585391514230274+0j)
6785,10.11.2018,17:00,4.0,(4.517310240893176+0j)
6786,10.11.2018,18:00,15.0,(7.018166609990766+0j)
6787,10.11.2018,19:00,15.0,(7.018166609990766+0j)
6788,10.11.2018,20:00,17.0,(7.317165783214581+0j)
6789,10.11.2018,21:00,9.0,(5.919350969396254+0j)
6790,10.11.2018,22:00,7.0,(5.443680165984116+0j)
6791,10.11.2018,23:00,4.0,(4.517310240893176+0j)
6792,11.11.2018,00:00,4.0,(4.517310240893176+0j)
6793,11.11.2018,01:00,2.0,(3.585391514230274+0j)
6794,11.11.2018,02:00,1.0,(2.845727130703496+0j)
6795,11.11.2018,03:00,2.0,(3.585391514230274+0j)
6796,11.11.2018,04:00,3.0,(4.1042487314692515+0j)
6797,11.11.2018,05:00,4.0,(4.517310240893176+0j)
6798,11.11.2018,06:00,3.0,(4.1042487314692515+0j)
6799,11.11.2018,07:00,3.0,(4.1042487314692515+0j)
6800,11.11.2018,08:00,4.0,(4.517310240893176+0j)
6801,11.11.2018,09:00,3.0,(4.1042487314692515+0j)
6802,11.11.2018,10:00,3.0,(4.1042487314692515+0j)
6803,11.11.2018,11:00,0.0,0j
6804,11.11.2018,12:00,0.0,0j
6805,11.11.2018,13:00,0.0,0j
6806,11.11.2018,14:00,3.0,(4.1042487314692515+0j)
6807,11.11.2018,15:00,1.0,(2.845727130703496+0j)
6808,11.11.2018,16:00,0.0,0j
6809,11.11.2018,17:00,2.0,(3.585391514230274+0j)
6810,11.11.2018,18:00,5.0,(4.866124944308272+0j)
6811,11.11.2018,19:00,12.0,(6.515088753873438+0j)
6812,11.11.2018,20:00,12.0,(6.515088753873438+0j)
6813,11.11.2018,21:00,10.0,(6.130933248752508+0j)
6814,11.11.2018,22:00,10.0,(6.130933248752508+0j)
6815,11.11.2018,23:00,15.0,(7.018166609990766+0j)
6816,12.11.2018,00:00,16.0,(7.170783028460548+0j)
6817,12.11.2018,01:00,13.0,(6.691256914211192+0j)
6818,12.11.2018,02:00,12.0,(6.515088753873438+0j)
6819,12.11.2018,03:00,12.0,(6.515088753873438+0j)
6820,12.11.2018,04:00,12.0,(6.515088753873438+0j)
6821,12.11.2018,05:00,13.0,(6.691256914211192+0j)
6822,12.11.2018,06:00,15.0,(7.018166609990766+0j)
6823,12.11.2018,07:00,13.0,(6.691256914211192+0j)
6824,12.11.2018,08:00,11.0,(6.32884048187752+0j)
6825,12.11.2018,09:00,9.0,(5.919350969396254+0j)
6826,12.11.2018,10:00,8.0,(5.691454261406992+0j)
6827,12.11.2018,11:00,6.0,(5.171029370782441+0j)
6828,12.11.2018,12:00,19.0,(7.593542967381978+0j)
6829,12.11.2018,13:00,17.0,(7.317165783214581+0j)
6830,12.11.2018,14:00,32.0,(9.034620481786352+0j)
6831,12.11.2018,15:00,36.0,(9.396383955788593+0j)
6832,12.11.2018,16:00,55.0,(10.822164994364314+0j)
6833,12.11.2018,17:00,52.0,(10.621708264608335+0j)
6834,12.11.2018,18:00,53.0,(10.689364281461948+0j)
6835,12.11.2018,19:00,49.0,(10.41338553855059+0j)
6836,12.11.2018,20:00,59.0,(11.078405520382008+0j)
6837,12.11.2018,21:00,62.0,(11.263079534051261+0j)
6838,12.11.2018,22:00,66.0,(11.500266368369322+0j)
6839,12.11.2018,23:00,66.0,(11.500266368369322+0j)
6840,13.11.2018,00:00,66.0,(11.500266368369322+0j)
6841,13.11.2018,01:00,69.0,(11.671937444523078+0j)
6842,13.11.2018,02:00,61.0,(11.202196833891742+0j)
6843,13.11.2018,03:00,69.0,(11.671937444523078+0j)
6844,13.11.2018,04:00,69.0,(11.671937444523078+0j)
6845,13.11.2018,05:00,52.0,(10.621708264608335+0j)
6846,13.11.2018,06:00,67.0,(11.55805762209552+0j)
6847,13.11.2018,07:00,67.0,(11.55805762209552+0j)
6848,13.11.2018,08:00,57.0,(10.9517840818175+0j)
6849,13.11.2018,09:00,60.0,(11.140645059587433+0j)
6850,13.11.2018,10:00,64.0,(11.382908522813985+0j)
6851,13.11.2018,11:00,65.0,(11.441888376335278+0j)
6852,13.11.2018,12:00,68.0,(11.615276661700541+0j)
6853,13.11.2018,13:00,69.0,(11.671937444523078+0j)
6854,13.11.2018,14:00,69.0,(11.671937444523078+0j)
6855,13.11.2018,15:00,69.0,(11.671937444523078+0j)
6856,13.11.2018,16:00,68.0,(11.615276661700541+0j)
6857,13.11.2018,17:00,69.0,(11.671937444523078+0j)
6858,13.11.2018,18:00,68.0,(11.615276661700541+0j)
6859,13.11.2018,19:00,67.0,(11.55805762209552+0j)
6860,13.11.2018,20:00,67.0,(11.55805762209552+0j)
6861,13.11.2018,21:00,68.0,(11.615276661700541+0j)
6862,13.11.2018,22:00,65.0,(11.441888376335278+0j)
6863,13.11.2018,23:00,64.0,(11.382908522813985+0j)
6864,14.11.2018,00:00,62.0,(11.263079534051261+0j)
6865,14.11.2018,01:00,54.0,(10.756174542690822+0j)
6866,14.11.2018,02:00,52.0,(10.621708264608335+0j)
6867,14.11.2018,03:00,62.0,(11.263079534051261+0j)
6868,14.11.2018,04:00,66.0,(11.500266368369322+0j)
6869,14.11.2018,05:00,64.0,(11.382908522813985+0j)
6870,14.11.2018,06:00,66.0,(11.500266368369322+0j)
6871,14.11.2018,07:00,57.0,(10.9517840818175+0j)
6872,14.11.2018,08:00,60.0,(11.140645059587433+0j)
6873,14.11.2018,09:00,63.0,(11.323311051132062+0j)
6874,14.11.2018,10:00,66.0,(11.500266368369322+0j)
6875,14.11.2018,11:00,63.0,(11.323311051132062+0j)
6876,14.11.2018,12:00,69.0,(11.671937444523078+0j)
6877,14.11.2018,13:00,69.0,(11.671937444523078+0j)
6878,14.11.2018,14:00,68.0,(11.615276661700541+0j)
6879,14.11.2018,15:00,64.0,(11.382908522813985+0j)
6880,14.11.2018,16:00,58.0,(11.015458675840927+0j)
6881,14.11.2018,17:00,59.0,(11.078405520382008+0j)
6882,14.11.2018,18:00,62.0,(11.263079534051261+0j)
6883,14.11.2018,19:00,60.0,(11.140645059587433+0j)
6884,14.11.2018,20:00,59.0,(11.078405520382008+0j)
6885,14.11.2018,21:00,62.0,(11.263079534051261+0j)
6886,14.11.2018,22:00,60.0,(11.140645059587433+0j)
6887,14.11.2018,23:00,58.0,(11.015458675840927+0j)
6888,15.11.2018,00:00,58.0,(11.015458675840927+0j)
6889,15.11.2018,01:00,58.0,(11.015458675840927+0j)
6890,15.11.2018,02:00,47.0,(10.269734286241032+0j)
6891,15.11.2018,03:00,47.0,(10.269734286241032+0j)
6892,15.11.2018,04:00,57.0,(10.9517840818175+0j)
6893,15.11.2018,05:00,46.0,(10.19637653715948+0j)
6894,15.11.2018,06:00,51.0,(10.5531792067093+0j)
6895,15.11.2018,07:00,44.0,(10.0464080386713+0j)
6896,15.11.2018,08:00,49.0,(10.41338553855059+0j)
6897,15.11.2018,09:00,35.0,(9.308562145233848+0j)
6898,15.11.2018,10:00,42.0,(9.891823330401618+0j)
6899,15.11.2018,11:00,32.0,(9.034620481786352+0j)
6900,15.11.2018,12:00,50.0,(10.483748386047209+0j)
6901,15.11.2018,13:00,45.0,(10.121947777604984+0j)
6902,15.11.2018,14:00,55.0,(10.822164994364314+0j)
6903,15.11.2018,15:00,64.0,(11.382908522813985+0j)
6904,15.11.2018,16:00,58.0,(11.015458675840927+0j)
6905,15.11.2018,17:00,62.0,(11.263079534051261+0j)
6906,15.11.2018,18:00,66.0,(11.500266368369322+0j)
6907,15.11.2018,19:00,62.0,(11.263079534051261+0j)
6908,15.11.2018,20:00,63.0,(11.323311051132062+0j)
6909,15.11.2018,21:00,60.0,(11.140645059587433+0j)
6910,15.11.2018,22:00,60.0,(11.140645059587433+0j)
6911,15.11.2018,23:00,60.0,(11.140645059587433+0j)
6912,16.11.2018,00:00,46.0,(10.19637653715948+0j)
6913,16.11.2018,01:00,24.0,(8.208497462938503+0j)
6914,16.11.2018,02:00,30.0,(8.84233584359671+0j)
6915,16.11.2018,03:00,34.0,(9.219051195842558+0j)
6916,16.11.2018,04:00,45.0,(10.121947777604984+0j)
6917,16.11.2018,05:00,63.0,(11.323311051132062+0j)
6918,16.11.2018,06:00,47.0,(10.269734286241032+0j)
6919,16.11.2018,07:00,51.0,(10.5531792067093+0j)
6920,16.11.2018,08:00,47.0,(10.269734286241032+0j)
6921,16.11.2018,09:00,48.0,(10.34205874156488+0j)
6922,16.11.2018,10:00,49.0,(10.41338553855059+0j)
6923,16.11.2018,11:00,41.0,(9.812685353516676+0j)
6924,16.11.2018,12:00,40.0,(9.732249888616542+0j)
6925,16.11.2018,13:00,42.0,(9.891823330401618+0j)
6926,16.11.2018,14:00,41.0,(9.812685353516676+0j)
6927,16.11.2018,15:00,22.0,(7.9738393445443+0j)
6928,16.11.2018,16:00,24.0,(8.208497462938503+0j)
6929,16.11.2018,17:00,26.0,(8.430455436469295+0j)
6930,16.11.2018,18:00,25.0,(8.320956608290626+0j)
6931,16.11.2018,19:00,25.0,(8.320956608290626+0j)
6932,16.11.2018,20:00,22.0,(7.9738393445443+0j)
6933,16.11.2018,21:00,24.0,(8.208497462938503+0j)
6934,16.11.2018,22:00,28.0,(8.641303622061608+0j)
6935,16.11.2018,23:00,21.0,(7.851145380281553+0j)
6936,17.11.2018,00:00,30.0,(8.84233584359671+0j)
6937,17.11.2018,01:00,29.0,(8.74297534497106+0j)
6938,17.11.2018,02:00,23.0,(8.092869420675413+0j)
6939,17.11.2018,03:00,21.0,(7.851145380281553+0j)
6940,17.11.2018,04:00,32.0,(9.034620481786352+0j)
6941,17.11.2018,05:00,25.0,(8.320956608290626+0j)
6942,17.11.2018,06:00,18.0,(7.457914888057963+0j)
6943,17.11.2018,07:00,16.0,(7.170783028460548+0j)
6944,17.11.2018,08:00,13.0,(6.691256914211192+0j)
6945,17.11.2018,09:00,13.0,(6.691256914211192+0j)
6946,17.11.2018,10:00,14.0,(6.858607230018604+0j)
6947,17.11.2018,11:00,22.0,(7.9738393445443+0j)
6948,17.11.2018,12:00,21.0,(7.851145380281553+0j)
6949,17.11.2018,13:00,17.0,(7.317165783214581+0j)
6950,17.11.2018,14:00,14.0,(6.858607230018604+0j)
6951,17.11.2018,15:00,14.0,(6.858607230018604+0j)
6952,17.11.2018,16:00,20.0,(7.724491855603646+0j)
6953,17.11.2018,17:00,30.0,(8.84233584359671+0j)
6954,17.11.2018,18:00,37.0,(9.482594128751929+0j)
6955,17.11.2018,19:00,35.0,(9.308562145233848+0j)
6956,17.11.2018,20:00,23.0,(8.092869420675413+0j)
6957,17.11.2018,21:00,20.0,(7.724491855603646+0j)
6958,17.11.2018,22:00,15.0,(7.018166609990766+0j)
6959,17.11.2018,23:00,14.0,(6.858607230018604+0j)
6960,18.11.2018,00:00,10.0,(6.130933248752508+0j)
6961,18.11.2018,01:00,10.0,(6.130933248752508+0j)
6962,18.11.2018,02:00,11.0,(6.32884048187752+0j)
6963,18.11.2018,03:00,6.0,(5.171029370782441+0j)
6964,18.11.2018,04:00,4.0,(4.517310240893176+0j)
6965,18.11.2018,05:00,4.0,(4.517310240893176+0j)
6966,18.11.2018,06:00,7.0,(5.443680165984116+0j)
6967,18.11.2018,07:00,3.0,(4.1042487314692515+0j)
6968,18.11.2018,08:00,6.0,(5.171029370782441+0j)
6969,18.11.2018,09:00,8.0,(5.691454261406992+0j)
6970,18.11.2018,10:00,7.0,(5.443680165984116+0j)
6971,18.11.2018,11:00,18.0,(7.457914888057963+0j)
6972,18.11.2018,12:00,25.0,(8.320956608290626+0j)
6973,18.11.2018,13:00,10.0,(6.130933248752508+0j)
6974,18.11.2018,14:00,10.0,(6.130933248752508+0j)
6975,18.11.2018,15:00,11.0,(6.32884048187752+0j)
6976,18.11.2018,16:00,27.0,(8.537181392110488+0j)
6977,18.11.2018,17:00,34.0,(9.219051195842558+0j)
6978,18.11.2018,18:00,35.0,(9.308562145233848+0j)
6979,18.11.2018,19:00,40.0,(9.732249888616542+0j)
6980,18.11.2018,20:00,48.0,(10.34205874156488+0j)
6981,18.11.2018,21:00,66.0,(11.500266368369322+0j)
6982,18.11.2018,22:00,68.0,(11.615276661700541+0j)
6983,18.11.2018,23:00,68.0,(11.615276661700541+0j)
6984,19.11.2018,00:00,67.0,(11.55805762209552+0j)
6985,19.11.2018,01:00,66.0,(11.500266368369322+0j)
6986,19.11.2018,02:00,66.0,(11.500266368369322+0j)
6987,19.11.2018,03:00,68.0,(11.615276661700541+0j)
6988,19.11.2018,04:00,60.0,(11.140645059587433+0j)
6989,19.11.2018,05:00,62.0,(11.263079534051261+0j)
6990,19.11.2018,06:00,65.0,(11.441888376335278+0j)
6991,19.11.2018,07:00,64.0,(11.382908522813985+0j)
6992,19.11.2018,08:00,65.0,(11.441888376335278+0j)
6993,19.11.2018,09:00,65.0,(11.441888376335278+0j)
6994,19.11.2018,10:00,60.0,(11.140645059587433+0j)
6995,19.11.2018,11:00,68.0,(11.615276661700541+0j)
6996,19.11.2018,12:00,70.0,(11.728053391034702+0j)
6997,19.11.2018,13:00,68.0,(11.615276661700541+0j)
6998,19.11.2018,14:00,69.0,(11.671937444523078+0j)
6999,19.11.2018,15:00,63.0,(11.323311051132062+0j)
7000,19.11.2018,16:00,57.0,(10.9517840818175+0j)
7001,19.11.2018,17:00,49.0,(10.41338553855059+0j)
7002,19.11.2018,18:00,56.0,(10.887360331968232+0j)
7003,19.11.2018,19:00,40.0,(9.732249888616542+0j)
7004,19.11.2018,20:00,24.0,(8.208497462938503+0j)
7005,19.11.2018,21:00,22.0,(7.9738393445443+0j)
7006,19.11.2018,22:00,37.0,(9.482594128751929+0j)
7007,19.11.2018,23:00,9.0,(5.919350969396254+0j)
7008,20.11.2018,00:00,17.0,(7.317165783214581+0j)
7009,20.11.2018,01:00,24.0,(8.208497462938503+0j)
7010,20.11.2018,02:00,25.0,(8.320956608290626+0j)
7011,20.11.2018,03:00,17.0,(7.317165783214581+0j)
7012,20.11.2018,04:00,22.0,(7.9738393445443+0j)
7013,20.11.2018,05:00,17.0,(7.317165783214581+0j)
7014,20.11.2018,06:00,27.0,(8.537181392110488+0j)
7015,20.11.2018,07:00,23.0,(8.092869420675413+0j)
7016,20.11.2018,08:00,20.0,(7.724491855603646+0j)
7017,20.11.2018,09:00,12.0,(6.515088753873438+0j)
7018,20.11.2018,10:00,31.0,(8.939512150377235+0j)
7019,20.11.2018,11:00,21.0,(7.851145380281553+0j)
7020,20.11.2018,12:00,16.0,(7.170783028460548+0j)
7021,20.11.2018,13:00,16.0,(7.170783028460548+0j)
7022,20.11.2018,14:00,14.0,(6.858607230018604+0j)
7023,20.11.2018,15:00,15.0,(7.018166609990766+0j)
7024,20.11.2018,16:00,22.0,(7.9738393445443+0j)
7025,20.11.2018,17:00,13.0,(6.691256914211192+0j)
7026,20.11.2018,18:00,27.0,(8.537181392110488+0j)
7027,20.11.2018,19:00,30.0,(8.84233584359671+0j)
7028,20.11.2018,20:00,19.0,(7.593542967381978+0j)
7029,20.11.2018,21:00,17.0,(7.317165783214581+0j)
7030,20.11.2018,22:00,13.0,(6.691256914211192+0j)
7031,20.11.2018,23:00,19.0,(7.593542967381978+0j)
7032,21.11.2018,00:00,23.0,(8.092869420675413+0j)
7033,21.11.2018,01:00,32.0,(9.034620481786352+0j)
7034,21.11.2018,02:00,9.0,(5.919350969396254+0j)
7035,21.11.2018,03:00,25.0,(8.320956608290626+0j)
7036,21.11.2018,04:00,23.0,(8.092869420675413+0j)
7037,21.11.2018,05:00,14.0,(6.858607230018604+0j)
7038,21.11.2018,06:00,24.0,(8.208497462938503+0j)
7039,21.11.2018,07:00,20.0,(7.724491855603646+0j)
7040,21.11.2018,08:00,39.0,(9.650462409337567+0j)
7041,21.11.2018,09:00,39.0,(9.650462409337567+0j)
7042,21.11.2018,10:00,30.0,(8.84233584359671+0j)
7043,21.11.2018,11:00,31.0,(8.939512150377235+0j)
7044,21.11.2018,12:00,3.0,(4.1042487314692515+0j)
7045,21.11.2018,13:00,18.0,(7.457914888057963+0j)
7046,21.11.2018,14:00,11.0,(6.32884048187752+0j)
7047,21.11.2018,15:00,17.0,(7.317165783214581+0j)
7048,21.11.2018,16:00,10.0,(6.130933248752508+0j)
7049,21.11.2018,17:00,11.0,(6.32884048187752+0j)
7050,21.11.2018,18:00,7.0,(5.443680165984116+0j)
7051,21.11.2018,19:00,7.0,(5.443680165984116+0j)
7052,21.11.2018,20:00,1.0,(2.845727130703496+0j)
7053,21.11.2018,21:00,1.0,(2.845727130703496+0j)
7054,21.11.2018,22:00,5.0,(4.866124944308272+0j)
7055,21.11.2018,23:00,4.0,(4.517310240893176+0j)
7056,22.11.2018,00:00,3.0,(4.1042487314692515+0j)
7057,22.11.2018,01:00,0.0,0j
7058,22.11.2018,02:00,0.0,0j
7059,22.11.2018,03:00,8.0,(5.691454261406992+0j)
7060,22.11.2018,04:00,16.0,(7.170783028460548+0j)
7061,22.11.2018,05:00,3.0,(4.1042487314692515+0j)
7062,22.11.2018,06:00,4.0,(4.517310240893176+0j)
7063,22.11.2018,07:00,0.0,0j
7064,22.11.2018,08:00,0.0,0j
7065,22.11.2018,09:00,0.0,0j
7066,22.11.2018,10:00,0.0,0j
7067,22.11.2018,11:00,0.0,0j
7068,22.11.2018,12:00,0.0,0j
7069,22.11.2018,13:00,0.0,0j
7070,22.11.2018,14:00,0.0,0j
7071,22.11.2018,15:00,3.0,(4.1042487314692515+0j)
7072,22.11.2018,16:00,12.0,(6.515088753873438+0j)
7073,22.11.2018,17:00,21.0,(7.851145380281553+0j)
7074,22.11.2018,18:00,43.0,(9.969714910096506+0j)
7075,22.11.2018,19:00,57.0,(10.9517840818175+0j)
7076,22.11.2018,20:00,60.0,(11.140645059587433+0j)
7077,22.11.2018,21:00,68.0,(11.615276661700541+0j)
7078,22.11.2018,22:00,69.0,(11.671937444523078+0j)
7079,22.11.2018,23:00,69.0,(11.671937444523078+0j)
7080,23.11.2018,00:00,69.0,(11.671937444523078+0j)
7081,23.11.2018,01:00,69.0,(11.671937444523078+0j)
7082,23.11.2018,02:00,66.0,(11.500266368369322+0j)
7083,23.11.2018,03:00,69.0,(11.671937444523078+0j)
7084,23.11.2018,04:00,67.0,(11.55805762209552+0j)
7085,23.11.2018,05:00,66.0,(11.500266368369322+0j)
7086,23.11.2018,06:00,69.0,(11.671937444523078+0j)
7087,23.11.2018,07:00,68.0,(11.615276661700541+0j)
7088,23.11.2018,08:00,69.0,(11.671937444523078+0j)
7089,23.11.2018,09:00,68.0,(11.615276661700541+0j)
7090,23.11.2018,10:00,65.0,(11.441888376335278+0j)
7091,23.11.2018,11:00,69.0,(11.671937444523078+0j)
7092,23.11.2018,12:00,62.0,(11.263079534051261+0j)
7093,23.11.2018,13:00,67.0,(11.55805762209552+0j)
7094,23.11.2018,14:00,66.0,(11.500266368369322+0j)
7095,23.11.2018,15:00,62.0,(11.263079534051261+0j)
7096,23.11.2018,16:00,65.0,(11.441888376335278+0j)
7097,23.11.2018,17:00,67.0,(11.55805762209552+0j)
7098,23.11.2018,18:00,68.0,(11.615276661700541+0j)
7099,23.11.2018,19:00,68.0,(11.615276661700541+0j)
7100,23.11.2018,20:00,67.0,(11.55805762209552+0j)
7101,23.11.2018,21:00,68.0,(11.615276661700541+0j)
7102,23.11.2018,22:00,67.0,(11.55805762209552+0j)
7103,23.11.2018,23:00,63.0,(11.323311051132062+0j)
7104,24.11.2018,00:00,61.0,(11.202196833891742+0j)
7105,24.11.2018,01:00,62.0,(11.263079534051261+0j)
7106,24.11.2018,02:00,64.0,(11.382908522813985+0j)
7107,24.11.2018,03:00,64.0,(11.382908522813985+0j)
7108,24.11.2018,04:00,63.0,(11.323311051132062+0j)
7109,24.11.2018,05:00,57.0,(10.9517840818175+0j)
7110,24.11.2018,06:00,46.0,(10.19637653715948+0j)
7111,24.11.2018,07:00,40.0,(9.732249888616542+0j)
7112,24.11.2018,08:00,34.0,(9.219051195842558+0j)
7113,24.11.2018,09:00,28.0,(8.641303622061608+0j)
7114,24.11.2018,10:00,24.0,(8.208497462938503+0j)
7115,24.11.2018,11:00,26.0,(8.430455436469295+0j)
7116,24.11.2018,12:00,12.0,(6.515088753873438+0j)
7117,24.11.2018,13:00,7.0,(5.443680165984116+0j)
7118,24.11.2018,14:00,10.0,(6.130933248752508+0j)
7119,24.11.2018,15:00,10.0,(6.130933248752508+0j)
7120,24.11.2018,16:00,19.0,(7.593542967381978+0j)
7121,24.11.2018,17:00,12.0,(6.515088753873438+0j)
7122,24.11.2018,18:00,12.0,(6.515088753873438+0j)
7123,24.11.2018,19:00,8.0,(5.691454261406992+0j)
7124,24.11.2018,20:00,8.0,(5.691454261406992+0j)
7125,24.11.2018,21:00,3.0,(4.1042487314692515+0j)
7126,24.11.2018,22:00,0.0,0j
7127,24.11.2018,23:00,1.0,(2.845727130703496+0j)
7128,25.11.2018,00:00,1.0,(2.845727130703496+0j)
7129,25.11.2018,01:00,1.0,(2.845727130703496+0j)
7130,25.11.2018,02:00,0.0,0j
7131,25.11.2018,03:00,0.0,0j
7132,25.11.2018,04:00,0.0,0j
7133,25.11.2018,05:00,0.0,0j
7134,25.11.2018,06:00,0.0,0j
7135,25.11.2018,07:00,0.0,0j
7136,25.11.2018,08:00,0.0,0j
7137,25.11.2018,09:00,0.0,0j
7138,25.11.2018,10:00,0.0,0j
7139,25.11.2018,11:00,0.0,0j
7140,25.11.2018,12:00,0.0,0j
7141,25.11.2018,13:00,0.0,0j
7142,25.11.2018,14:00,0.0,0j
7143,25.11.2018,15:00,0.0,0j
7144,25.11.2018,16:00,0.0,0j
7145,25.11.2018,17:00,4.0,(4.517310240893176+0j)
7146,25.11.2018,18:00,3.0,(4.1042487314692515+0j)
7147,25.11.2018,19:00,3.0,(4.1042487314692515+0j)
7148,25.11.2018,20:00,1.0,(2.845727130703496+0j)
7149,25.11.2018,21:00,1.0,(2.845727130703496+0j)
7150,25.11.2018,22:00,4.0,(4.517310240893176+0j)
7151,25.11.2018,23:00,7.0,(5.443680165984116+0j)
7152,26.11.2018,00:00,2.0,(3.585391514230274+0j)
7153,26.11.2018,01:00,17.0,(7.317165783214581+0j)
7154,26.11.2018,02:00,13.0,(6.691256914211192+0j)
7155,26.11.2018,03:00,36.0,(9.396383955788593+0j)
7156,26.11.2018,04:00,34.0,(9.219051195842558+0j)
7157,26.11.2018,05:00,35.0,(9.308562145233848+0j)
7158,26.11.2018,06:00,41.0,(9.812685353516676+0j)
7159,26.11.2018,07:00,46.0,(10.19637653715948+0j)
7160,26.11.2018,08:00,56.0,(10.887360331968232+0j)
7161,26.11.2018,09:00,59.0,(11.078405520382008+0j)
7162,26.11.2018,10:00,64.0,(11.382908522813985+0j)
7163,26.11.2018,11:00,66.0,(11.500266368369322+0j)
7164,26.11.2018,12:00,69.0,(11.671937444523078+0j)
7165,26.11.2018,13:00,67.0,(11.55805762209552+0j)
7166,26.11.2018,14:00,68.0,(11.615276661700541+0j)
7167,26.11.2018,15:00,69.0,(11.671937444523078+0j)
7168,26.11.2018,16:00,66.0,(11.500266368369322+0j)
7169,26.11.2018,17:00,68.0,(11.615276661700541+0j)
7170,26.11.2018,18:00,67.0,(11.55805762209552+0j)
7171,26.11.2018,19:00,66.0,(11.500266368369322+0j)
7172,26.11.2018,20:00,66.0,(11.500266368369322+0j)
7173,26.11.2018,21:00,67.0,(11.55805762209552+0j)
7174,26.11.2018,22:00,67.0,(11.55805762209552+0j)
7175,26.11.2018,23:00,68.0,(11.615276661700541+0j)
7176,27.11.2018,00:00,65.0,(11.441888376335278+0j)
7177,27.11.2018,01:00,69.0,(11.671937444523078+0j)
7178,27.11.2018,02:00,69.0,(11.671937444523078+0j)
7179,27.11.2018,03:00,69.0,(11.671937444523078+0j)
7180,27.11.2018,04:00,64.0,(11.382908522813985+0j)
7181,27.11.2018,05:00,65.0,(11.441888376335278+0j)
7182,27.11.2018,06:00,51.0,(10.5531792067093+0j)
7183,27.11.2018,07:00,49.0,(10.41338553855059+0j)
7184,27.11.2018,08:00,60.0,(11.140645059587433+0j)
7185,27.11.2018,09:00,56.0,(10.887360331968232+0j)
7186,27.11.2018,10:00,52.0,(10.621708264608335+0j)
7187,27.11.2018,11:00,55.0,(10.822164994364314+0j)
7188,27.11.2018,12:00,66.0,(11.500266368369322+0j)
7189,27.11.2018,13:00,37.0,(9.482594128751929+0j)
7190,27.11.2018,14:00,67.0,(11.55805762209552+0j)
7191,27.11.2018,15:00,69.0,(11.671937444523078+0j)
7192,27.11.2018,16:00,69.0,(11.671937444523078+0j)
7193,27.11.2018,17:00,69.0,(11.671937444523078+0j)
7194,27.11.2018,18:00,69.0,(11.671937444523078+0j)
7195,27.11.2018,19:00,69.0,(11.671937444523078+0j)
7196,27.11.2018,20:00,69.0,(11.671937444523078+0j)
7197,27.11.2018,21:00,69.0,(11.671937444523078+0j)
7198,27.11.2018,22:00,69.0,(11.671937444523078+0j)
7199,27.11.2018,23:00,68.0,(11.615276661700541+0j)
7200,28.11.2018,00:00,68.0,(11.615276661700541+0j)
7201,28.11.2018,01:00,69.0,(11.671937444523078+0j)
7202,28.11.2018,02:00,69.0,(11.671937444523078+0j)
7203,28.11.2018,03:00,68.0,(11.615276661700541+0j)
7204,28.11.2018,04:00,67.0,(11.55805762209552+0j)
7205,28.11.2018,05:00,60.0,(11.140645059587433+0j)
7206,28.11.2018,06:00,22.0,(7.9738393445443+0j)
7207,28.11.2018,07:00,41.0,(9.812685353516676+0j)
7208,28.11.2018,08:00,41.0,(9.812685353516676+0j)
7209,28.11.2018,09:00,34.0,(9.219051195842558+0j)
7210,28.11.2018,10:00,26.0,(8.430455436469295+0j)
7211,28.11.2018,11:00,29.0,(8.74297534497106+0j)
7212,28.11.2018,12:00,46.0,(10.19637653715948+0j)
7213,28.11.2018,13:00,38.0,(9.567264627885733+0j)
7214,28.11.2018,14:00,28.0,(8.641303622061608+0j)
7215,28.11.2018,15:00,30.0,(8.84233584359671+0j)
7216,28.11.2018,16:00,22.0,(7.9738393445443+0j)
7217,28.11.2018,17:00,44.0,(10.0464080386713+0j)
7218,28.11.2018,18:00,24.0,(8.208497462938503+0j)
7219,28.11.2018,19:00,32.0,(9.034620481786352+0j)
7220,28.11.2018,20:00,16.0,(7.170783028460548+0j)
7221,28.11.2018,21:00,16.0,(7.170783028460548+0j)
7222,28.11.2018,22:00,37.0,(9.482594128751929+0j)
7223,28.11.2018,23:00,51.0,(10.5531792067093+0j)
7224,29.11.2018,00:00,55.0,(10.822164994364314+0j)
7225,29.11.2018,01:00,63.0,(11.323311051132062+0j)
7226,29.11.2018,02:00,65.0,(11.441888376335278+0j)
7227,29.11.2018,03:00,68.0,(11.615276661700541+0j)
7228,29.11.2018,04:00,65.0,(11.441888376335278+0j)
7229,29.11.2018,05:00,67.0,(11.55805762209552+0j)
7230,29.11.2018,06:00,69.0,(11.671937444523078+0j)
7231,29.11.2018,07:00,69.0,(11.671937444523078+0j)
7232,29.11.2018,08:00,69.0,(11.671937444523078+0j)
7233,29.11.2018,09:00,69.0,(11.671937444523078+0j)
7234,29.11.2018,10:00,69.0,(11.671937444523078+0j)
7235,29.11.2018,11:00,69.0,(11.671937444523078+0j)
7236,29.11.2018,12:00,69.0,(11.671937444523078+0j)
7237,29.11.2018,13:00,69.0,(11.671937444523078+0j)
7238,29.11.2018,14:00,69.0,(11.671937444523078+0j)
7239,29.11.2018,15:00,69.0,(11.671937444523078+0j)
7240,29.11.2018,16:00,69.0,(11.671937444523078+0j)
7241,29.11.2018,17:00,69.0,(11.671937444523078+0j)
7242,29.11.2018,18:00,66.0,(11.500266368369322+0j)
7243,29.11.2018,19:00,60.0,(11.140645059587433+0j)
7244,29.11.2018,20:00,60.0,(11.140645059587433+0j)
7245,29.11.2018,21:00,60.0,(11.140645059587433+0j)
7246,29.11.2018,22:00,60.0,(11.140645059587433+0j)
7247,29.11.2018,23:00,66.0,(11.500266368369322+0j)
7248,30.11.2018,00:00,63.0,(11.323311051132062+0j)
7249,30.11.2018,01:00,63.0,(11.323311051132062+0j)
7250,30.11.2018,02:00,63.0,(11.323311051132062+0j)
7251,30.11.2018,03:00,69.0,(11.671937444523078+0j)
7252,30.11.2018,04:00,67.0,(11.55805762209552+0j)
7253,30.11.2018,05:00,67.0,(11.55805762209552+0j)
7254,30.11.2018,06:00,69.0,(11.671937444523078+0j)
7255,30.11.2018,07:00,69.0,(11.671937444523078+0j)
7256,30.11.2018,08:00,69.0,(11.671937444523078+0j)
7257,30.11.2018,09:00,67.0,(11.55805762209552+0j)
7258,30.11.2018,10:00,69.0,(11.671937444523078+0j)
7259,30.11.2018,11:00,69.0,(11.671937444523078+0j)
7260,30.11.2018,12:00,69.0,(11.671937444523078+0j)
7261,30.11.2018,13:00,69.0,(11.671937444523078+0j)
7262,30.11.2018,14:00,69.0,(11.671937444523078+0j)
7263,30.11.2018,15:00,69.0,(11.671937444523078+0j)
7264,30.11.2018,16:00,69.0,(11.671937444523078+0j)
7265,30.11.2018,17:00,68.0,(11.615276661700541+0j)
7266,30.11.2018,18:00,68.0,(11.615276661700541+0j)
7267,30.11.2018,19:00,68.0,(11.615276661700541+0j)
7268,30.11.2018,20:00,68.0,(11.615276661700541+0j)
7269,30.11.2018,21:00,65.0,(11.441888376335278+0j)
7270,30.11.2018,22:00,53.0,(10.689364281461948+0j)
7271,30.11.2018,23:00,49.0,(10.41338553855059+0j)
7272,01.12.2018,00:00,37.0,(9.482594128751929+0j)
7273,01.12.2018,01:00,40.0,(9.732249888616542+0j)
7274,01.12.2018,02:00,44.0,(10.0464080386713+0j)
7275,01.12.2018,03:00,41.0,(9.812685353516676+0j)
7276,01.12.2018,04:00,45.0,(10.121947777604984+0j)
7277,01.12.2018,05:00,37.0,(9.482594128751929+0j)
7278,01.12.2018,06:00,24.0,(8.208497462938503+0j)
7279,01.12.2018,07:00,22.0,(7.9738393445443+0j)
7280,01.12.2018,08:00,14.0,(6.858607230018604+0j)
7281,01.12.2018,09:00,11.0,(6.32884048187752+0j)
7282,01.12.2018,10:00,6.0,(5.171029370782441+0j)
7283,01.12.2018,11:00,7.0,(5.443680165984116+0j)
7284,01.12.2018,12:00,6.0,(5.171029370782441+0j)
7285,01.12.2018,13:00,5.0,(4.866124944308272+0j)
7286,01.12.2018,14:00,7.0,(5.443680165984116+0j)
7287,01.12.2018,15:00,10.0,(6.130933248752508+0j)
7288,01.12.2018,16:00,14.0,(6.858607230018604+0j)
7289,01.12.2018,17:00,8.0,(5.691454261406992+0j)
7290,01.12.2018,18:00,8.0,(5.691454261406992+0j)
7291,01.12.2018,19:00,9.0,(5.919350969396254+0j)
7292,01.12.2018,20:00,11.0,(6.32884048187752+0j)
7293,01.12.2018,21:00,8.0,(5.691454261406992+0j)
7294,01.12.2018,22:00,5.0,(4.866124944308272+0j)
7295,01.12.2018,23:00,4.0,(4.517310240893176+0j)
7296,02.12.2018,00:00,11.0,(6.32884048187752+0j)
7297,02.12.2018,01:00,5.0,(4.866124944308272+0j)
7298,02.12.2018,02:00,6.0,(5.171029370782441+0j)
7299,02.12.2018,03:00,3.0,(4.1042487314692515+0j)
7300,02.12.2018,04:00,3.0,(4.1042487314692515+0j)
7301,02.12.2018,05:00,4.0,(4.517310240893176+0j)
7302,02.12.2018,06:00,3.0,(4.1042487314692515+0j)
7303,02.12.2018,07:00,2.0,(3.585391514230274+0j)
7304,02.12.2018,08:00,1.0,(2.845727130703496+0j)
7305,02.12.2018,09:00,0.0,0j
7306,02.12.2018,10:00,0.0,0j
7307,02.12.2018,11:00,0.0,0j
7308,02.12.2018,12:00,0.0,0j
7309,02.12.2018,13:00,0.0,0j
7310,02.12.2018,14:00,0.0,0j
7311,02.12.2018,15:00,0.0,0j
7312,02.12.2018,16:00,0.0,0j
7313,02.12.2018,17:00,3.0,(4.1042487314692515+0j)
7314,02.12.2018,18:00,3.0,(4.1042487314692515+0j)
7315,02.12.2018,19:00,2.0,(3.585391514230274+0j)
7316,02.12.2018,20:00,1.0,(2.845727130703496+0j)
7317,02.12.2018,21:00,0.0,0j
7318,02.12.2018,22:00,1.0,(2.845727130703496+0j)
7319,02.12.2018,23:00,1.0,(2.845727130703496+0j)
7320,03.12.2018,00:00,1.0,(2.845727130703496+0j)
7321,03.12.2018,01:00,0.0,0j
7322,03.12.2018,02:00,0.0,0j
7323,03.12.2018,03:00,0.0,0j
7324,03.12.2018,04:00,0.0,0j
7325,03.12.2018,05:00,0.0,0j
7326,03.12.2018,06:00,0.0,0j
7327,03.12.2018,07:00,0.0,0j
7328,03.12.2018,08:00,0.0,0j
7329,03.12.2018,09:00,0.0,0j
7330,03.12.2018,10:00,0.0,0j
7331,03.12.2018,11:00,0.0,0j
7332,03.12.2018,12:00,0.0,0j
7333,03.12.2018,13:00,0.0,0j
7334,03.12.2018,14:00,0.0,0j
7335,03.12.2018,15:00,0.0,0j
7336,03.12.2018,16:00,0.0,0j
7337,03.12.2018,17:00,0.0,0j
7338,03.12.2018,18:00,1.0,(2.845727130703496+0j)
7339,03.12.2018,19:00,1.0,(2.845727130703496+0j)
7340,03.12.2018,20:00,3.0,(4.1042487314692515+0j)
7341,03.12.2018,21:00,7.0,(5.443680165984116+0j)
7342,03.12.2018,22:00,8.0,(5.691454261406992+0j)
7343,03.12.2018,23:00,8.0,(5.691454261406992+0j)
7344,04.12.2018,00:00,11.0,(6.32884048187752+0j)
7345,04.12.2018,01:00,14.0,(6.858607230018604+0j)
7346,04.12.2018,02:00,21.0,(7.851145380281553+0j)
7347,04.12.2018,03:00,13.0,(6.691256914211192+0j)
7348,04.12.2018,04:00,13.0,(6.691256914211192+0j)
7349,04.12.2018,05:00,16.0,(7.170783028460548+0j)
7350,04.12.2018,06:00,12.0,(6.515088753873438+0j)
7351,04.12.2018,07:00,12.0,(6.515088753873438+0j)
7352,04.12.2018,08:00,12.0,(6.515088753873438+0j)
7353,04.12.2018,09:00,10.0,(6.130933248752508+0j)
7354,04.12.2018,10:00,5.0,(4.866124944308272+0j)
7355,04.12.2018,11:00,12.0,(6.515088753873438+0j)
7356,04.12.2018,12:00,4.0,(4.517310240893176+0j)
7357,04.12.2018,13:00,12.0,(6.515088753873438+0j)
7358,04.12.2018,14:00,8.0,(5.691454261406992+0j)
7359,04.12.2018,15:00,11.0,(6.32884048187752+0j)
7360,04.12.2018,16:00,17.0,(7.317165783214581+0j)
7361,04.12.2018,17:00,16.0,(7.170783028460548+0j)
7362,04.12.2018,18:00,20.0,(7.724491855603646+0j)
7363,04.12.2018,19:00,24.0,(8.208497462938503+0j)
7364,04.12.2018,20:00,17.0,(7.317165783214581+0j)
7365,04.12.2018,21:00,26.0,(8.430455436469295+0j)
7366,04.12.2018,22:00,25.0,(8.320956608290626+0j)
7367,04.12.2018,23:00,25.0,(8.320956608290626+0j)
7368,05.12.2018,00:00,25.0,(8.320956608290626+0j)
7369,05.12.2018,01:00,26.0,(8.430455436469295+0j)
7370,05.12.2018,02:00,25.0,(8.320956608290626+0j)
7371,05.12.2018,03:00,27.0,(8.537181392110488+0j)
7372,05.12.2018,04:00,25.0,(8.320956608290626+0j)
7373,05.12.2018,05:00,25.0,(8.320956608290626+0j)
7374,05.12.2018,06:00,33.0,(9.127767465531983+0j)
7375,05.12.2018,07:00,36.0,(9.396383955788593+0j)
7376,05.12.2018,08:00,41.0,(9.812685353516676+0j)
7377,05.12.2018,09:00,46.0,(10.19637653715948+0j)
7378,05.12.2018,10:00,46.0,(10.19637653715948+0j)
7379,05.12.2018,11:00,41.0,(9.812685353516676+0j)
7380,05.12.2018,12:00,42.0,(9.891823330401618+0j)
7381,05.12.2018,13:00,41.0,(9.812685353516676+0j)
7382,05.12.2018,14:00,46.0,(10.19637653715948+0j)
7383,05.12.2018,15:00,42.0,(9.891823330401618+0j)
7384,05.12.2018,16:00,52.0,(10.621708264608335+0j)
7385,05.12.2018,17:00,54.0,(10.756174542690822+0j)
7386,05.12.2018,18:00,60.0,(11.140645059587433+0j)
7387,05.12.2018,19:00,60.0,(11.140645059587433+0j)
7388,05.12.2018,20:00,58.0,(11.015458675840927+0j)
7389,05.12.2018,21:00,68.0,(11.615276661700541+0j)
7390,05.12.2018,22:00,62.0,(11.263079534051261+0j)
7391,05.12.2018,23:00,64.0,(11.382908522813985+0j)
7392,06.12.2018,00:00,61.0,(11.202196833891742+0j)
7393,06.12.2018,01:00,61.0,(11.202196833891742+0j)
7394,06.12.2018,02:00,67.0,(11.55805762209552+0j)
7395,06.12.2018,03:00,67.0,(11.55805762209552+0j)
7396,06.12.2018,04:00,69.0,(11.671937444523078+0j)
7397,06.12.2018,05:00,69.0,(11.671937444523078+0j)
7398,06.12.2018,06:00,67.0,(11.55805762209552+0j)
7399,06.12.2018,07:00,65.0,(11.441888376335278+0j)
7400,06.12.2018,08:00,58.0,(11.015458675840927+0j)
7401,06.12.2018,09:00,57.0,(10.9517840818175+0j)
7402,06.12.2018,10:00,51.0,(10.5531792067093+0j)
7403,06.12.2018,11:00,63.0,(11.323311051132062+0j)
7404,06.12.2018,12:00,68.0,(11.615276661700541+0j)
7405,06.12.2018,13:00,53.0,(10.689364281461948+0j)
7406,06.12.2018,14:00,53.0,(10.689364281461948+0j)
7407,06.12.2018,15:00,54.0,(10.756174542690822+0j)
7408,06.12.2018,16:00,59.0,(11.078405520382008+0j)
7409,06.12.2018,17:00,59.0,(11.078405520382008+0j)
7410,06.12.2018,18:00,67.0,(11.55805762209552+0j)
7411,06.12.2018,19:00,68.0,(11.615276661700541+0j)
7412,06.12.2018,20:00,62.0,(11.263079534051261+0j)
7413,06.12.2018,21:00,65.0,(11.441888376335278+0j)
7414,06.12.2018,22:00,65.0,(11.441888376335278+0j)
7415,06.12.2018,23:00,57.0,(10.9517840818175+0j)
7416,07.12.2018,00:00,62.0,(11.263079534051261+0j)
7417,07.12.2018,01:00,55.0,(10.822164994364314+0j)
7418,07.12.2018,02:00,50.0,(10.483748386047209+0j)
7419,07.12.2018,03:00,57.0,(10.9517840818175+0j)
7420,07.12.2018,04:00,58.0,(11.015458675840927+0j)
7421,07.12.2018,05:00,63.0,(11.323311051132062+0j)
7422,07.12.2018,06:00,67.0,(11.55805762209552+0j)
7423,07.12.2018,07:00,60.0,(11.140645059587433+0j)
7424,07.12.2018,08:00,62.0,(11.263079534051261+0j)
7425,07.12.2018,09:00,67.0,(11.55805762209552+0j)
7426,07.12.2018,10:00,69.0,(11.671937444523078+0j)
7427,07.12.2018,11:00,69.0,(11.671937444523078+0j)
7428,07.12.2018,12:00,66.0,(11.500266368369322+0j)
7429,07.12.2018,13:00,63.0,(11.323311051132062+0j)
7430,07.12.2018,14:00,66.0,(11.500266368369322+0j)
7431,07.12.2018,15:00,65.0,(11.441888376335278+0j)
7432,07.12.2018,16:00,65.0,(11.441888376335278+0j)
7433,07.12.2018,17:00,55.0,(10.822164994364314+0j)
7434,07.12.2018,18:00,40.0,(9.732249888616542+0j)
7435,07.12.2018,19:00,56.0,(10.887360331968232+0j)
7436,07.12.2018,20:00,50.0,(10.483748386047209+0j)
7437,07.12.2018,21:00,40.0,(9.732249888616542+0j)
7438,07.12.2018,22:00,27.0,(8.537181392110488+0j)
7439,07.12.2018,23:00,18.0,(7.457914888057963+0j)
7440,08.12.2018,00:00,31.0,(8.939512150377235+0j)
7441,08.12.2018,01:00,16.0,(7.170783028460548+0j)
7442,08.12.2018,02:00,0.0,0j
7443,08.12.2018,03:00,0.0,0j
7444,08.12.2018,04:00,0.0,0j
7445,08.12.2018,05:00,0.0,0j
7446,08.12.2018,06:00,0.0,0j
7447,08.12.2018,07:00,0.0,0j
7448,08.12.2018,08:00,0.0,0j
7449,08.12.2018,09:00,0.0,0j
7450,08.12.2018,10:00,0.0,0j
7451,08.12.2018,11:00,0.0,0j
7452,08.12.2018,12:00,0.0,0j
7453,08.12.2018,13:00,0.0,0j
7454,08.12.2018,14:00,0.0,0j
7455,08.12.2018,15:00,0.0,0j
7456,08.12.2018,16:00,0.0,0j
7457,08.12.2018,17:00,3.0,(4.1042487314692515+0j)
7458,08.12.2018,18:00,3.0,(4.1042487314692515+0j)
7459,08.12.2018,19:00,4.0,(4.517310240893176+0j)
7460,08.12.2018,20:00,3.0,(4.1042487314692515+0j)
7461,08.12.2018,21:00,4.0,(4.517310240893176+0j)
7462,08.12.2018,22:00,6.0,(5.171029370782441+0j)
7463,08.12.2018,23:00,11.0,(6.32884048187752+0j)
7464,09.12.2018,00:00,28.0,(8.641303622061608+0j)
7465,09.12.2018,01:00,40.0,(9.732249888616542+0j)
7466,09.12.2018,02:00,25.0,(8.320956608290626+0j)
7467,09.12.2018,03:00,19.0,(7.593542967381978+0j)
7468,09.12.2018,04:00,7.0,(5.443680165984116+0j)
7469,09.12.2018,05:00,16.0,(7.170783028460548+0j)
7470,09.12.2018,06:00,20.0,(7.724491855603646+0j)
7471,09.12.2018,07:00,25.0,(8.320956608290626+0j)
7472,09.12.2018,08:00,33.0,(9.127767465531983+0j)
7473,09.12.2018,09:00,35.0,(9.308562145233848+0j)
7474,09.12.2018,10:00,19.0,(7.593542967381978+0j)
7475,09.12.2018,11:00,26.0,(8.430455436469295+0j)
7476,09.12.2018,12:00,25.0,(8.320956608290626+0j)
7477,09.12.2018,13:00,19.0,(7.593542967381978+0j)
7478,09.12.2018,14:00,43.0,(9.969714910096506+0j)
7479,09.12.2018,15:00,33.0,(9.127767465531983+0j)
7480,09.12.2018,16:00,26.0,(8.430455436469295+0j)
7481,09.12.2018,17:00,8.0,(5.691454261406992+0j)
7482,09.12.2018,18:00,15.0,(7.018166609990766+0j)
7483,09.12.2018,19:00,20.0,(7.724491855603646+0j)
7484,09.12.2018,20:00,15.0,(7.018166609990766+0j)
7485,09.12.2018,21:00,15.0,(7.018166609990766+0j)
7486,09.12.2018,22:00,21.0,(7.851145380281553+0j)
7487,09.12.2018,23:00,14.0,(6.858607230018604+0j)
7488,10.12.2018,00:00,19.0,(7.593542967381978+0j)
7489,10.12.2018,01:00,27.0,(8.537181392110488+0j)
7490,10.12.2018,02:00,26.0,(8.430455436469295+0j)
7491,10.12.2018,03:00,19.0,(7.593542967381978+0j)
7492,10.12.2018,04:00,21.0,(7.851145380281553+0j)
7493,10.12.2018,05:00,26.0,(8.430455436469295+0j)
7494,10.12.2018,06:00,49.0,(10.41338553855059+0j)
7495,10.12.2018,07:00,40.0,(9.732249888616542+0j)
7496,10.12.2018,08:00,37.0,(9.482594128751929+0j)
7497,10.12.2018,09:00,30.0,(8.84233584359671+0j)
7498,10.12.2018,10:00,29.0,(8.74297534497106+0j)
7499,10.12.2018,11:00,47.0,(10.269734286241032+0j)
7500,10.12.2018,12:00,50.0,(10.483748386047209+0j)
7501,10.12.2018,13:00,60.0,(11.140645059587433+0j)
7502,10.12.2018,14:00,65.0,(11.441888376335278+0j)
7503,10.12.2018,15:00,30.0,(8.84233584359671+0j)
7504,10.12.2018,16:00,30.0,(8.84233584359671+0j)
7505,10.12.2018,17:00,56.0,(10.887360331968232+0j)
7506,10.12.2018,18:00,32.0,(9.034620481786352+0j)
7507,10.12.2018,19:00,48.0,(10.34205874156488+0j)
7508,10.12.2018,20:00,21.0,(7.851145380281553+0j)
7509,10.12.2018,21:00,28.0,(8.641303622061608+0j)
7510,10.12.2018,22:00,18.0,(7.457914888057963+0j)
7511,10.12.2018,23:00,4.0,(4.517310240893176+0j)
7512,11.12.2018,00:00,11.0,(6.32884048187752+0j)
7513,11.12.2018,01:00,1.0,(2.845727130703496+0j)
7514,11.12.2018,02:00,1.0,(2.845727130703496+0j)
7515,11.12.2018,03:00,5.0,(4.866124944308272+0j)
7516,11.12.2018,04:00,3.0,(4.1042487314692515+0j)
7517,11.12.2018,05:00,2.0,(3.585391514230274+0j)
7518,11.12.2018,06:00,1.0,(2.845727130703496+0j)
7519,11.12.2018,07:00,0.0,0j
7520,11.12.2018,08:00,0.0,0j
7521,11.12.2018,09:00,0.0,0j
7522,11.12.2018,10:00,0.0,0j
7523,11.12.2018,11:00,2.0,(3.585391514230274+0j)
7524,11.12.2018,12:00,0.0,0j
7525,11.12.2018,13:00,0.0,0j
7526,11.12.2018,14:00,0.0,0j
7527,11.12.2018,15:00,0.0,0j
7528,11.12.2018,16:00,0.0,0j
7529,11.12.2018,17:00,0.0,0j
7530,11.12.2018,18:00,0.0,0j
7531,11.12.2018,19:00,0.0,0j
7532,11.12.2018,20:00,0.0,0j
7533,11.12.2018,21:00,0.0,0j
7534,11.12.2018,22:00,0.0,0j
7535,11.12.2018,23:00,0.0,0j
7536,12.12.2018,00:00,0.0,0j
7537,12.12.2018,01:00,0.0,0j
7538,12.12.2018,02:00,3.0,(4.1042487314692515+0j)
7539,12.12.2018,03:00,0.0,0j
7540,12.12.2018,04:00,0.0,0j
7541,12.12.2018,05:00,0.0,0j
7542,12.12.2018,06:00,1.0,(2.845727130703496+0j)
7543,12.12.2018,07:00,1.0,(2.845727130703496+0j)
7544,12.12.2018,08:00,0.0,0j
7545,12.12.2018,09:00,5.0,(4.866124944308272+0j)
7546,12.12.2018,10:00,1.0,(2.845727130703496+0j)
7547,12.12.2018,11:00,1.0,(2.845727130703496+0j)
7548,12.12.2018,12:00,2.0,(3.585391514230274+0j)
7549,12.12.2018,13:00,5.0,(4.866124944308272+0j)
7550,12.12.2018,14:00,0.0,0j
7551,12.12.2018,15:00,0.0,0j
7552,12.12.2018,16:00,0.0,0j
7553,12.12.2018,17:00,0.0,0j
7554,12.12.2018,18:00,0.0,0j
7555,12.12.2018,19:00,0.0,0j
7556,12.12.2018,20:00,0.0,0j
7557,12.12.2018,21:00,0.0,0j
7558,12.12.2018,22:00,0.0,0j
7559,12.12.2018,23:00,0.0,0j
7560,13.12.2018,00:00,0.0,0j
7561,13.12.2018,01:00,0.0,0j
7562,13.12.2018,02:00,0.0,0j
7563,13.12.2018,03:00,0.0,0j
7564,13.12.2018,04:00,5.0,(4.866124944308272+0j)
7565,13.12.2018,05:00,3.0,(4.1042487314692515+0j)
7566,13.12.2018,06:00,7.0,(5.443680165984116+0j)
7567,13.12.2018,07:00,6.0,(5.171029370782441+0j)
7568,13.12.2018,08:00,6.0,(5.171029370782441+0j)
7569,13.12.2018,09:00,4.0,(4.517310240893176+0j)
7570,13.12.2018,10:00,5.0,(4.866124944308272+0j)
7571,13.12.2018,11:00,2.0,(3.585391514230274+0j)
7572,13.12.2018,12:00,2.0,(3.585391514230274+0j)
7573,13.12.2018,13:00,4.0,(4.517310240893176+0j)
7574,13.12.2018,14:00,4.0,(4.517310240893176+0j)
7575,13.12.2018,15:00,8.0,(5.691454261406992+0j)
7576,13.12.2018,16:00,17.0,(7.317165783214581+0j)
7577,13.12.2018,17:00,26.0,(8.430455436469295+0j)
7578,13.12.2018,18:00,22.0,(7.9738393445443+0j)
7579,13.12.2018,19:00,23.0,(8.092869420675413+0j)
7580,13.12.2018,20:00,18.0,(7.457914888057963+0j)
7581,13.12.2018,21:00,20.0,(7.724491855603646+0j)
7582,13.12.2018,22:00,12.0,(6.515088753873438+0j)
7583,13.12.2018,23:00,6.0,(5.171029370782441+0j)
7584,14.12.2018,00:00,3.0,(4.1042487314692515+0j)
7585,14.12.2018,01:00,4.0,(4.517310240893176+0j)
7586,14.12.2018,02:00,3.0,(4.1042487314692515+0j)
7587,14.12.2018,03:00,5.0,(4.866124944308272+0j)
7588,14.12.2018,04:00,5.0,(4.866124944308272+0j)
7589,14.12.2018,05:00,5.0,(4.866124944308272+0j)
7590,14.12.2018,06:00,17.0,(7.317165783214581+0j)
7591,14.12.2018,07:00,7.0,(5.443680165984116+0j)
7592,14.12.2018,08:00,12.0,(6.515088753873438+0j)
7593,14.12.2018,09:00,18.0,(7.457914888057963+0j)
7594,14.12.2018,10:00,23.0,(8.092869420675413+0j)
7595,14.12.2018,11:00,26.0,(8.430455436469295+0j)
7596,14.12.2018,12:00,14.0,(6.858607230018604+0j)
7597,14.12.2018,13:00,11.0,(6.32884048187752+0j)
7598,14.12.2018,14:00,16.0,(7.170783028460548+0j)
7599,14.12.2018,15:00,20.0,(7.724491855603646+0j)
7600,14.12.2018,16:00,14.0,(6.858607230018604+0j)
7601,14.12.2018,17:00,21.0,(7.851145380281553+0j)
7602,14.12.2018,18:00,28.0,(8.641303622061608+0j)
7603,14.12.2018,19:00,24.0,(8.208497462938503+0j)
7604,14.12.2018,20:00,34.0,(9.219051195842558+0j)
7605,14.12.2018,21:00,35.0,(9.308562145233848+0j)
7606,14.12.2018,22:00,29.0,(8.74297534497106+0j)
7607,14.12.2018,23:00,31.0,(8.939512150377235+0j)
7608,15.12.2018,00:00,38.0,(9.567264627885733+0j)
7609,15.12.2018,01:00,42.0,(9.891823330401618+0j)
7610,15.12.2018,02:00,37.0,(9.482594128751929+0j)
7611,15.12.2018,03:00,41.0,(9.812685353516676+0j)
7612,15.12.2018,04:00,41.0,(9.812685353516676+0j)
7613,15.12.2018,05:00,49.0,(10.41338553855059+0j)
7614,15.12.2018,06:00,49.0,(10.41338553855059+0j)
7615,15.12.2018,07:00,43.0,(9.969714910096506+0j)
7616,15.12.2018,08:00,41.0,(9.812685353516676+0j)
7617,15.12.2018,09:00,33.0,(9.127767465531983+0j)
7618,15.12.2018,10:00,43.0,(9.969714910096506+0j)
7619,15.12.2018,11:00,47.0,(10.269734286241032+0j)
7620,15.12.2018,12:00,34.0,(9.219051195842558+0j)
7621,15.12.2018,13:00,45.0,(10.121947777604984+0j)
7622,15.12.2018,14:00,21.0,(7.851145380281553+0j)
7623,15.12.2018,15:00,21.0,(7.851145380281553+0j)
7624,15.12.2018,16:00,17.0,(7.317165783214581+0j)
7625,15.12.2018,17:00,20.0,(7.724491855603646+0j)
7626,15.12.2018,18:00,40.0,(9.732249888616542+0j)
7627,15.12.2018,19:00,40.0,(9.732249888616542+0j)
7628,15.12.2018,20:00,31.0,(8.939512150377235+0j)
7629,15.12.2018,21:00,37.0,(9.482594128751929+0j)
7630,15.12.2018,22:00,31.0,(8.939512150377235+0j)
7631,15.12.2018,23:00,39.0,(9.650462409337567+0j)
7632,16.12.2018,00:00,44.0,(10.0464080386713+0j)
7633,16.12.2018,01:00,22.0,(7.9738393445443+0j)
7634,16.12.2018,02:00,41.0,(9.812685353516676+0j)
7635,16.12.2018,03:00,13.0,(6.691256914211192+0j)
7636,16.12.2018,04:00,6.0,(5.171029370782441+0j)
7637,16.12.2018,05:00,44.0,(10.0464080386713+0j)
7638,16.12.2018,06:00,28.0,(8.641303622061608+0j)
7639,16.12.2018,07:00,42.0,(9.891823330401618+0j)
7640,16.12.2018,08:00,61.0,(11.202196833891742+0j)
7641,16.12.2018,09:00,60.0,(11.140645059587433+0j)
7642,16.12.2018,10:00,60.0,(11.140645059587433+0j)
7643,16.12.2018,11:00,57.0,(10.9517840818175+0j)
7644,16.12.2018,12:00,53.0,(10.689364281461948+0j)
7645,16.12.2018,13:00,30.0,(8.84233584359671+0j)
7646,16.12.2018,14:00,7.0,(5.443680165984116+0j)
7647,16.12.2018,15:00,8.0,(5.691454261406992+0j)
7648,16.12.2018,16:00,20.0,(7.724491855603646+0j)
7649,16.12.2018,17:00,38.0,(9.567264627885733+0j)
7650,16.12.2018,18:00,27.0,(8.537181392110488+0j)
7651,16.12.2018,19:00,16.0,(7.170783028460548+0j)
7652,16.12.2018,20:00,12.0,(6.515088753873438+0j)
7653,16.12.2018,21:00,0.0,0j
7654,16.12.2018,22:00,7.0,(5.443680165984116+0j)
7655,16.12.2018,23:00,4.0,(4.517310240893176+0j)
7656,17.12.2018,00:00,2.0,(3.585391514230274+0j)
7657,17.12.2018,01:00,0.0,0j
7658,17.12.2018,02:00,1.0,(2.845727130703496+0j)
7659,17.12.2018,03:00,0.0,0j
7660,17.12.2018,04:00,0.0,0j
7661,17.12.2018,05:00,0.0,0j
7662,17.12.2018,06:00,0.0,0j
7663,17.12.2018,07:00,0.0,0j
7664,17.12.2018,08:00,0.0,0j
7665,17.12.2018,09:00,0.0,0j
7666,17.12.2018,10:00,0.0,0j
7667,17.12.2018,11:00,0.0,0j
7668,17.12.2018,12:00,0.0,0j
7669,17.12.2018,13:00,1.0,(2.845727130703496+0j)
7670,17.12.2018,14:00,7.0,(5.443680165984116+0j)
7671,17.12.2018,15:00,4.0,(4.517310240893176+0j)
7672,17.12.2018,16:00,4.0,(4.517310240893176+0j)
7673,17.12.2018,17:00,10.0,(6.130933248752508+0j)
7674,17.12.2018,18:00,8.0,(5.691454261406992+0j)
7675,17.12.2018,19:00,5.0,(4.866124944308272+0j)
7676,17.12.2018,20:00,1.0,(2.845727130703496+0j)
7677,17.12.2018,21:00,0.0,0j
7678,17.12.2018,22:00,0.0,0j
7679,17.12.2018,23:00,0.0,0j
7680,18.12.2018,00:00,0.0,0j
7681,18.12.2018,01:00,0.0,0j
7682,18.12.2018,02:00,0.0,0j
7683,18.12.2018,03:00,3.0,(4.1042487314692515+0j)
7684,18.12.2018,04:00,2.0,(3.585391514230274+0j)
7685,18.12.2018,05:00,5.0,(4.866124944308272+0j)
7686,18.12.2018,06:00,6.0,(5.171029370782441+0j)
7687,18.12.2018,07:00,7.0,(5.443680165984116+0j)
7688,18.12.2018,08:00,6.0,(5.171029370782441+0j)
7689,18.12.2018,09:00,7.0,(5.443680165984116+0j)
7690,18.12.2018,10:00,4.0,(4.517310240893176+0j)
7691,18.12.2018,11:00,8.0,(5.691454261406992+0j)
7692,18.12.2018,12:00,6.0,(5.171029370782441+0j)
7693,18.12.2018,13:00,3.0,(4.1042487314692515+0j)
7694,18.12.2018,14:00,1.0,(2.845727130703496+0j)
7695,18.12.2018,15:00,5.0,(4.866124944308272+0j)
7696,18.12.2018,16:00,19.0,(7.593542967381978+0j)
7697,18.12.2018,17:00,13.0,(6.691256914211192+0j)
7698,18.12.2018,18:00,10.0,(6.130933248752508+0j)
7699,18.12.2018,19:00,14.0,(6.858607230018604+0j)
7700,18.12.2018,20:00,14.0,(6.858607230018604+0j)
7701,18.12.2018,21:00,21.0,(7.851145380281553+0j)
7702,18.12.2018,22:00,53.0,(10.689364281461948+0j)
7703,18.12.2018,23:00,47.0,(10.269734286241032+0j)
7704,19.12.2018,00:00,54.0,(10.756174542690822+0j)
7705,19.12.2018,01:00,51.0,(10.5531792067093+0j)
7706,19.12.2018,02:00,55.0,(10.822164994364314+0j)
7707,19.12.2018,03:00,56.0,(10.887360331968232+0j)
7708,19.12.2018,04:00,53.0,(10.689364281461948+0j)
7709,19.12.2018,05:00,57.0,(10.9517840818175+0j)
7710,19.12.2018,06:00,62.0,(11.263079534051261+0j)
7711,19.12.2018,07:00,62.0,(11.263079534051261+0j)
7712,19.12.2018,08:00,67.0,(11.55805762209552+0j)
7713,19.12.2018,09:00,67.0,(11.55805762209552+0j)
7714,19.12.2018,10:00,65.0,(11.441888376335278+0j)
7715,19.12.2018,11:00,66.0,(11.500266368369322+0j)
7716,19.12.2018,12:00,67.0,(11.55805762209552+0j)
7717,19.12.2018,13:00,68.0,(11.615276661700541+0j)
7718,19.12.2018,14:00,64.0,(11.382908522813985+0j)
7719,19.12.2018,15:00,64.0,(11.382908522813985+0j)
7720,19.12.2018,16:00,66.0,(11.500266368369322+0j)
7721,19.12.2018,17:00,69.0,(11.671937444523078+0j)
7722,19.12.2018,18:00,68.0,(11.615276661700541+0j)
7723,19.12.2018,19:00,66.0,(11.500266368369322+0j)
7724,19.12.2018,20:00,63.0,(11.323311051132062+0j)
7725,19.12.2018,21:00,64.0,(11.382908522813985+0j)
7726,19.12.2018,22:00,63.0,(11.323311051132062+0j)
7727,19.12.2018,23:00,60.0,(11.140645059587433+0j)
7728,20.12.2018,00:00,62.0,(11.263079534051261+0j)
7729,20.12.2018,01:00,61.0,(11.202196833891742+0j)
7730,20.12.2018,02:00,57.0,(10.9517840818175+0j)
7731,20.12.2018,03:00,63.0,(11.323311051132062+0j)
7732,20.12.2018,04:00,49.0,(10.41338553855059+0j)
7733,20.12.2018,05:00,51.0,(10.5531792067093+0j)
7734,20.12.2018,06:00,54.0,(10.756174542690822+0j)
7735,20.12.2018,07:00,58.0,(11.015458675840927+0j)
7736,20.12.2018,08:00,48.0,(10.34205874156488+0j)
7737,20.12.2018,09:00,48.0,(10.34205874156488+0j)
7738,20.12.2018,10:00,37.0,(9.482594128751929+0j)
7739,20.12.2018,11:00,19.0,(7.593542967381978+0j)
7740,20.12.2018,12:00,20.0,(7.724491855603646+0j)
7741,20.12.2018,13:00,20.0,(7.724491855603646+0j)
7742,20.12.2018,14:00,38.0,(9.567264627885733+0j)
7743,20.12.2018,15:00,20.0,(7.724491855603646+0j)
7744,20.12.2018,16:00,31.0,(8.939512150377235+0j)
7745,20.12.2018,17:00,15.0,(7.018166609990766+0j)
7746,20.12.2018,18:00,12.0,(6.515088753873438+0j)
7747,20.12.2018,19:00,4.0,(4.517310240893176+0j)
7748,20.12.2018,20:00,3.0,(4.1042487314692515+0j)
7749,20.12.2018,21:00,2.0,(3.585391514230274+0j)
7750,20.12.2018,22:00,4.0,(4.517310240893176+0j)
7751,20.12.2018,23:00,4.0,(4.517310240893176+0j)
7752,21.12.2018,00:00,3.0,(4.1042487314692515+0j)
7753,21.12.2018,01:00,2.0,(3.585391514230274+0j)
7754,21.12.2018,02:00,4.0,(4.517310240893176+0j)
7755,21.12.2018,03:00,1.0,(2.845727130703496+0j)
7756,21.12.2018,04:00,0.0,0j
7757,21.12.2018,05:00,0.0,0j
7758,21.12.2018,06:00,0.0,0j
7759,21.12.2018,07:00,0.0,0j
7760,21.12.2018,08:00,0.0,0j
7761,21.12.2018,09:00,1.0,(2.845727130703496+0j)
7762,21.12.2018,10:00,0.0,0j
7763,21.12.2018,11:00,0.0,0j
7764,21.12.2018,12:00,0.0,0j
7765,21.12.2018,13:00,0.0,0j
7766,21.12.2018,14:00,0.0,0j
7767,21.12.2018,15:00,0.0,0j
7768,21.12.2018,16:00,1.0,(2.845727130703496+0j)
7769,21.12.2018,17:00,0.0,0j
7770,21.12.2018,18:00,5.0,(4.866124944308272+0j)
7771,21.12.2018,19:00,2.0,(3.585391514230274+0j)
7772,21.12.2018,20:00,3.0,(4.1042487314692515+0j)
7773,21.12.2018,21:00,0.0,0j
7774,21.12.2018,22:00,0.0,0j
7775,21.12.2018,23:00,0.0,0j
7776,22.12.2018,00:00,0.0,0j
7777,22.12.2018,01:00,0.0,0j
7778,22.12.2018,02:00,0.0,0j
7779,22.12.2018,03:00,0.0,0j
7780,22.12.2018,04:00,0.0,0j
7781,22.12.2018,05:00,0.0,0j
7782,22.12.2018,06:00,0.0,0j
7783,22.12.2018,07:00,0.0,0j
7784,22.12.2018,08:00,0.0,0j
7785,22.12.2018,09:00,0.0,0j
7786,22.12.2018,10:00,1.0,(2.845727130703496+0j)
7787,22.12.2018,11:00,1.0,(2.845727130703496+0j)
7788,22.12.2018,12:00,0.0,0j
7789,22.12.2018,13:00,0.0,0j
7790,22.12.2018,14:00,0.0,0j
7791,22.12.2018,15:00,0.0,0j
7792,22.12.2018,16:00,0.0,0j
7793,22.12.2018,17:00,0.0,0j
7794,22.12.2018,18:00,0.0,0j
7795,22.12.2018,19:00,0.0,0j
7796,22.12.2018,20:00,0.0,0j
7797,22.12.2018,21:00,0.0,0j
7798,22.12.2018,22:00,1.0,(2.845727130703496+0j)
7799,22.12.2018,23:00,2.0,(3.585391514230274+0j)
7800,23.12.2018,00:00,5.0,(4.866124944308272+0j)
7801,23.12.2018,01:00,9.0,(5.919350969396254+0j)
7802,23.12.2018,02:00,10.0,(6.130933248752508+0j)
7803,23.12.2018,03:00,15.0,(7.018166609990766+0j)
7804,23.12.2018,04:00,8.0,(5.691454261406992+0j)
7805,23.12.2018,05:00,9.0,(5.919350969396254+0j)
7806,23.12.2018,06:00,2.0,(3.585391514230274+0j)
7807,23.12.2018,07:00,0.0,0j
7808,23.12.2018,08:00,4.0,(4.517310240893176+0j)
7809,23.12.2018,09:00,3.0,(4.1042487314692515+0j)
7810,23.12.2018,10:00,0.0,0j
7811,23.12.2018,11:00,0.0,0j
7812,23.12.2018,12:00,0.0,0j
7813,23.12.2018,13:00,0.0,0j
7814,23.12.2018,14:00,0.0,0j
7815,23.12.2018,15:00,0.0,0j
7816,23.12.2018,16:00,0.0,0j
7817,23.12.2018,17:00,0.0,0j
7818,23.12.2018,18:00,0.0,0j
7819,23.12.2018,19:00,0.0,0j
7820,23.12.2018,20:00,0.0,0j
7821,23.12.2018,21:00,0.0,0j
7822,23.12.2018,22:00,0.0,0j
7823,23.12.2018,23:00,0.0,0j
7824,24.12.2018,00:00,0.0,0j
7825,24.12.2018,01:00,0.0,0j
7826,24.12.2018,02:00,0.0,0j
7827,24.12.2018,03:00,0.0,0j
7828,24.12.2018,04:00,3.0,(4.1042487314692515+0j)
7829,24.12.2018,05:00,1.0,(2.845727130703496+0j)
7830,24.12.2018,06:00,1.0,(2.845727130703496+0j)
7831,24.12.2018,07:00,4.0,(4.517310240893176+0j)
7832,24.12.2018,08:00,8.0,(5.691454261406992+0j)
7833,24.12.2018,09:00,17.0,(7.317165783214581+0j)
7834,24.12.2018,10:00,12.0,(6.515088753873438+0j)
7835,24.12.2018,11:00,8.0,(5.691454261406992+0j)
7836,24.12.2018,12:00,11.0,(6.32884048187752+0j)
7837,24.12.2018,13:00,17.0,(7.317165783214581+0j)
7838,24.12.2018,14:00,24.0,(8.208497462938503+0j)
7839,24.12.2018,15:00,28.0,(8.641303622061608+0j)
7840,24.12.2018,16:00,50.0,(10.483748386047209+0j)
7841,24.12.2018,17:00,63.0,(11.323311051132062+0j)
7842,24.12.2018,18:00,57.0,(10.9517840818175+0j)
7843,24.12.2018,19:00,65.0,(11.441888376335278+0j)
7844,24.12.2018,20:00,50.0,(10.483748386047209+0j)
7845,24.12.2018,21:00,52.0,(10.621708264608335+0j)
7846,24.12.2018,22:00,67.0,(11.55805762209552+0j)
7847,24.12.2018,23:00,69.0,(11.671937444523078+0j)
7848,25.12.2018,00:00,64.0,(11.382908522813985+0j)
7849,25.12.2018,01:00,61.0,(11.202196833891742+0j)
7850,25.12.2018,02:00,42.0,(9.891823330401618+0j)
7851,25.12.2018,03:00,66.0,(11.500266368369322+0j)
7852,25.12.2018,04:00,63.0,(11.323311051132062+0j)
7853,25.12.2018,05:00,48.0,(10.34205874156488+0j)
7854,25.12.2018,06:00,28.0,(8.641303622061608+0j)
7855,25.12.2018,07:00,27.0,(8.537181392110488+0j)
7856,25.12.2018,08:00,58.0,(11.015458675840927+0j)
7857,25.12.2018,09:00,62.0,(11.263079534051261+0j)
7858,25.12.2018,10:00,58.0,(11.015458675840927+0j)
7859,25.12.2018,11:00,62.0,(11.263079534051261+0j)
7860,25.12.2018,12:00,62.0,(11.263079534051261+0j)
7861,25.12.2018,13:00,62.0,(11.263079534051261+0j)
7862,25.12.2018,14:00,62.0,(11.263079534051261+0j)
7863,25.12.2018,15:00,65.0,(11.441888376335278+0j)
7864,25.12.2018,16:00,65.0,(11.441888376335278+0j)
7865,25.12.2018,17:00,65.0,(11.441888376335278+0j)
7866,25.12.2018,18:00,68.0,(11.615276661700541+0j)
7867,25.12.2018,19:00,60.0,(11.140645059587433+0j)
7868,25.12.2018,20:00,62.0,(11.263079534051261+0j)
7869,25.12.2018,21:00,50.0,(10.483748386047209+0j)
7870,25.12.2018,22:00,64.0,(11.382908522813985+0j)
7871,25.12.2018,23:00,50.0,(10.483748386047209+0j)
7872,26.12.2018,00:00,61.0,(11.202196833891742+0j)
7873,26.12.2018,01:00,60.0,(11.140645059587433+0j)
7874,26.12.2018,02:00,64.0,(11.382908522813985+0j)
7875,26.12.2018,03:00,50.0,(10.483748386047209+0j)
7876,26.12.2018,04:00,53.0,(10.689364281461948+0j)
7877,26.12.2018,05:00,67.0,(11.55805762209552+0j)
7878,26.12.2018,06:00,65.0,(11.441888376335278+0j)
7879,26.12.2018,07:00,63.0,(11.323311051132062+0j)
7880,26.12.2018,08:00,55.0,(10.822164994364314+0j)
7881,26.12.2018,09:00,53.0,(10.689364281461948+0j)
7882,26.12.2018,10:00,57.0,(10.9517840818175+0j)
7883,26.12.2018,11:00,68.0,(11.615276661700541+0j)
7884,26.12.2018,12:00,59.0,(11.078405520382008+0j)
7885,26.12.2018,13:00,63.0,(11.323311051132062+0j)
7886,26.12.2018,14:00,65.0,(11.441888376335278+0j)
7887,26.12.2018,15:00,63.0,(11.323311051132062+0j)
7888,26.12.2018,16:00,65.0,(11.441888376335278+0j)
7889,26.12.2018,17:00,60.0,(11.140645059587433+0j)
7890,26.12.2018,18:00,64.0,(11.382908522813985+0j)
7891,26.12.2018,19:00,66.0,(11.500266368369322+0j)
7892,26.12.2018,20:00,59.0,(11.078405520382008+0j)
7893,26.12.2018,21:00,62.0,(11.263079534051261+0j)
7894,26.12.2018,22:00,60.0,(11.140645059587433+0j)
7895,26.12.2018,23:00,38.0,(9.567264627885733+0j)
7896,27.12.2018,00:00,54.0,(10.756174542690822+0j)
7897,27.12.2018,01:00,55.0,(10.822164994364314+0j)
7898,27.12.2018,02:00,54.0,(10.756174542690822+0j)
7899,27.12.2018,03:00,52.0,(10.621708264608335+0j)
7900,27.12.2018,04:00,37.0,(9.482594128751929+0j)
7901,27.12.2018,05:00,59.0,(11.078405520382008+0j)
7902,27.12.2018,06:00,61.0,(11.202196833891742+0j)
7903,27.12.2018,07:00,56.0,(10.887360331968232+0j)
7904,27.12.2018,08:00,57.0,(10.9517840818175+0j)
7905,27.12.2018,09:00,55.0,(10.822164994364314+0j)
7906,27.12.2018,10:00,46.0,(10.19637653715948+0j)
7907,27.12.2018,11:00,38.0,(9.567264627885733+0j)
7908,27.12.2018,12:00,35.0,(9.308562145233848+0j)
7909,27.12.2018,13:00,46.0,(10.19637653715948+0j)
7910,27.12.2018,14:00,46.0,(10.19637653715948+0j)
7911,27.12.2018,15:00,44.0,(10.0464080386713+0j)
7912,27.12.2018,16:00,39.0,(9.650462409337567+0j)
7913,27.12.2018,17:00,35.0,(9.308562145233848+0j)
7914,27.12.2018,18:00,50.0,(10.483748386047209+0j)
7915,27.12.2018,19:00,45.0,(10.121947777604984+0j)
7916,27.12.2018,20:00,57.0,(10.9517840818175+0j)
7917,27.12.2018,21:00,50.0,(10.483748386047209+0j)
7918,27.12.2018,22:00,34.0,(9.219051195842558+0j)
7919,27.12.2018,23:00,38.0,(9.567264627885733+0j)
7920,28.12.2018,00:00,47.0,(10.269734286241032+0j)
7921,28.12.2018,01:00,48.0,(10.34205874156488+0j)
7922,28.12.2018,02:00,47.0,(10.269734286241032+0j)
7923,28.12.2018,03:00,50.0,(10.483748386047209+0j)
7924,28.12.2018,04:00,54.0,(10.756174542690822+0j)
7925,28.12.2018,05:00,33.0,(9.127767465531983+0j)
7926,28.12.2018,06:00,30.0,(8.84233584359671+0j)
7927,28.12.2018,07:00,29.0,(8.74297534497106+0j)
7928,28.12.2018,08:00,24.0,(8.208497462938503+0j)
7929,28.12.2018,09:00,14.0,(6.858607230018604+0j)
7930,28.12.2018,10:00,9.0,(5.919350969396254+0j)
7931,28.12.2018,11:00,9.0,(5.919350969396254+0j)
7932,28.12.2018,12:00,11.0,(6.32884048187752+0j)
7933,28.12.2018,13:00,17.0,(7.317165783214581+0j)
7934,28.12.2018,14:00,34.0,(9.219051195842558+0j)
7935,28.12.2018,15:00,30.0,(8.84233584359671+0j)
7936,28.12.2018,16:00,30.0,(8.84233584359671+0j)
7937,28.12.2018,17:00,19.0,(7.593542967381978+0j)
7938,28.12.2018,18:00,27.0,(8.537181392110488+0j)
7939,28.12.2018,19:00,20.0,(7.724491855603646+0j)
7940,28.12.2018,20:00,22.0,(7.9738393445443+0j)
7941,28.12.2018,21:00,13.0,(6.691256914211192+0j)
7942,28.12.2018,22:00,6.0,(5.171029370782441+0j)
7943,28.12.2018,23:00,2.0,(3.585391514230274+0j)
7944,29.12.2018,00:00,0.0,0j
7945,29.12.2018,01:00,0.0,0j
7946,29.12.2018,02:00,0.0,0j
7947,29.12.2018,03:00,0.0,0j
7948,29.12.2018,04:00,0.0,0j
7949,29.12.2018,05:00,0.0,0j
7950,29.12.2018,06:00,0.0,0j
7951,29.12.2018,07:00,0.0,0j
7952,29.12.2018,08:00,0.0,0j
7953,29.12.2018,09:00,0.0,0j
7954,29.12.2018,10:00,0.0,0j
7955,29.12.2018,11:00,0.0,0j
7956,29.12.2018,12:00,0.0,0j
7957,29.12.2018,13:00,0.0,0j
7958,29.12.2018,14:00,0.0,0j
7959,29.12.2018,15:00,0.0,0j
7960,29.12.2018,16:00,0.0,0j
7961,29.12.2018,17:00,2.0,(3.585391514230274+0j)
7962,29.12.2018,18:00,8.0,(5.691454261406992+0j)
7963,29.12.2018,19:00,10.0,(6.130933248752508+0j)
7964,29.12.2018,20:00,7.0,(5.443680165984116+0j)
7965,29.12.2018,21:00,15.0,(7.018166609990766+0j)
7966,29.12.2018,22:00,20.0,(7.724491855603646+0j)
7967,29.12.2018,23:00,11.0,(6.32884048187752+0j)
7968,30.12.2018,00:00,13.0,(6.691256914211192+0j)
7969,30.12.2018,01:00,25.0,(8.320956608290626+0j)
7970,30.12.2018,02:00,27.0,(8.537181392110488+0j)
7971,30.12.2018,03:00,34.0,(9.219051195842558+0j)
7972,30.12.2018,04:00,31.0,(8.939512150377235+0j)
7973,30.12.2018,05:00,44.0,(10.0464080386713+0j)
7974,30.12.2018,06:00,41.0,(9.812685353516676+0j)
7975,30.12.2018,07:00,40.0,(9.732249888616542+0j)
7976,30.12.2018,08:00,31.0,(8.939512150377235+0j)
7977,30.12.2018,09:00,9.0,(5.919350969396254+0j)
7978,30.12.2018,10:00,4.0,(4.517310240893176+0j)
7979,30.12.2018,11:00,2.0,(3.585391514230274+0j)
7980,30.12.2018,12:00,3.0,(4.1042487314692515+0j)
7981,30.12.2018,13:00,2.0,(3.585391514230274+0j)
7982,30.12.2018,14:00,0.0,0j
7983,30.12.2018,15:00,2.0,(3.585391514230274+0j)
7984,30.12.2018,16:00,11.0,(6.32884048187752+0j)
7985,30.12.2018,17:00,8.0,(5.691454261406992+0j)
7986,30.12.2018,18:00,10.0,(6.130933248752508+0j)
7987,30.12.2018,19:00,11.0,(6.32884048187752+0j)
7988,30.12.2018,20:00,7.0,(5.443680165984116+0j)
7989,30.12.2018,21:00,6.0,(5.171029370782441+0j)
7990,30.12.2018,22:00,3.0,(4.1042487314692515+0j)
7991,30.12.2018,23:00,0.0,0j
7992,31.12.2018,00:00,1.0,(2.845727130703496+0j)
7993,31.12.2018,01:00,1.0,(2.845727130703496+0j)
7994,31.12.2018,02:00,2.0,(3.585391514230274+0j)
7995,31.12.2018,03:00,1.0,(2.845727130703496+0j)
7996,31.12.2018,04:00,0.0,0j
7997,31.12.2018,05:00,3.0,(4.1042487314692515+0j)
7998,31.12.2018,06:00,9.0,(5.919350969396254+0j)
7999,31.12.2018,07:00,4.0,(4.517310240893176+0j)
8000,31.12.2018,08:00,7.0,(5.443680165984116+0j)
8001,31.12.2018,09:00,8.0,(5.691454261406992+0j)
8002,31.12.2018,10:00,7.0,(5.443680165984116+0j)
8003,31.12.2018,11:00,6.0,(5.171029370782441+0j)
8004,31.12.2018,12:00,2.0,(3.585391514230274+0j)
8005,31.12.2018,13:00,0.0,0j
8006,31.12.2018,14:00,0.0,0j
8007,31.12.2018,15:00,1.0,(2.845727130703496+0j)
8008,31.12.2018,16:00,0.0,0j
8009,31.12.2018,17:00,6.0,(5.171029370782441+0j)
8010,31.12.2018,18:00,12.0,(6.515088753873438+0j)
8011,31.12.2018,19:00,20.0,(7.724491855603646+0j)
8012,31.12.2018,20:00,28.0,(8.641303622061608+0j)
8013,31.12.2018,21:00,32.0,(9.034620481786352+0j)
8014,31.12.2018,22:00,27.0,(8.537181392110488+0j)
8015,31.12.2018,23:00,28.0,(8.641303622061608+0j)
8016,01.01.2019,00:00,32.0,(9.034620481786352+0j)
8017,01.01.2019,01:00,29.0,(8.74297534497106+0j)
8018,01.01.2019,02:00,29.0,(8.74297534497106+0j)
8019,01.01.2019,03:00,39.0,(9.650462409337567+0j)
8020,01.01.2019,04:00,56.0,(10.887360331968232+0j)
8021,01.01.2019,05:00,56.0,(10.887360331968232+0j)
8022,01.01.2019,06:00,48.0,(10.34205874156488+0j)
8023,01.01.2019,07:00,56.0,(10.887360331968232+0j)
8024,01.01.2019,08:00,51.0,(10.5531792067093+0j)
8025,01.01.2019,09:00,50.0,(10.483748386047209+0j)
8026,01.01.2019,10:00,46.0,(10.19637653715948+0j)
8027,01.01.2019,11:00,41.0,(9.812685353516676+0j)
8028,01.01.2019,12:00,37.0,(9.482594128751929+0j)
8029,01.01.2019,13:00,28.0,(8.641303622061608+0j)
8030,01.01.2019,14:00,21.0,(7.851145380281553+0j)
8031,01.01.2019,15:00,22.0,(7.9738393445443+0j)
8032,01.01.2019,16:00,28.0,(8.641303622061608+0j)
8033,01.01.2019,17:00,22.0,(7.9738393445443+0j)
8034,01.01.2019,18:00,15.0,(7.018166609990766+0j)
8035,01.01.2019,19:00,9.0,(5.919350969396254+0j)
8036,01.01.2019,20:00,8.0,(5.691454261406992+0j)
8037,01.01.2019,21:00,11.0,(6.32884048187752+0j)
8038,01.01.2019,22:00,10.0,(6.130933248752508+0j)
8039,01.01.2019,23:00,11.0,(6.32884048187752+0j)
8040,02.01.2019,00:00,9.0,(5.919350969396254+0j)
8041,02.01.2019,01:00,8.0,(5.691454261406992+0j)
8042,02.01.2019,02:00,5.0,(4.866124944308272+0j)
8043,02.01.2019,03:00,4.0,(4.517310240893176+0j)
8044,02.01.2019,04:00,4.0,(4.517310240893176+0j)
8045,02.01.2019,05:00,5.0,(4.866124944308272+0j)
8046,02.01.2019,06:00,3.0,(4.1042487314692515+0j)
8047,02.01.2019,07:00,4.0,(4.517310240893176+0j)
8048,02.01.2019,08:00,5.0,(4.866124944308272+0j)
8049,02.01.2019,09:00,6.0,(5.171029370782441+0j)
8050,02.01.2019,10:00,16.0,(7.170783028460548+0j)
8051,02.01.2019,11:00,12.0,(6.515088753873438+0j)
8052,02.01.2019,12:00,19.0,(7.593542967381978+0j)
8053,02.01.2019,13:00,20.0,(7.724491855603646+0j)
8054,02.01.2019,14:00,12.0,(6.515088753873438+0j)
8055,02.01.2019,15:00,9.0,(5.919350969396254+0j)
8056,02.01.2019,16:00,7.0,(5.443680165984116+0j)
8057,02.01.2019,17:00,6.0,(5.171029370782441+0j)
8058,02.01.2019,18:00,15.0,(7.018166609990766+0j)
8059,02.01.2019,19:00,22.0,(7.9738393445443+0j)
8060,02.01.2019,20:00,19.0,(7.593542967381978+0j)
8061,02.01.2019,21:00,15.0,(7.018166609990766+0j)
8062,02.01.2019,22:00,4.0,(4.517310240893176+0j)
8063,02.01.2019,23:00,3.0,(4.1042487314692515+0j)
8064,03.01.2019,00:00,7.0,(5.443680165984116+0j)
8065,03.01.2019,01:00,8.0,(5.691454261406992+0j)
8066,03.01.2019,02:00,0.0,0j
8067,03.01.2019,03:00,0.0,0j
8068,03.01.2019,04:00,0.0,0j
8069,03.01.2019,05:00,0.0,0j
8070,03.01.2019,06:00,0.0,0j
8071,03.01.2019,07:00,0.0,0j
8072,03.01.2019,08:00,0.0,0j
8073,03.01.2019,09:00,1.0,(2.845727130703496+0j)
8074,03.01.2019,10:00,3.0,(4.1042487314692515+0j)
8075,03.01.2019,11:00,8.0,(5.691454261406992+0j)
8076,03.01.2019,12:00,12.0,(6.515088753873438+0j)
8077,03.01.2019,13:00,15.0,(7.018166609990766+0j)
8078,03.01.2019,14:00,29.0,(8.74297534497106+0j)
8079,03.01.2019,15:00,41.0,(9.812685353516676+0j)
8080,03.01.2019,16:00,40.0,(9.732249888616542+0j)
8081,03.01.2019,17:00,24.0,(8.208497462938503+0j)
8082,03.01.2019,18:00,20.0,(7.724491855603646+0j)
8083,03.01.2019,19:00,45.0,(10.121947777604984+0j)
8084,03.01.2019,20:00,69.0,(11.671937444523078+0j)
8085,03.01.2019,21:00,69.0,(11.671937444523078+0j)
8086,03.01.2019,22:00,69.0,(11.671937444523078+0j)
8087,03.01.2019,23:00,66.0,(11.500266368369322+0j)
8088,04.01.2019,00:00,69.0,(11.671937444523078+0j)
8089,04.01.2019,01:00,66.0,(11.500266368369322+0j)
8090,04.01.2019,02:00,60.0,(11.140645059587433+0j)
8091,04.01.2019,03:00,45.0,(10.121947777604984+0j)
8092,04.01.2019,04:00,11.0,(6.32884048187752+0j)
8093,04.01.2019,05:00,0.0,0j
8094,04.01.2019,06:00,15.0,(7.018166609990766+0j)
8095,04.01.2019,07:00,33.0,(9.127767465531983+0j)
8096,04.01.2019,08:00,27.0,(8.537181392110488+0j)
8097,04.01.2019,09:00,22.0,(7.9738393445443+0j)
8098,04.01.2019,10:00,20.0,(7.724491855603646+0j)
8099,04.01.2019,11:00,19.0,(7.593542967381978+0j)
8100,04.01.2019,12:00,13.0,(6.691256914211192+0j)
8101,04.01.2019,13:00,9.0,(5.919350969396254+0j)
8102,04.01.2019,14:00,5.0,(4.866124944308272+0j)
8103,04.01.2019,15:00,7.0,(5.443680165984116+0j)
8104,04.01.2019,16:00,5.0,(4.866124944308272+0j)
8105,04.01.2019,17:00,7.0,(5.443680165984116+0j)
8106,04.01.2019,18:00,6.0,(5.171029370782441+0j)
8107,04.01.2019,19:00,6.0,(5.171029370782441+0j)
8108,04.01.2019,20:00,9.0,(5.919350969396254+0j)
8109,04.01.2019,21:00,7.0,(5.443680165984116+0j)
8110,04.01.2019,22:00,2.0,(3.585391514230274+0j)
8111,04.01.2019,23:00,6.0,(5.171029370782441+0j)
8112,05.01.2019,00:00,6.0,(5.171029370782441+0j)
8113,05.01.2019,01:00,8.0,(5.691454261406992+0j)
8114,05.01.2019,02:00,7.0,(5.443680165984116+0j)
8115,05.01.2019,03:00,7.0,(5.443680165984116+0j)
8116,05.01.2019,04:00,3.0,(4.1042487314692515+0j)
8117,05.01.2019,05:00,1.0,(2.845727130703496+0j)
8118,05.01.2019,06:00,0.0,0j
8119,05.01.2019,07:00,0.0,0j
8120,05.01.2019,08:00,3.0,(4.1042487314692515+0j)
8121,05.01.2019,09:00,20.0,(7.724491855603646+0j)
8122,05.01.2019,10:00,3.0,(4.1042487314692515+0j)
8123,05.01.2019,11:00,3.0,(4.1042487314692515+0j)
8124,05.01.2019,12:00,9.0,(5.919350969396254+0j)
8125,05.01.2019,13:00,16.0,(7.170783028460548+0j)
8126,05.01.2019,14:00,52.0,(10.621708264608335+0j)
8127,05.01.2019,15:00,17.0,(7.317165783214581+0j)
8128,05.01.2019,16:00,13.0,(6.691256914211192+0j)
8129,05.01.2019,17:00,21.0,(7.851145380281553+0j)
8130,05.01.2019,18:00,27.0,(8.537181392110488+0j)
8131,05.01.2019,19:00,22.0,(7.9738393445443+0j)
8132,05.01.2019,20:00,9.0,(5.919350969396254+0j)
8133,05.01.2019,21:00,1.0,(2.845727130703496+0j)
8134,05.01.2019,22:00,5.0,(4.866124944308272+0j)
8135,05.01.2019,23:00,13.0,(6.691256914211192+0j)
8136,06.01.2019,00:00,4.0,(4.517310240893176+0j)
8137,06.01.2019,01:00,0.0,0j
8138,06.01.2019,02:00,0.0,0j
8139,06.01.2019,03:00,0.0,0j
8140,06.01.2019,04:00,1.0,(2.845727130703496+0j)
8141,06.01.2019,05:00,6.0,(5.171029370782441+0j)
8142,06.01.2019,06:00,12.0,(6.515088753873438+0j)
8143,06.01.2019,07:00,7.0,(5.443680165984116+0j)
8144,06.01.2019,08:00,8.0,(5.691454261406992+0j)
8145,06.01.2019,09:00,10.0,(6.130933248752508+0j)
8146,06.01.2019,10:00,10.0,(6.130933248752508+0j)
8147,06.01.2019,11:00,10.0,(6.130933248752508+0j)
8148,06.01.2019,12:00,13.0,(6.691256914211192+0j)
8149,06.01.2019,13:00,5.0,(4.866124944308272+0j)
8150,06.01.2019,14:00,2.0,(3.585391514230274+0j)
8151,06.01.2019,15:00,3.0,(4.1042487314692515+0j)
8152,06.01.2019,16:00,0.0,0j
8153,06.01.2019,17:00,0.0,0j
8154,06.01.2019,18:00,0.0,0j
8155,06.01.2019,19:00,3.0,(4.1042487314692515+0j)
8156,06.01.2019,20:00,8.0,(5.691454261406992+0j)
8157,06.01.2019,21:00,5.0,(4.866124944308272+0j)
8158,06.01.2019,22:00,4.0,(4.517310240893176+0j)
8159,06.01.2019,23:00,12.0,(6.515088753873438+0j)
8160,07.01.2019,00:00,14.0,(6.858607230018604+0j)
8161,07.01.2019,01:00,12.0,(6.515088753873438+0j)
8162,07.01.2019,02:00,16.0,(7.170783028460548+0j)
8163,07.01.2019,03:00,13.0,(6.691256914211192+0j)
8164,07.01.2019,04:00,12.0,(6.515088753873438+0j)
8165,07.01.2019,05:00,7.0,(5.443680165984116+0j)
8166,07.01.2019,06:00,8.0,(5.691454261406992+0j)
8167,07.01.2019,07:00,10.0,(6.130933248752508+0j)
8168,07.01.2019,08:00,19.0,(7.593542967381978+0j)
8169,07.01.2019,09:00,19.0,(7.593542967381978+0j)
8170,07.01.2019,10:00,21.0,(7.851145380281553+0j)
8171,07.01.2019,11:00,28.0,(8.641303622061608+0j)
8172,07.01.2019,12:00,39.0,(9.650462409337567+0j)
8173,07.01.2019,13:00,34.0,(9.219051195842558+0j)
8174,07.01.2019,14:00,34.0,(9.219051195842558+0j)
8175,07.01.2019,15:00,39.0,(9.650462409337567+0j)
8176,07.01.2019,16:00,53.0,(10.689364281461948+0j)
8177,07.01.2019,17:00,61.0,(11.202196833891742+0j)
8178,07.01.2019,18:00,57.0,(10.9517840818175+0j)
8179,07.01.2019,19:00,61.0,(11.202196833891742+0j)
8180,07.01.2019,20:00,66.0,(11.500266368369322+0j)
8181,07.01.2019,21:00,63.0,(11.323311051132062+0j)
8182,07.01.2019,22:00,66.0,(11.500266368369322+0j)
8183,07.01.2019,23:00,65.0,(11.441888376335278+0j)
8184,08.01.2019,00:00,60.0,(11.140645059587433+0j)
8185,08.01.2019,01:00,60.0,(11.140645059587433+0j)
8186,08.01.2019,02:00,64.0,(11.382908522813985+0j)
8187,08.01.2019,03:00,64.0,(11.382908522813985+0j)
8188,08.01.2019,04:00,60.0,(11.140645059587433+0j)
8189,08.01.2019,05:00,66.0,(11.500266368369322+0j)
8190,08.01.2019,06:00,61.0,(11.202196833891742+0j)
8191,08.01.2019,07:00,56.0,(10.887360331968232+0j)
8192,08.01.2019,08:00,57.0,(10.9517840818175+0j)
8193,08.01.2019,09:00,50.0,(10.483748386047209+0j)
8194,08.01.2019,10:00,40.0,(9.732249888616542+0j)
8195,08.01.2019,11:00,44.0,(10.0464080386713+0j)
8196,08.01.2019,12:00,42.0,(9.891823330401618+0j)
8197,08.01.2019,13:00,46.0,(10.19637653715948+0j)
8198,08.01.2019,14:00,23.0,(8.092869420675413+0j)
8199,08.01.2019,15:00,33.0,(9.127767465531983+0j)
8200,08.01.2019,16:00,23.0,(8.092869420675413+0j)
8201,08.01.2019,17:00,18.0,(7.457914888057963+0j)
8202,08.01.2019,18:00,17.0,(7.317165783214581+0j)
8203,08.01.2019,19:00,7.0,(5.443680165984116+0j)
8204,08.01.2019,20:00,2.0,(3.585391514230274+0j)
8205,08.01.2019,21:00,1.0,(2.845727130703496+0j)
8206,08.01.2019,22:00,0.0,0j
8207,08.01.2019,23:00,0.0,0j
8208,09.01.2019,00:00,0.0,0j
8209,09.01.2019,01:00,0.0,0j
8210,09.01.2019,02:00,2.0,(3.585391514230274+0j)
8211,09.01.2019,03:00,4.0,(4.517310240893176+0j)
8212,09.01.2019,04:00,7.0,(5.443680165984116+0j)
8213,09.01.2019,05:00,14.0,(6.858607230018604+0j)
8214,09.01.2019,06:00,15.0,(7.018166609990766+0j)
8215,09.01.2019,07:00,20.0,(7.724491855603646+0j)
8216,09.01.2019,08:00,38.0,(9.567264627885733+0j)
8217,09.01.2019,09:00,23.0,(8.092869420675413+0j)
8218,09.01.2019,10:00,41.0,(9.812685353516676+0j)
8219,09.01.2019,11:00,46.0,(10.19637653715948+0j)
8220,09.01.2019,12:00,46.0,(10.19637653715948+0j)
8221,09.01.2019,13:00,42.0,(9.891823330401618+0j)
8222,09.01.2019,14:00,48.0,(10.34205874156488+0j)
8223,09.01.2019,15:00,55.0,(10.822164994364314+0j)
8224,09.01.2019,16:00,62.0,(11.263079534051261+0j)
8225,09.01.2019,17:00,63.0,(11.323311051132062+0j)
8226,09.01.2019,18:00,68.0,(11.615276661700541+0j)
8227,09.01.2019,19:00,68.0,(11.615276661700541+0j)
8228,09.01.2019,20:00,64.0,(11.382908522813985+0j)
8229,09.01.2019,21:00,69.0,(11.671937444523078+0j)
8230,09.01.2019,22:00,69.0,(11.671937444523078+0j)
8231,09.01.2019,23:00,66.0,(11.500266368369322+0j)
8232,10.01.2019,00:00,62.0,(11.263079534051261+0j)
8233,10.01.2019,01:00,15.0,(7.018166609990766+0j)
8234,10.01.2019,02:00,3.0,(4.1042487314692515+0j)
8235,10.01.2019,03:00,13.0,(6.691256914211192+0j)
8236,10.01.2019,04:00,59.0,(11.078405520382008+0j)
8237,10.01.2019,05:00,69.0,(11.671937444523078+0j)
8238,10.01.2019,06:00,57.0,(10.9517840818175+0j)
8239,10.01.2019,07:00,66.0,(11.500266368369322+0j)
8240,10.01.2019,08:00,66.0,(11.500266368369322+0j)
8241,10.01.2019,09:00,52.0,(10.621708264608335+0j)
8242,10.01.2019,10:00,69.0,(11.671937444523078+0j)
8243,10.01.2019,11:00,69.0,(11.671937444523078+0j)
8244,10.01.2019,12:00,69.0,(11.671937444523078+0j)
8245,10.01.2019,13:00,68.0,(11.615276661700541+0j)
8246,10.01.2019,14:00,68.0,(11.615276661700541+0j)
8247,10.01.2019,15:00,68.0,(11.615276661700541+0j)
8248,10.01.2019,16:00,66.0,(11.500266368369322+0j)
8249,10.01.2019,17:00,66.0,(11.500266368369322+0j)
8250,10.01.2019,18:00,68.0,(11.615276661700541+0j)
8251,10.01.2019,19:00,69.0,(11.671937444523078+0j)
8252,10.01.2019,20:00,69.0,(11.671937444523078+0j)
8253,10.01.2019,21:00,68.0,(11.615276661700541+0j)
8254,10.01.2019,22:00,66.0,(11.500266368369322+0j)
8255,10.01.2019,23:00,69.0,(11.671937444523078+0j)
8256,11.01.2019,00:00,63.0,(11.323311051132062+0j)
8257,11.01.2019,01:00,66.0,(11.500266368369322+0j)
8258,11.01.2019,02:00,66.0,(11.500266368369322+0j)
8259,11.01.2019,03:00,67.0,(11.55805762209552+0j)
8260,11.01.2019,04:00,66.0,(11.500266368369322+0j)
8261,11.01.2019,05:00,57.0,(10.9517840818175+0j)
8262,11.01.2019,06:00,69.0,(11.671937444523078+0j)
8263,11.01.2019,07:00,65.0,(11.441888376335278+0j)
8264,11.01.2019,08:00,53.0,(10.689364281461948+0j)
8265,11.01.2019,09:00,57.0,(10.9517840818175+0j)
8266,11.01.2019,10:00,56.0,(10.887360331968232+0j)
8267,11.01.2019,11:00,68.0,(11.615276661700541+0j)
8268,11.01.2019,12:00,69.0,(11.671937444523078+0j)
8269,11.01.2019,13:00,36.0,(9.396383955788593+0j)
8270,11.01.2019,14:00,65.0,(11.441888376335278+0j)
8271,11.01.2019,15:00,56.0,(10.887360331968232+0j)
8272,11.01.2019,16:00,65.0,(11.441888376335278+0j)
8273,11.01.2019,17:00,56.0,(10.887360331968232+0j)
8274,11.01.2019,18:00,64.0,(11.382908522813985+0j)
8275,11.01.2019,19:00,20.0,(7.724491855603646+0j)
8276,11.01.2019,20:00,30.0,(8.84233584359671+0j)
8277,11.01.2019,21:00,10.0,(6.130933248752508+0j)
8278,11.01.2019,22:00,3.0,(4.1042487314692515+0j)
8279,11.01.2019,23:00,11.0,(6.32884048187752+0j)
8280,12.01.2019,00:00,7.0,(5.443680165984116+0j)
8281,12.01.2019,01:00,19.0,(7.593542967381978+0j)
8282,12.01.2019,02:00,27.0,(8.537181392110488+0j)
8283,12.01.2019,03:00,22.0,(7.9738393445443+0j)
8284,12.01.2019,04:00,2.0,(3.585391514230274+0j)
8285,12.01.2019,05:00,6.0,(5.171029370782441+0j)
8286,12.01.2019,06:00,3.0,(4.1042487314692515+0j)
8287,12.01.2019,07:00,1.0,(2.845727130703496+0j)
8288,12.01.2019,08:00,5.0,(4.866124944308272+0j)
8289,12.01.2019,09:00,1.0,(2.845727130703496+0j)
8290,12.01.2019,10:00,4.0,(4.517310240893176+0j)
8291,12.01.2019,11:00,13.0,(6.691256914211192+0j)
8292,12.01.2019,12:00,38.0,(9.567264627885733+0j)
8293,12.01.2019,13:00,45.0,(10.121947777604984+0j)
8294,12.01.2019,14:00,45.0,(10.121947777604984+0j)
8295,12.01.2019,15:00,29.0,(8.74297534497106+0j)
8296,12.01.2019,16:00,17.0,(7.317165783214581+0j)
8297,12.01.2019,17:00,17.0,(7.317165783214581+0j)
8298,12.01.2019,18:00,5.0,(4.866124944308272+0j)
8299,12.01.2019,19:00,3.0,(4.1042487314692515+0j)
8300,12.01.2019,20:00,5.0,(4.866124944308272+0j)
8301,12.01.2019,21:00,7.0,(5.443680165984116+0j)
8302,12.01.2019,22:00,8.0,(5.691454261406992+0j)
8303,12.01.2019,23:00,2.0,(3.585391514230274+0j)
8304,13.01.2019,00:00,1.0,(2.845727130703496+0j)
8305,13.01.2019,01:00,3.0,(4.1042487314692515+0j)
8306,13.01.2019,02:00,5.0,(4.866124944308272+0j)
8307,13.01.2019,03:00,5.0,(4.866124944308272+0j)
8308,13.01.2019,04:00,18.0,(7.457914888057963+0j)
8309,13.01.2019,05:00,15.0,(7.018166609990766+0j)
8310,13.01.2019,06:00,18.0,(7.457914888057963+0j)
8311,13.01.2019,07:00,30.0,(8.84233584359671+0j)
8312,13.01.2019,08:00,24.0,(8.208497462938503+0j)
8313,13.01.2019,09:00,19.0,(7.593542967381978+0j)
8314,13.01.2019,10:00,16.0,(7.170783028460548+0j)
8315,13.01.2019,11:00,12.0,(6.515088753873438+0j)
8316,13.01.2019,12:00,5.0,(4.866124944308272+0j)
8317,13.01.2019,13:00,3.0,(4.1042487314692515+0j)
8318,13.01.2019,14:00,3.0,(4.1042487314692515+0j)
8319,13.01.2019,15:00,4.0,(4.517310240893176+0j)
8320,13.01.2019,16:00,0.0,0j
8321,13.01.2019,17:00,0.0,0j
8322,13.01.2019,18:00,0.0,0j
8323,13.01.2019,19:00,0.0,0j
8324,13.01.2019,20:00,0.0,0j
8325,13.01.2019,21:00,1.0,(2.845727130703496+0j)
8326,13.01.2019,22:00,0.0,0j
8327,13.01.2019,23:00,1.0,(2.845727130703496+0j)
8328,14.01.2019,00:00,0.0,0j
8329,14.01.2019,01:00,0.0,0j
8330,14.01.2019,02:00,0.0,0j
8331,14.01.2019,03:00,1.0,(2.845727130703496+0j)
8332,14.01.2019,04:00,1.0,(2.845727130703496+0j)
8333,14.01.2019,05:00,3.0,(4.1042487314692515+0j)
8334,14.01.2019,06:00,12.0,(6.515088753873438+0j)
8335,14.01.2019,07:00,11.0,(6.32884048187752+0j)
8336,14.01.2019,08:00,17.0,(7.317165783214581+0j)
8337,14.01.2019,09:00,13.0,(6.691256914211192+0j)
8338,14.01.2019,10:00,12.0,(6.515088753873438+0j)
8339,14.01.2019,11:00,8.0,(5.691454261406992+0j)
8340,14.01.2019,12:00,19.0,(7.593542967381978+0j)
8341,14.01.2019,13:00,8.0,(5.691454261406992+0j)
8342,14.01.2019,14:00,3.0,(4.1042487314692515+0j)
8343,14.01.2019,15:00,7.0,(5.443680165984116+0j)
8344,14.01.2019,16:00,7.0,(5.443680165984116+0j)
8345,14.01.2019,17:00,23.0,(8.092869420675413+0j)
8346,14.01.2019,18:00,22.0,(7.9738393445443+0j)
8347,14.01.2019,19:00,20.0,(7.724491855603646+0j)
8348,14.01.2019,20:00,10.0,(6.130933248752508+0j)
8349,14.01.2019,21:00,17.0,(7.317165783214581+0j)
8350,14.01.2019,22:00,4.0,(4.517310240893176+0j)
8351,14.01.2019,23:00,17.0,(7.317165783214581+0j)
8352,15.01.2019,00:00,13.0,(6.691256914211192+0j)
8353,15.01.2019,01:00,13.0,(6.691256914211192+0j)
8354,15.01.2019,02:00,12.0,(6.515088753873438+0j)
8355,15.01.2019,03:00,4.0,(4.517310240893176+0j)
8356,15.01.2019,04:00,9.0,(5.919350969396254+0j)
8357,15.01.2019,05:00,0.0,0j
8358,15.01.2019,06:00,4.0,(4.517310240893176+0j)
8359,15.01.2019,07:00,9.0,(5.919350969396254+0j)
8360,15.01.2019,08:00,26.0,(8.430455436469295+0j)
8361,15.01.2019,09:00,63.0,(11.323311051132062+0j)
8362,15.01.2019,10:00,68.0,(11.615276661700541+0j)
8363,15.01.2019,11:00,69.0,(11.671937444523078+0j)
8364,15.01.2019,12:00,67.0,(11.55805762209552+0j)
8365,15.01.2019,13:00,66.0,(11.500266368369322+0j)
8366,15.01.2019,14:00,66.0,(11.500266368369322+0j)
8367,15.01.2019,15:00,54.0,(10.756174542690822+0j)
8368,15.01.2019,16:00,62.0,(11.263079534051261+0j)
8369,15.01.2019,17:00,66.0,(11.500266368369322+0j)
8370,15.01.2019,18:00,69.0,(11.671937444523078+0j)
8371,15.01.2019,19:00,65.0,(11.441888376335278+0j)
8372,15.01.2019,20:00,52.0,(10.621708264608335+0j)
8373,15.01.2019,21:00,60.0,(11.140645059587433+0j)
8374,15.01.2019,22:00,58.0,(11.015458675840927+0j)
8375,15.01.2019,23:00,64.0,(11.382908522813985+0j)
8376,16.01.2019,00:00,63.0,(11.323311051132062+0j)
8377,16.01.2019,01:00,66.0,(11.500266368369322+0j)
8378,16.01.2019,02:00,65.0,(11.441888376335278+0j)
8379,16.01.2019,03:00,66.0,(11.500266368369322+0j)
8380,16.01.2019,04:00,63.0,(11.323311051132062+0j)
8381,16.01.2019,05:00,67.0,(11.55805762209552+0j)
8382,16.01.2019,06:00,68.0,(11.615276661700541+0j)
8383,16.01.2019,07:00,66.0,(11.500266368369322+0j)
8384,16.01.2019,08:00,60.0,(11.140645059587433+0j)
8385,16.01.2019,09:00,56.0,(10.887360331968232+0j)
8386,16.01.2019,10:00,48.0,(10.34205874156488+0j)
8387,16.01.2019,11:00,28.0,(8.641303622061608+0j)
8388,16.01.2019,12:00,25.0,(8.320956608290626+0j)
8389,16.01.2019,13:00,21.0,(7.851145380281553+0j)
8390,16.01.2019,14:00,4.0,(4.517310240893176+0j)
8391,16.01.2019,15:00,0.0,0j
8392,16.01.2019,16:00,2.0,(3.585391514230274+0j)
8393,16.01.2019,17:00,1.0,(2.845727130703496+0j)
8394,16.01.2019,18:00,2.0,(3.585391514230274+0j)
8395,16.01.2019,19:00,0.0,0j
8396,16.01.2019,20:00,1.0,(2.845727130703496+0j)
8397,16.01.2019,21:00,1.0,(2.845727130703496+0j)
8398,16.01.2019,22:00,0.0,0j
8399,16.01.2019,23:00,1.0,(2.845727130703496+0j)
8400,17.01.2019,00:00,2.0,(3.585391514230274+0j)
8401,17.01.2019,01:00,0.0,0j
8402,17.01.2019,02:00,0.0,0j
8403,17.01.2019,03:00,0.0,0j
8404,17.01.2019,04:00,0.0,0j
8405,17.01.2019,05:00,0.0,0j
8406,17.01.2019,06:00,0.0,0j
8407,17.01.2019,07:00,0.0,0j
8408,17.01.2019,08:00,0.0,0j
8409,17.01.2019,09:00,0.0,0j
8410,17.01.2019,10:00,0.0,0j
8411,17.01.2019,11:00,0.0,0j
8412,17.01.2019,12:00,0.0,0j
8413,17.01.2019,13:00,0.0,0j
8414,17.01.2019,14:00,0.0,0j
8415,17.01.2019,15:00,2.0,(3.585391514230274+0j)
8416,17.01.2019,16:00,0.0,0j
8417,17.01.2019,17:00,0.0,0j
8418,17.01.2019,18:00,0.0,0j
8419,17.01.2019,19:00,3.0,(4.1042487314692515+0j)
8420,17.01.2019,20:00,6.0,(5.171029370782441+0j)
8421,17.01.2019,21:00,9.0,(5.919350969396254+0j)
8422,17.01.2019,22:00,9.0,(5.919350969396254+0j)
8423,17.01.2019,23:00,6.0,(5.171029370782441+0j)
8424,18.01.2019,00:00,6.0,(5.171029370782441+0j)
8425,18.01.2019,01:00,7.0,(5.443680165984116+0j)
8426,18.01.2019,02:00,6.0,(5.171029370782441+0j)
8427,18.01.2019,03:00,7.0,(5.443680165984116+0j)
8428,18.01.2019,04:00,5.0,(4.866124944308272+0j)
8429,18.01.2019,05:00,6.0,(5.171029370782441+0j)
8430,18.01.2019,06:00,8.0,(5.691454261406992+0j)
8431,18.01.2019,07:00,9.0,(5.919350969396254+0j)
8432,18.01.2019,08:00,19.0,(7.593542967381978+0j)
8433,18.01.2019,09:00,19.0,(7.593542967381978+0j)
8434,18.01.2019,10:00,14.0,(6.858607230018604+0j)
8435,18.01.2019,11:00,12.0,(6.515088753873438+0j)
8436,18.01.2019,12:00,9.0,(5.919350969396254+0j)
8437,18.01.2019,13:00,11.0,(6.32884048187752+0j)
8438,18.01.2019,14:00,7.0,(5.443680165984116+0j)
8439,18.01.2019,15:00,13.0,(6.691256914211192+0j)
8440,18.01.2019,16:00,21.0,(7.851145380281553+0j)
8441,18.01.2019,17:00,16.0,(7.170783028460548+0j)
8442,18.01.2019,18:00,24.0,(8.208497462938503+0j)
8443,18.01.2019,19:00,20.0,(7.724491855603646+0j)
8444,18.01.2019,20:00,17.0,(7.317165783214581+0j)
8445,18.01.2019,21:00,16.0,(7.170783028460548+0j)
8446,18.01.2019,22:00,16.0,(7.170783028460548+0j)
8447,18.01.2019,23:00,19.0,(7.593542967381978+0j)
8448,19.01.2019,00:00,35.0,(9.308562145233848+0j)
8449,19.01.2019,01:00,27.0,(8.537181392110488+0j)
8450,19.01.2019,02:00,14.0,(6.858607230018604+0j)
8451,19.01.2019,03:00,22.0,(7.9738393445443+0j)
8452,19.01.2019,04:00,28.0,(8.641303622061608+0j)
8453,19.01.2019,05:00,30.0,(8.84233584359671+0j)
8454,19.01.2019,06:00,19.0,(7.593542967381978+0j)
8455,19.01.2019,07:00,23.0,(8.092869420675413+0j)
8456,19.01.2019,08:00,27.0,(8.537181392110488+0j)
8457,19.01.2019,09:00,23.0,(8.092869420675413+0j)
8458,19.01.2019,10:00,27.0,(8.537181392110488+0j)
8459,19.01.2019,11:00,20.0,(7.724491855603646+0j)
8460,19.01.2019,12:00,31.0,(8.939512150377235+0j)
8461,19.01.2019,13:00,13.0,(6.691256914211192+0j)
8462,19.01.2019,14:00,12.0,(6.515088753873438+0j)
8463,19.01.2019,15:00,5.0,(4.866124944308272+0j)
8464,19.01.2019,16:00,2.0,(3.585391514230274+0j)
8465,19.01.2019,17:00,1.0,(2.845727130703496+0j)
8466,19.01.2019,18:00,0.0,0j
8467,19.01.2019,19:00,1.0,(2.845727130703496+0j)
8468,19.01.2019,20:00,1.0,(2.845727130703496+0j)
8469,19.01.2019,21:00,3.0,(4.1042487314692515+0j)
8470,19.01.2019,22:00,4.0,(4.517310240893176+0j)
8471,19.01.2019,23:00,9.0,(5.919350969396254+0j)
8472,20.01.2019,00:00,7.0,(5.443680165984116+0j)
8473,20.01.2019,01:00,10.0,(6.130933248752508+0j)
8474,20.01.2019,02:00,17.0,(7.317165783214581+0j)
8475,20.01.2019,03:00,13.0,(6.691256914211192+0j)
8476,20.01.2019,04:00,20.0,(7.724491855603646+0j)
8477,20.01.2019,05:00,22.0,(7.9738393445443+0j)
8478,20.01.2019,06:00,36.0,(9.396383955788593+0j)
8479,20.01.2019,07:00,30.0,(8.84233584359671+0j)
8480,20.01.2019,08:00,29.0,(8.74297534497106+0j)
8481,20.01.2019,09:00,26.0,(8.430455436469295+0j)
8482,20.01.2019,10:00,23.0,(8.092869420675413+0j)
8483,20.01.2019,11:00,23.0,(8.092869420675413+0j)
8484,20.01.2019,12:00,17.0,(7.317165783214581+0j)
8485,20.01.2019,13:00,23.0,(8.092869420675413+0j)
8486,20.01.2019,14:00,23.0,(8.092869420675413+0j)
8487,20.01.2019,15:00,24.0,(8.208497462938503+0j)
8488,20.01.2019,16:00,36.0,(9.396383955788593+0j)
8489,20.01.2019,17:00,25.0,(8.320956608290626+0j)
8490,20.01.2019,18:00,25.0,(8.320956608290626+0j)
8491,20.01.2019,19:00,34.0,(9.219051195842558+0j)
8492,20.01.2019,20:00,9.0,(5.919350969396254+0j)
8493,20.01.2019,21:00,4.0,(4.517310240893176+0j)
8494,20.01.2019,22:00,0.0,0j
8495,20.01.2019,23:00,13.0,(6.691256914211192+0j)
8496,21.01.2019,00:00,41.0,(9.812685353516676+0j)
8497,21.01.2019,01:00,31.0,(8.939512150377235+0j)
8498,21.01.2019,02:00,29.0,(8.74297534497106+0j)
8499,21.01.2019,03:00,15.0,(7.018166609990766+0j)
8500,21.01.2019,04:00,12.0,(6.515088753873438+0j)
8501,21.01.2019,05:00,14.0,(6.858607230018604+0j)
8502,21.01.2019,06:00,22.0,(7.9738393445443+0j)
8503,21.01.2019,07:00,22.0,(7.9738393445443+0j)
8504,21.01.2019,08:00,10.0,(6.130933248752508+0j)
8505,21.01.2019,09:00,2.0,(3.585391514230274+0j)
8506,21.01.2019,10:00,1.0,(2.845727130703496+0j)
8507,21.01.2019,11:00,1.0,(2.845727130703496+0j)
8508,21.01.2019,12:00,0.0,0j
8509,21.01.2019,13:00,0.0,0j
8510,21.01.2019,14:00,0.0,0j
8511,21.01.2019,15:00,0.0,0j
8512,21.01.2019,16:00,0.0,0j
8513,21.01.2019,17:00,1.0,(2.845727130703496+0j)
8514,21.01.2019,18:00,1.0,(2.845727130703496+0j)
8515,21.01.2019,19:00,7.0,(5.443680165984116+0j)
8516,21.01.2019,20:00,5.0,(4.866124944308272+0j)
8517,21.01.2019,21:00,6.0,(5.171029370782441+0j)
8518,21.01.2019,22:00,12.0,(6.515088753873438+0j)
8519,21.01.2019,23:00,9.0,(5.919350969396254+0j)
8520,22.01.2019,00:00,7.0,(5.443680165984116+0j)
8521,22.01.2019,01:00,9.0,(5.919350969396254+0j)
8522,22.01.2019,02:00,9.0,(5.919350969396254+0j)
8523,22.01.2019,03:00,5.0,(4.866124944308272+0j)
8524,22.01.2019,04:00,5.0,(4.866124944308272+0j)
8525,22.01.2019,05:00,5.0,(4.866124944308272+0j)
8526,22.01.2019,06:00,3.0,(4.1042487314692515+0j)
8527,22.01.2019,07:00,2.0,(3.585391514230274+0j)
8528,22.01.2019,08:00,0.0,0j
8529,22.01.2019,09:00,1.0,(2.845727130703496+0j)
8530,22.01.2019,10:00,0.0,0j
8531,22.01.2019,11:00,0.0,0j
8532,22.01.2019,12:00,1.0,(2.845727130703496+0j)
8533,22.01.2019,13:00,1.0,(2.845727130703496+0j)
8534,22.01.2019,14:00,1.0,(2.845727130703496+0j)
8535,22.01.2019,15:00,3.0,(4.1042487314692515+0j)
8536,22.01.2019,16:00,6.0,(5.171029370782441+0j)
8537,22.01.2019,17:00,5.0,(4.866124944308272+0j)
8538,22.01.2019,18:00,13.0,(6.691256914211192+0j)
8539,22.01.2019,19:00,18.0,(7.457914888057963+0j)
8540,22.01.2019,20:00,31.0,(8.939512150377235+0j)
8541,22.01.2019,21:00,37.0,(9.482594128751929+0j)
8542,22.01.2019,22:00,49.0,(10.41338553855059+0j)
8543,22.01.2019,23:00,53.0,(10.689364281461948+0j)
8544,23.01.2019,00:00,55.0,(10.822164994364314+0j)
8545,23.01.2019,01:00,39.0,(9.650462409337567+0j)
8546,23.01.2019,02:00,68.0,(11.615276661700541+0j)
8547,23.01.2019,03:00,65.0,(11.441888376335278+0j)
8548,23.01.2019,04:00,67.0,(11.55805762209552+0j)
8549,23.01.2019,05:00,60.0,(11.140645059587433+0j)
8550,23.01.2019,06:00,63.0,(11.323311051132062+0j)
8551,23.01.2019,07:00,57.0,(10.9517840818175+0j)
8552,23.01.2019,08:00,55.0,(10.822164994364314+0j)
8553,23.01.2019,09:00,63.0,(11.323311051132062+0j)
8554,23.01.2019,10:00,67.0,(11.55805762209552+0j)
8555,23.01.2019,11:00,61.0,(11.202196833891742+0j)
8556,23.01.2019,12:00,42.0,(9.891823330401618+0j)
8557,23.01.2019,13:00,43.0,(9.969714910096506+0j)
8558,23.01.2019,14:00,60.0,(11.140645059587433+0j)
8559,23.01.2019,15:00,69.0,(11.671937444523078+0j)
8560,23.01.2019,16:00,29.0,(8.74297534497106+0j)
8561,23.01.2019,17:00,11.0,(6.32884048187752+0j)
8562,23.01.2019,18:00,0.0,0j
8563,23.01.2019,19:00,32.0,(9.034620481786352+0j)
8564,23.01.2019,20:00,44.0,(10.0464080386713+0j)
8565,23.01.2019,21:00,46.0,(10.19637653715948+0j)
8566,23.01.2019,22:00,36.0,(9.396383955788593+0j)
8567,23.01.2019,23:00,66.0,(11.500266368369322+0j)
8568,24.01.2019,00:00,69.0,(11.671937444523078+0j)
8569,24.01.2019,01:00,25.0,(8.320956608290626+0j)
8570,24.01.2019,02:00,64.0,(11.382908522813985+0j)
8571,24.01.2019,03:00,59.0,(11.078405520382008+0j)
8572,24.01.2019,04:00,68.0,(11.615276661700541+0j)
8573,24.01.2019,05:00,67.0,(11.55805762209552+0j)
8574,24.01.2019,06:00,66.0,(11.500266368369322+0j)
8575,24.01.2019,07:00,69.0,(11.671937444523078+0j)
8576,24.01.2019,08:00,68.0,(11.615276661700541+0j)
8577,24.01.2019,09:00,54.0,(10.756174542690822+0j)
8578,24.01.2019,10:00,32.0,(9.034620481786352+0j)
8579,24.01.2019,11:00,6.0,(5.171029370782441+0j)
8580,24.01.2019,12:00,3.0,(4.1042487314692515+0j)
8581,24.01.2019,13:00,43.0,(9.969714910096506+0j)
8582,24.01.2019,14:00,18.0,(7.457914888057963+0j)
8583,24.01.2019,15:00,9.0,(5.919350969396254+0j)
8584,24.01.2019,16:00,1.0,(2.845727130703496+0j)
8585,24.01.2019,17:00,8.0,(5.691454261406992+0j)
8586,24.01.2019,18:00,8.0,(5.691454261406992+0j)
8587,24.01.2019,19:00,10.0,(6.130933248752508+0j)
8588,24.01.2019,20:00,16.0,(7.170783028460548+0j)
8589,24.01.2019,21:00,19.0,(7.593542967381978+0j)
8590,24.01.2019,22:00,33.0,(9.127767465531983+0j)
8591,24.01.2019,23:00,36.0,(9.396383955788593+0j)
8592,25.01.2019,00:00,35.0,(9.308562145233848+0j)
8593,25.01.2019,01:00,54.0,(10.756174542690822+0j)
8594,25.01.2019,02:00,55.0,(10.822164994364314+0j)
8595,25.01.2019,03:00,48.0,(10.34205874156488+0j)
8596,25.01.2019,04:00,50.0,(10.483748386047209+0j)
8597,25.01.2019,05:00,59.0,(11.078405520382008+0j)
8598,25.01.2019,06:00,68.0,(11.615276661700541+0j)
8599,25.01.2019,07:00,65.0,(11.441888376335278+0j)
8600,25.01.2019,08:00,60.0,(11.140645059587433+0j)
8601,25.01.2019,09:00,57.0,(10.9517840818175+0j)
8602,25.01.2019,10:00,68.0,(11.615276661700541+0j)
8603,25.01.2019,11:00,69.0,(11.671937444523078+0j)
8604,25.01.2019,12:00,59.0,(11.078405520382008+0j)
8605,25.01.2019,13:00,54.0,(10.756174542690822+0j)
8606,25.01.2019,14:00,47.0,(10.269734286241032+0j)
8607,25.01.2019,15:00,66.0,(11.500266368369322+0j)
8608,25.01.2019,16:00,69.0,(11.671937444523078+0j)
8609,25.01.2019,17:00,60.0,(11.140645059587433+0j)
8610,25.01.2019,18:00,60.0,(11.140645059587433+0j)
8611,25.01.2019,19:00,57.0,(10.9517840818175+0j)
8612,25.01.2019,20:00,56.0,(10.887360331968232+0j)
8613,25.01.2019,21:00,36.0,(9.396383955788593+0j)
8614,25.01.2019,22:00,55.0,(10.822164994364314+0j)
8615,25.01.2019,23:00,55.0,(10.822164994364314+0j)
8616,26.01.2019,00:00,59.0,(11.078405520382008+0j)
8617,26.01.2019,01:00,69.0,(11.671937444523078+0j)
8618,26.01.2019,02:00,69.0,(11.671937444523078+0j)
8619,26.01.2019,03:00,63.0,(11.323311051132062+0j)
8620,26.01.2019,04:00,68.0,(11.615276661700541+0j)
8621,26.01.2019,05:00,62.0,(11.263079534051261+0j)
8622,26.01.2019,06:00,68.0,(11.615276661700541+0j)
8623,26.01.2019,07:00,63.0,(11.323311051132062+0j)
8624,26.01.2019,08:00,60.0,(11.140645059587433+0j)
8625,26.01.2019,09:00,58.0,(11.015458675840927+0j)
8626,26.01.2019,10:00,51.0,(10.5531792067093+0j)
8627,26.01.2019,11:00,63.0,(11.323311051132062+0j)
8628,26.01.2019,12:00,46.0,(10.19637653715948+0j)
8629,26.01.2019,13:00,54.0,(10.756174542690822+0j)
8630,26.01.2019,14:00,48.0,(10.34205874156488+0j)
8631,26.01.2019,15:00,59.0,(11.078405520382008+0j)
8632,26.01.2019,16:00,50.0,(10.483748386047209+0j)
8633,26.01.2019,17:00,24.0,(8.208497462938503+0j)
8634,26.01.2019,18:00,44.0,(10.0464080386713+0j)
8635,26.01.2019,19:00,35.0,(9.308562145233848+0j)
8636,26.01.2019,20:00,47.0,(10.269734286241032+0j)
8637,26.01.2019,21:00,23.0,(8.092869420675413+0j)
8638,26.01.2019,22:00,8.0,(5.691454261406992+0j)
8639,26.01.2019,23:00,3.0,(4.1042487314692515+0j)
8640,27.01.2019,00:00,0.0,0j
8641,27.01.2019,01:00,2.0,(3.585391514230274+0j)
8642,27.01.2019,02:00,1.0,(2.845727130703496+0j)
8643,27.01.2019,03:00,2.0,(3.585391514230274+0j)
8644,27.01.2019,04:00,0.0,0j
8645,27.01.2019,05:00,0.0,0j
8646,27.01.2019,06:00,1.0,(2.845727130703496+0j)
8647,27.01.2019,07:00,0.0,0j
8648,27.01.2019,08:00,2.0,(3.585391514230274+0j)
8649,27.01.2019,09:00,4.0,(4.517310240893176+0j)
8650,27.01.2019,10:00,5.0,(4.866124944308272+0j)
8651,27.01.2019,11:00,9.0,(5.919350969396254+0j)
8652,27.01.2019,12:00,7.0,(5.443680165984116+0j)
8653,27.01.2019,13:00,9.0,(5.919350969396254+0j)
8654,27.01.2019,14:00,8.0,(5.691454261406992+0j)
8655,27.01.2019,15:00,8.0,(5.691454261406992+0j)
8656,27.01.2019,16:00,3.0,(4.1042487314692515+0j)
8657,27.01.2019,17:00,8.0,(5.691454261406992+0j)
8658,27.01.2019,18:00,3.0,(4.1042487314692515+0j)
8659,27.01.2019,19:00,6.0,(5.171029370782441+0j)
8660,27.01.2019,20:00,7.0,(5.443680165984116+0j)
8661,27.01.2019,21:00,11.0,(6.32884048187752+0j)
8662,27.01.2019,22:00,8.0,(5.691454261406992+0j)
8663,27.01.2019,23:00,17.0,(7.317165783214581+0j)
8664,28.01.2019,00:00,8.0,(5.691454261406992+0j)
8665,28.01.2019,01:00,5.0,(4.866124944308272+0j)
8666,28.01.2019,02:00,7.0,(5.443680165984116+0j)
8667,28.01.2019,03:00,3.0,(4.1042487314692515+0j)
8668,28.01.2019,04:00,3.0,(4.1042487314692515+0j)
8669,28.01.2019,05:00,4.0,(4.517310240893176+0j)
8670,28.01.2019,06:00,7.0,(5.443680165984116+0j)
8671,28.01.2019,07:00,14.0,(6.858607230018604+0j)
8672,28.01.2019,08:00,18.0,(7.457914888057963+0j)
8673,28.01.2019,09:00,15.0,(7.018166609990766+0j)
8674,28.01.2019,10:00,14.0,(6.858607230018604+0j)
8675,28.01.2019,11:00,9.0,(5.919350969396254+0j)
8676,28.01.2019,12:00,16.0,(7.170783028460548+0j)
8677,28.01.2019,13:00,25.0,(8.320956608290626+0j)
8678,28.01.2019,14:00,26.0,(8.430455436469295+0j)
8679,28.01.2019,15:00,20.0,(7.724491855603646+0j)
8680,28.01.2019,16:00,37.0,(9.482594128751929+0j)
8681,28.01.2019,17:00,32.0,(9.034620481786352+0j)
8682,28.01.2019,18:00,27.0,(8.537181392110488+0j)
8683,28.01.2019,19:00,46.0,(10.19637653715948+0j)
8684,28.01.2019,20:00,44.0,(10.0464080386713+0j)
8685,28.01.2019,21:00,53.0,(10.689364281461948+0j)
8686,28.01.2019,22:00,61.0,(11.202196833891742+0j)
8687,28.01.2019,23:00,56.0,(10.887360331968232+0j)
8688,29.01.2019,00:00,41.0,(9.812685353516676+0j)
8689,29.01.2019,01:00,45.0,(10.121947777604984+0j)
8690,29.01.2019,02:00,43.0,(9.969714910096506+0j)
8691,29.01.2019,03:00,56.0,(10.887360331968232+0j)
8692,29.01.2019,04:00,60.0,(11.140645059587433+0j)
8693,29.01.2019,05:00,68.0,(11.615276661700541+0j)
8694,29.01.2019,06:00,53.0,(10.689364281461948+0j)
8695,29.01.2019,07:00,58.0,(11.015458675840927+0j)
8696,29.01.2019,08:00,60.0,(11.140645059587433+0j)
8697,29.01.2019,09:00,57.0,(10.9517840818175+0j)
8698,29.01.2019,10:00,64.0,(11.382908522813985+0j)
8699,29.01.2019,11:00,53.0,(10.689364281461948+0j)
8700,29.01.2019,12:00,58.0,(11.015458675840927+0j)
8701,29.01.2019,13:00,42.0,(9.891823330401618+0j)
8702,29.01.2019,14:00,26.0,(8.430455436469295+0j)
8703,29.01.2019,15:00,20.0,(7.724491855603646+0j)
8704,29.01.2019,16:00,32.0,(9.034620481786352+0j)
8705,29.01.2019,17:00,41.0,(9.812685353516676+0j)
8706,29.01.2019,18:00,57.0,(10.9517840818175+0j)
8707,29.01.2019,19:00,44.0,(10.0464080386713+0j)
8708,29.01.2019,20:00,46.0,(10.19637653715948+0j)
8709,29.01.2019,21:00,58.0,(11.015458675840927+0j)
8710,29.01.2019,22:00,57.0,(10.9517840818175+0j)
8711,29.01.2019,23:00,68.0,(11.615276661700541+0j)
8712,30.01.2019,00:00,44.0,(10.0464080386713+0j)
8713,30.01.2019,01:00,21.0,(7.851145380281553+0j)
8714,30.01.2019,02:00,23.0,(8.092869420675413+0j)
8715,30.01.2019,03:00,44.0,(10.0464080386713+0j)
8716,30.01.2019,04:00,43.0,(9.969714910096506+0j)
8717,30.01.2019,05:00,65.0,(11.441888376335278+0j)
8718,30.01.2019,06:00,58.0,(11.015458675840927+0j)
8719,30.01.2019,07:00,49.0,(10.41338553855059+0j)
8720,30.01.2019,08:00,46.0,(10.19637653715948+0j)
8721,30.01.2019,09:00,50.0,(10.483748386047209+0j)
8722,30.01.2019,10:00,33.0,(9.127767465531983+0j)
8723,30.01.2019,11:00,38.0,(9.567264627885733+0j)
8724,30.01.2019,12:00,38.0,(9.567264627885733+0j)
8725,30.01.2019,13:00,54.0,(10.756174542690822+0j)
8726,30.01.2019,14:00,60.0,(11.140645059587433+0j)
8727,30.01.2019,15:00,67.0,(11.55805762209552+0j)
8728,30.01.2019,16:00,55.0,(10.822164994364314+0j)
8729,30.01.2019,17:00,67.0,(11.55805762209552+0j)
8730,30.01.2019,18:00,69.0,(11.671937444523078+0j)
8731,30.01.2019,19:00,69.0,(11.671937444523078+0j)
8732,30.01.2019,20:00,65.0,(11.441888376335278+0j)
8733,30.01.2019,21:00,52.0,(10.621708264608335+0j)
8734,30.01.2019,22:00,54.0,(10.756174542690822+0j)
8735,30.01.2019,23:00,29.0,(8.74297534497106+0j)
8736,31.01.2019,00:00,50.0,(10.483748386047209+0j)
8737,31.01.2019,01:00,56.0,(10.887360331968232+0j)
8738,31.01.2019,02:00,56.0,(10.887360331968232+0j)
8739,31.01.2019,03:00,47.0,(10.269734286241032+0j)
8740,31.01.2019,04:00,56.0,(10.887360331968232+0j)
8741,31.01.2019,05:00,57.0,(10.9517840818175+0j)
8742,31.01.2019,06:00,58.0,(11.015458675840927+0j)
8743,31.01.2019,07:00,64.0,(11.382908522813985+0j)
8744,31.01.2019,08:00,49.0,(10.41338553855059+0j)
8745,31.01.2019,09:00,46.0,(10.19637653715948+0j)
8746,31.01.2019,10:00,47.0,(10.269734286241032+0j)
8747,31.01.2019,11:00,63.0,(11.323311051132062+0j)
8748,31.01.2019,12:00,69.0,(11.671937444523078+0j)
8749,31.01.2019,13:00,30.0,(8.84233584359671+0j)
8750,31.01.2019,14:00,60.0,(11.140645059587433+0j)
8751,31.01.2019,15:00,65.0,(11.441888376335278+0j)
8752,31.01.2019,16:00,45.0,(10.121947777604984+0j)
8753,31.01.2019,17:00,61.0,(11.202196833891742+0j)
8754,31.01.2019,18:00,67.0,(11.55805762209552+0j)
8755,31.01.2019,19:00,60.0,(11.140645059587433+0j)
8756,31.01.2019,20:00,68.0,(11.615276661700541+0j)
8757,31.01.2019,21:00,57.0,(10.9517840818175+0j)
8758,31.01.2019,22:00,5.0,(4.866124944308272+0j)
8759,31.01.2019,23:00,25.0,(8.320956608290626+0j)
8760,01.02.2019,00:00,43.0,(9.969714910096506+0j)
8761,01.02.2019,01:00,52.0,(10.621708264608335+0j)
8762,01.02.2019,02:00,57.0,(10.9517840818175+0j)
8763,01.02.2019,03:00,44.0,(10.0464080386713+0j)
8764,01.02.2019,04:00,37.0,(9.482594128751929+0j)
8765,01.02.2019,05:00,18.0,(7.457914888057963+0j)
8766,01.02.2019,06:00,26.0,(8.430455436469295+0j)
8767,01.02.2019,07:00,19.0,(7.593542967381978+0j)
8768,01.02.2019,08:00,22.0,(7.9738393445443+0j)
8769,01.02.2019,09:00,7.0,(5.443680165984116+0j)
8770,01.02.2019,10:00,7.0,(5.443680165984116+0j)
8771,01.02.2019,11:00,17.0,(7.317165783214581+0j)
8772,01.02.2019,12:00,19.0,(7.593542967381978+0j)
8773,01.02.2019,13:00,20.0,(7.724491855603646+0j)
8774,01.02.2019,14:00,8.0,(5.691454261406992+0j)
8775,01.02.2019,15:00,8.0,(5.691454261406992+0j)
8776,01.02.2019,16:00,6.0,(5.171029370782441+0j)
8777,01.02.2019,17:00,10.0,(6.130933248752508+0j)
8778,01.02.2019,18:00,12.0,(6.515088753873438+0j)
8779,01.02.2019,19:00,20.0,(7.724491855603646+0j)
8780,01.02.2019,20:00,22.0,(7.9738393445443+0j)
8781,01.02.2019,21:00,17.0,(7.317165783214581+0j)
8782,01.02.2019,22:00,10.0,(6.130933248752508+0j)
8783,01.02.2019,23:00,10.0,(6.130933248752508+0j)
8784,02.02.2019,00:00,12.0,(6.515088753873438+0j)
8785,02.02.2019,01:00,8.0,(5.691454261406992+0j)
8786,02.02.2019,02:00,13.0,(6.691256914211192+0j)
8787,02.02.2019,03:00,14.0,(6.858607230018604+0j)
8788,02.02.2019,04:00,19.0,(7.593542967381978+0j)
8789,02.02.2019,05:00,17.0,(7.317165783214581+0j)
8790,02.02.2019,06:00,26.0,(8.430455436469295+0j)
8791,02.02.2019,07:00,25.0,(8.320956608290626+0j)
8792,02.02.2019,08:00,20.0,(7.724491855603646+0j)
8793,02.02.2019,09:00,18.0,(7.457914888057963+0j)
8794,02.02.2019,10:00,12.0,(6.515088753873438+0j)
8795,02.02.2019,11:00,10.0,(6.130933248752508+0j)
8796,02.02.2019,12:00,14.0,(6.858607230018604+0j)
8797,02.02.2019,13:00,9.0,(5.919350969396254+0j)
8798,02.02.2019,14:00,6.0,(5.171029370782441+0j)
8799,02.02.2019,15:00,4.0,(4.517310240893176+0j)
8800,02.02.2019,16:00,4.0,(4.517310240893176+0j)
8801,02.02.2019,17:00,11.0,(6.32884048187752+0j)
8802,02.02.2019,18:00,27.0,(8.537181392110488+0j)
8803,02.02.2019,19:00,22.0,(7.9738393445443+0j)
8804,02.02.2019,20:00,16.0,(7.170783028460548+0j)
8805,02.02.2019,21:00,11.0,(6.32884048187752+0j)
8806,02.02.2019,22:00,21.0,(7.851145380281553+0j)
8807,02.02.2019,23:00,17.0,(7.317165783214581+0j)
8808,03.02.2019,00:00,20.0,(7.724491855603646+0j)
8809,03.02.2019,01:00,16.0,(7.170783028460548+0j)
8810,03.02.2019,02:00,21.0,(7.851145380281553+0j)
8811,03.02.2019,03:00,16.0,(7.170783028460548+0j)
8812,03.02.2019,04:00,13.0,(6.691256914211192+0j)
8813,03.02.2019,05:00,11.0,(6.32884048187752+0j)
8814,03.02.2019,06:00,11.0,(6.32884048187752+0j)
8815,03.02.2019,07:00,9.0,(5.919350969396254+0j)
8816,03.02.2019,08:00,14.0,(6.858607230018604+0j)
8817,03.02.2019,09:00,12.0,(6.515088753873438+0j)
8818,03.02.2019,10:00,9.0,(5.919350969396254+0j)
8819,03.02.2019,11:00,10.0,(6.130933248752508+0j)
8820,03.02.2019,12:00,10.0,(6.130933248752508+0j)
8821,03.02.2019,13:00,7.0,(5.443680165984116+0j)
8822,03.02.2019,14:00,4.0,(4.517310240893176+0j)
8823,03.02.2019,15:00,2.0,(3.585391514230274+0j)
8824,03.02.2019,16:00,0.0,0j
8825,03.02.2019,17:00,0.0,0j
8826,03.02.2019,18:00,0.0,0j
8827,03.02.2019,19:00,0.0,0j
8828,03.02.2019,20:00,2.0,(3.585391514230274+0j)
8829,03.02.2019,21:00,1.0,(2.845727130703496+0j)
8830,03.02.2019,22:00,3.0,(4.1042487314692515+0j)
8831,03.02.2019,23:00,6.0,(5.171029370782441+0j)
8832,04.02.2019,00:00,8.0,(5.691454261406992+0j)
8833,04.02.2019,01:00,3.0,(4.1042487314692515+0j)
8834,04.02.2019,02:00,1.0,(2.845727130703496+0j)
8835,04.02.2019,03:00,1.0,(2.845727130703496+0j)
8836,04.02.2019,04:00,1.0,(2.845727130703496+0j)
8837,04.02.2019,05:00,0.0,0j
8838,04.02.2019,06:00,0.0,0j
8839,04.02.2019,07:00,0.0,0j
8840,04.02.2019,08:00,0.0,0j
8841,04.02.2019,09:00,0.0,0j
8842,04.02.2019,10:00,0.0,0j
8843,04.02.2019,11:00,0.0,0j
8844,04.02.2019,12:00,0.0,0j
8845,04.02.2019,13:00,0.0,0j
8846,04.02.2019,14:00,0.0,0j
8847,04.02.2019,15:00,0.0,0j
8848,04.02.2019,16:00,0.0,0j
8849,04.02.2019,17:00,0.0,0j
8850,04.02.2019,18:00,0.0,0j
8851,04.02.2019,19:00,0.0,0j
8852,04.02.2019,20:00,5.0,(4.866124944308272+0j)
8853,04.02.2019,21:00,4.0,(4.517310240893176+0j)
8854,04.02.2019,22:00,4.0,(4.517310240893176+0j)
8855,04.02.2019,23:00,3.0,(4.1042487314692515+0j)
8856,05.02.2019,00:00,7.0,(5.443680165984116+0j)
8857,05.02.2019,01:00,12.0,(6.515088753873438+0j)
8858,05.02.2019,02:00,4.0,(4.517310240893176+0j)
8859,05.02.2019,03:00,0.0,0j
8860,05.02.2019,04:00,0.0,0j
8861,05.02.2019,05:00,1.0,(2.845727130703496+0j)
8862,05.02.2019,06:00,1.0,(2.845727130703496+0j)
8863,05.02.2019,07:00,1.0,(2.845727130703496+0j)
8864,05.02.2019,08:00,4.0,(4.517310240893176+0j)
8865,05.02.2019,09:00,4.0,(4.517310240893176+0j)
8866,05.02.2019,10:00,2.0,(3.585391514230274+0j)
8867,05.02.2019,11:00,0.0,0j
8868,05.02.2019,12:00,0.0,0j
8869,05.02.2019,13:00,1.0,(2.845727130703496+0j)
8870,05.02.2019,14:00,0.0,0j
8871,05.02.2019,15:00,10.0,(6.130933248752508+0j)
8872,05.02.2019,16:00,8.0,(5.691454261406992+0j)
8873,05.02.2019,17:00,3.0,(4.1042487314692515+0j)
8874,05.02.2019,18:00,5.0,(4.866124944308272+0j)
8875,05.02.2019,19:00,26.0,(8.430455436469295+0j)
8876,05.02.2019,20:00,25.0,(8.320956608290626+0j)
8877,05.02.2019,21:00,26.0,(8.430455436469295+0j)
8878,05.02.2019,22:00,40.0,(9.732249888616542+0j)
8879,05.02.2019,23:00,42.0,(9.891823330401618+0j)
8880,06.02.2019,00:00,38.0,(9.567264627885733+0j)
8881,06.02.2019,01:00,44.0,(10.0464080386713+0j)
8882,06.02.2019,02:00,40.0,(9.732249888616542+0j)
8883,06.02.2019,03:00,12.0,(6.515088753873438+0j)
8884,06.02.2019,04:00,60.0,(11.140645059587433+0j)
8885,06.02.2019,05:00,46.0,(10.19637653715948+0j)
8886,06.02.2019,06:00,45.0,(10.121947777604984+0j)
8887,06.02.2019,07:00,10.0,(6.130933248752508+0j)
8888,06.02.2019,08:00,19.0,(7.593542967381978+0j)
8889,06.02.2019,09:00,5.0,(4.866124944308272+0j)
8890,06.02.2019,10:00,1.0,(2.845727130703496+0j)
8891,06.02.2019,11:00,0.0,0j
8892,06.02.2019,12:00,0.0,0j
8893,06.02.2019,13:00,4.0,(4.517310240893176+0j)
8894,06.02.2019,14:00,1.0,(2.845727130703496+0j)
8895,06.02.2019,15:00,1.0,(2.845727130703496+0j)
8896,06.02.2019,16:00,6.0,(5.171029370782441+0j)
8897,06.02.2019,17:00,12.0,(6.515088753873438+0j)
8898,06.02.2019,18:00,29.0,(8.74297534497106+0j)
8899,06.02.2019,19:00,28.0,(8.641303622061608+0j)
8900,06.02.2019,20:00,32.0,(9.034620481786352+0j)
8901,06.02.2019,21:00,42.0,(9.891823330401618+0j)
8902,06.02.2019,22:00,43.0,(9.969714910096506+0j)
8903,06.02.2019,23:00,43.0,(9.969714910096506+0j)
8904,07.02.2019,00:00,48.0,(10.34205874156488+0j)
8905,07.02.2019,01:00,46.0,(10.19637653715948+0j)
8906,07.02.2019,02:00,60.0,(11.140645059587433+0j)
8907,07.02.2019,03:00,56.0,(10.887360331968232+0j)
8908,07.02.2019,04:00,55.0,(10.822164994364314+0j)
8909,07.02.2019,05:00,58.0,(11.015458675840927+0j)
8910,07.02.2019,06:00,60.0,(11.140645059587433+0j)
8911,07.02.2019,07:00,37.0,(9.482594128751929+0j)
8912,07.02.2019,08:00,27.0,(8.537181392110488+0j)
8913,07.02.2019,09:00,58.0,(11.015458675840927+0j)
8914,07.02.2019,10:00,63.0,(11.323311051132062+0j)
8915,07.02.2019,11:00,68.0,(11.615276661700541+0j)
8916,07.02.2019,12:00,69.0,(11.671937444523078+0j)
8917,07.02.2019,13:00,69.0,(11.671937444523078+0j)
8918,07.02.2019,14:00,66.0,(11.500266368369322+0j)
8919,07.02.2019,15:00,66.0,(11.500266368369322+0j)
8920,07.02.2019,16:00,66.0,(11.500266368369322+0j)
8921,07.02.2019,17:00,66.0,(11.500266368369322+0j)
8922,07.02.2019,18:00,67.0,(11.55805762209552+0j)
8923,07.02.2019,19:00,66.0,(11.500266368369322+0j)
8924,07.02.2019,20:00,67.0,(11.55805762209552+0j)
8925,07.02.2019,21:00,67.0,(11.55805762209552+0j)
8926,07.02.2019,22:00,67.0,(11.55805762209552+0j)
8927,07.02.2019,23:00,64.0,(11.382908522813985+0j)
8928,08.02.2019,00:00,56.0,(10.887360331968232+0j)
8929,08.02.2019,01:00,47.0,(10.269734286241032+0j)
8930,08.02.2019,02:00,47.0,(10.269734286241032+0j)
8931,08.02.2019,03:00,47.0,(10.269734286241032+0j)
8932,08.02.2019,04:00,38.0,(9.567264627885733+0j)
8933,08.02.2019,05:00,44.0,(10.0464080386713+0j)
8934,08.02.2019,06:00,52.0,(10.621708264608335+0j)
8935,08.02.2019,07:00,51.0,(10.5531792067093+0j)
8936,08.02.2019,08:00,50.0,(10.483748386047209+0j)
8937,08.02.2019,09:00,48.0,(10.34205874156488+0j)
8938,08.02.2019,10:00,39.0,(9.650462409337567+0j)
8939,08.02.2019,11:00,31.0,(8.939512150377235+0j)
8940,08.02.2019,12:00,30.0,(8.84233584359671+0j)
8941,08.02.2019,13:00,25.0,(8.320956608290626+0j)
8942,08.02.2019,14:00,25.0,(8.320956608290626+0j)
8943,08.02.2019,15:00,38.0,(9.567264627885733+0j)
8944,08.02.2019,16:00,35.0,(9.308562145233848+0j)
8945,08.02.2019,17:00,31.0,(8.939512150377235+0j)
8946,08.02.2019,18:00,37.0,(9.482594128751929+0j)
8947,08.02.2019,19:00,35.0,(9.308562145233848+0j)
8948,08.02.2019,20:00,52.0,(10.621708264608335+0j)
8949,08.02.2019,21:00,57.0,(10.9517840818175+0j)
8950,08.02.2019,22:00,56.0,(10.887360331968232+0j)
8951,08.02.2019,23:00,59.0,(11.078405520382008+0j)
8952,09.02.2019,00:00,65.0,(11.441888376335278+0j)
8953,09.02.2019,01:00,59.0,(11.078405520382008+0j)
8954,09.02.2019,02:00,60.0,(11.140645059587433+0j)
8955,09.02.2019,03:00,57.0,(10.9517840818175+0j)
8956,09.02.2019,04:00,54.0,(10.756174542690822+0j)
8957,09.02.2019,05:00,58.0,(11.015458675840927+0j)
8958,09.02.2019,06:00,52.0,(10.621708264608335+0j)
8959,09.02.2019,07:00,41.0,(9.812685353516676+0j)
8960,09.02.2019,08:00,51.0,(10.5531792067093+0j)
8961,09.02.2019,09:00,54.0,(10.756174542690822+0j)
8962,09.02.2019,10:00,46.0,(10.19637653715948+0j)
8963,09.02.2019,11:00,38.0,(9.567264627885733+0j)
8964,09.02.2019,12:00,31.0,(8.939512150377235+0j)
8965,09.02.2019,13:00,26.0,(8.430455436469295+0j)
8966,09.02.2019,14:00,25.0,(8.320956608290626+0j)
8967,09.02.2019,15:00,32.0,(9.034620481786352+0j)
8968,09.02.2019,16:00,16.0,(7.170783028460548+0j)
8969,09.02.2019,17:00,18.0,(7.457914888057963+0j)
8970,09.02.2019,18:00,14.0,(6.858607230018604+0j)
8971,09.02.2019,19:00,11.0,(6.32884048187752+0j)
8972,09.02.2019,20:00,8.0,(5.691454261406992+0j)
8973,09.02.2019,21:00,13.0,(6.691256914211192+0j)
8974,09.02.2019,22:00,16.0,(7.170783028460548+0j)
8975,09.02.2019,23:00,8.0,(5.691454261406992+0j)
8976,10.02.2019,00:00,5.0,(4.866124944308272+0j)
8977,10.02.2019,01:00,1.0,(2.845727130703496+0j)
8978,10.02.2019,02:00,1.0,(2.845727130703496+0j)
8979,10.02.2019,03:00,4.0,(4.517310240893176+0j)
8980,10.02.2019,04:00,4.0,(4.517310240893176+0j)
8981,10.02.2019,05:00,11.0,(6.32884048187752+0j)
8982,10.02.2019,06:00,11.0,(6.32884048187752+0j)
8983,10.02.2019,07:00,9.0,(5.919350969396254+0j)
8984,10.02.2019,08:00,3.0,(4.1042487314692515+0j)
8985,10.02.2019,09:00,2.0,(3.585391514230274+0j)
8986,10.02.2019,10:00,0.0,0j
8987,10.02.2019,11:00,0.0,0j
8988,10.02.2019,12:00,0.0,0j
8989,10.02.2019,13:00,0.0,0j
8990,10.02.2019,14:00,0.0,0j
8991,10.02.2019,15:00,0.0,0j
8992,10.02.2019,16:00,1.0,(2.845727130703496+0j)
8993,10.02.2019,17:00,0.0,0j
8994,10.02.2019,18:00,0.0,0j
8995,10.02.2019,19:00,0.0,0j
8996,10.02.2019,20:00,0.0,0j
8997,10.02.2019,21:00,0.0,0j
8998,10.02.2019,22:00,0.0,0j
8999,10.02.2019,23:00,0.0,0j
9000,11.02.2019,00:00,0.0,0j
9001,11.02.2019,01:00,2.0,(3.585391514230274+0j)
9002,11.02.2019,02:00,5.0,(4.866124944308272+0j)
9003,11.02.2019,03:00,16.0,(7.170783028460548+0j)
9004,11.02.2019,04:00,7.0,(5.443680165984116+0j)
9005,11.02.2019,05:00,11.0,(6.32884048187752+0j)
9006,11.02.2019,06:00,11.0,(6.32884048187752+0j)
9007,11.02.2019,07:00,11.0,(6.32884048187752+0j)
9008,11.02.2019,08:00,19.0,(7.593542967381978+0j)
9009,11.02.2019,09:00,10.0,(6.130933248752508+0j)
9010,11.02.2019,10:00,13.0,(6.691256914211192+0j)
9011,11.02.2019,11:00,24.0,(8.208497462938503+0j)
9012,11.02.2019,12:00,22.0,(7.9738393445443+0j)
9013,11.02.2019,13:00,17.0,(7.317165783214581+0j)
9014,11.02.2019,14:00,27.0,(8.537181392110488+0j)
9015,11.02.2019,15:00,37.0,(9.482594128751929+0j)
9016,11.02.2019,16:00,50.0,(10.483748386047209+0j)
9017,11.02.2019,17:00,54.0,(10.756174542690822+0j)
9018,11.02.2019,18:00,40.0,(9.732249888616542+0j)
9019,11.02.2019,19:00,54.0,(10.756174542690822+0j)
9020,11.02.2019,20:00,67.0,(11.55805762209552+0j)
9021,11.02.2019,21:00,67.0,(11.55805762209552+0j)
9022,11.02.2019,22:00,67.0,(11.55805762209552+0j)
9023,11.02.2019,23:00,64.0,(11.382908522813985+0j)
9024,12.02.2019,00:00,65.0,(11.441888376335278+0j)
9025,12.02.2019,01:00,49.0,(10.41338553855059+0j)
9026,12.02.2019,02:00,65.0,(11.441888376335278+0j)
9027,12.02.2019,03:00,68.0,(11.615276661700541+0j)
9028,12.02.2019,04:00,67.0,(11.55805762209552+0j)
9029,12.02.2019,05:00,61.0,(11.202196833891742+0j)
9030,12.02.2019,06:00,62.0,(11.263079534051261+0j)
9031,12.02.2019,07:00,65.0,(11.441888376335278+0j)
9032,12.02.2019,08:00,61.0,(11.202196833891742+0j)
9033,12.02.2019,09:00,65.0,(11.441888376335278+0j)
9034,12.02.2019,10:00,67.0,(11.55805762209552+0j)
9035,12.02.2019,11:00,68.0,(11.615276661700541+0j)
9036,12.02.2019,12:00,69.0,(11.671937444523078+0j)
9037,12.02.2019,13:00,69.0,(11.671937444523078+0j)
9038,12.02.2019,14:00,69.0,(11.671937444523078+0j)
9039,12.02.2019,15:00,67.0,(11.55805762209552+0j)
9040,12.02.2019,16:00,35.0,(9.308562145233848+0j)
9041,12.02.2019,17:00,29.0,(8.74297534497106+0j)
9042,12.02.2019,18:00,20.0,(7.724491855603646+0j)
9043,12.02.2019,19:00,37.0,(9.482594128751929+0j)
9044,12.02.2019,20:00,43.0,(9.969714910096506+0j)
9045,12.02.2019,21:00,32.0,(9.034620481786352+0j)
9046,12.02.2019,22:00,4.0,(4.517310240893176+0j)
9047,12.02.2019,23:00,0.0,0j
9048,13.02.2019,00:00,0.0,0j
9049,13.02.2019,01:00,3.0,(4.1042487314692515+0j)
9050,13.02.2019,02:00,1.0,(2.845727130703496+0j)
9051,13.02.2019,03:00,8.0,(5.691454261406992+0j)
9052,13.02.2019,04:00,14.0,(6.858607230018604+0j)
9053,13.02.2019,05:00,39.0,(9.650462409337567+0j)
9054,13.02.2019,06:00,37.0,(9.482594128751929+0j)
9055,13.02.2019,07:00,45.0,(10.121947777604984+0j)
9056,13.02.2019,08:00,43.0,(9.969714910096506+0j)
9057,13.02.2019,09:00,56.0,(10.887360331968232+0j)
9058,13.02.2019,10:00,52.0,(10.621708264608335+0j)
9059,13.02.2019,11:00,51.0,(10.5531792067093+0j)
9060,13.02.2019,12:00,43.0,(9.969714910096506+0j)
9061,13.02.2019,13:00,38.0,(9.567264627885733+0j)
9062,13.02.2019,14:00,46.0,(10.19637653715948+0j)
9063,13.02.2019,15:00,30.0,(8.84233584359671+0j)
9064,13.02.2019,16:00,32.0,(9.034620481786352+0j)
9065,13.02.2019,17:00,42.0,(9.891823330401618+0j)
9066,13.02.2019,18:00,58.0,(11.015458675840927+0j)
9067,13.02.2019,19:00,63.0,(11.323311051132062+0j)
9068,13.02.2019,20:00,64.0,(11.382908522813985+0j)
9069,13.02.2019,21:00,65.0,(11.441888376335278+0j)
9070,13.02.2019,22:00,68.0,(11.615276661700541+0j)
9071,13.02.2019,23:00,69.0,(11.671937444523078+0j)
9072,14.02.2019,00:00,69.0,(11.671937444523078+0j)
9073,14.02.2019,01:00,69.0,(11.671937444523078+0j)
9074,14.02.2019,02:00,66.0,(11.500266368369322+0j)
9075,14.02.2019,03:00,60.0,(11.140645059587433+0j)
9076,14.02.2019,04:00,51.0,(10.5531792067093+0j)
9077,14.02.2019,05:00,44.0,(10.0464080386713+0j)
9078,14.02.2019,06:00,42.0,(9.891823330401618+0j)
9079,14.02.2019,07:00,22.0,(7.9738393445443+0j)
9080,14.02.2019,08:00,41.0,(9.812685353516676+0j)
9081,14.02.2019,09:00,34.0,(9.219051195842558+0j)
9082,14.02.2019,10:00,41.0,(9.812685353516676+0j)
9083,14.02.2019,11:00,50.0,(10.483748386047209+0j)
9084,14.02.2019,12:00,50.0,(10.483748386047209+0j)
9085,14.02.2019,13:00,59.0,(11.078405520382008+0j)
9086,14.02.2019,14:00,63.0,(11.323311051132062+0j)
9087,14.02.2019,15:00,55.0,(10.822164994364314+0j)
9088,14.02.2019,16:00,47.0,(10.269734286241032+0j)
9089,14.02.2019,17:00,47.0,(10.269734286241032+0j)
9090,14.02.2019,18:00,57.0,(10.9517840818175+0j)
9091,14.02.2019,19:00,57.0,(10.9517840818175+0j)
9092,14.02.2019,20:00,50.0,(10.483748386047209+0j)
9093,14.02.2019,21:00,54.0,(10.756174542690822+0j)
9094,14.02.2019,22:00,53.0,(10.689364281461948+0j)
9095,14.02.2019,23:00,65.0,(11.441888376335278+0j)
9096,15.02.2019,00:00,67.0,(11.55805762209552+0j)
9097,15.02.2019,01:00,66.0,(11.500266368369322+0j)
9098,15.02.2019,02:00,67.0,(11.55805762209552+0j)
9099,15.02.2019,03:00,69.0,(11.671937444523078+0j)
9100,15.02.2019,04:00,69.0,(11.671937444523078+0j)
9101,15.02.2019,05:00,69.0,(11.671937444523078+0j)
9102,15.02.2019,06:00,69.0,(11.671937444523078+0j)
9103,15.02.2019,07:00,67.0,(11.55805762209552+0j)
9104,15.02.2019,08:00,67.0,(11.55805762209552+0j)
9105,15.02.2019,09:00,67.0,(11.55805762209552+0j)
9106,15.02.2019,10:00,63.0,(11.323311051132062+0j)
9107,15.02.2019,11:00,66.0,(11.500266368369322+0j)
9108,15.02.2019,12:00,69.0,(11.671937444523078+0j)
9109,15.02.2019,13:00,69.0,(11.671937444523078+0j)
9110,15.02.2019,14:00,69.0,(11.671937444523078+0j)
9111,15.02.2019,15:00,69.0,(11.671937444523078+0j)
9112,15.02.2019,16:00,69.0,(11.671937444523078+0j)
9113,15.02.2019,17:00,69.0,(11.671937444523078+0j)
9114,15.02.2019,18:00,69.0,(11.671937444523078+0j)
9115,15.02.2019,19:00,69.0,(11.671937444523078+0j)
9116,15.02.2019,20:00,69.0,(11.671937444523078+0j)
9117,15.02.2019,21:00,69.0,(11.671937444523078+0j)
9118,15.02.2019,22:00,69.0,(11.671937444523078+0j)
9119,15.02.2019,23:00,69.0,(11.671937444523078+0j)
9120,16.02.2019,00:00,69.0,(11.671937444523078+0j)
9121,16.02.2019,01:00,69.0,(11.671937444523078+0j)
9122,16.02.2019,02:00,69.0,(11.671937444523078+0j)
9123,16.02.2019,03:00,69.0,(11.671937444523078+0j)
9124,16.02.2019,04:00,69.0,(11.671937444523078+0j)
9125,16.02.2019,05:00,69.0,(11.671937444523078+0j)
9126,16.02.2019,06:00,69.0,(11.671937444523078+0j)
9127,16.02.2019,07:00,69.0,(11.671937444523078+0j)
9128,16.02.2019,08:00,69.0,(11.671937444523078+0j)
9129,16.02.2019,09:00,69.0,(11.671937444523078+0j)
9130,16.02.2019,10:00,69.0,(11.671937444523078+0j)
9131,16.02.2019,11:00,69.0,(11.671937444523078+0j)
9132,16.02.2019,12:00,69.0,(11.671937444523078+0j)
9133,16.02.2019,13:00,69.0,(11.671937444523078+0j)
9134,16.02.2019,14:00,69.0,(11.671937444523078+0j)
9135,16.02.2019,15:00,68.0,(11.615276661700541+0j)
9136,16.02.2019,16:00,68.0,(11.615276661700541+0j)
9137,16.02.2019,17:00,64.0,(11.382908522813985+0j)
9138,16.02.2019,18:00,68.0,(11.615276661700541+0j)
9139,16.02.2019,19:00,68.0,(11.615276661700541+0j)
9140,16.02.2019,20:00,62.0,(11.263079534051261+0j)
9141,16.02.2019,21:00,61.0,(11.202196833891742+0j)
9142,16.02.2019,22:00,43.0,(9.969714910096506+0j)
9143,16.02.2019,23:00,40.0,(9.732249888616542+0j)
9144,17.02.2019,00:00,35.0,(9.308562145233848+0j)
9145,17.02.2019,01:00,40.0,(9.732249888616542+0j)
9146,17.02.2019,02:00,31.0,(8.939512150377235+0j)
9147,17.02.2019,03:00,27.0,(8.537181392110488+0j)
9148,17.02.2019,04:00,31.0,(8.939512150377235+0j)
9149,17.02.2019,05:00,36.0,(9.396383955788593+0j)
9150,17.02.2019,06:00,29.0,(8.74297534497106+0j)
9151,17.02.2019,07:00,31.0,(8.939512150377235+0j)
9152,17.02.2019,08:00,36.0,(9.396383955788593+0j)
9153,17.02.2019,09:00,32.0,(9.034620481786352+0j)
9154,17.02.2019,10:00,34.0,(9.219051195842558+0j)
9155,17.02.2019,11:00,15.0,(7.018166609990766+0j)
9156,17.02.2019,12:00,10.0,(6.130933248752508+0j)
9157,17.02.2019,13:00,10.0,(6.130933248752508+0j)
9158,17.02.2019,14:00,20.0,(7.724491855603646+0j)
9159,17.02.2019,15:00,18.0,(7.457914888057963+0j)
9160,17.02.2019,16:00,16.0,(7.170783028460548+0j)
9161,17.02.2019,17:00,12.0,(6.515088753873438+0j)
9162,17.02.2019,18:00,16.0,(7.170783028460548+0j)
9163,17.02.2019,19:00,18.0,(7.457914888057963+0j)
9164,17.02.2019,20:00,14.0,(6.858607230018604+0j)
9165,17.02.2019,21:00,5.0,(4.866124944308272+0j)
9166,17.02.2019,22:00,11.0,(6.32884048187752+0j)
9167,17.02.2019,23:00,8.0,(5.691454261406992+0j)
9168,18.02.2019,00:00,6.0,(5.171029370782441+0j)
9169,18.02.2019,01:00,8.0,(5.691454261406992+0j)
9170,18.02.2019,02:00,7.0,(5.443680165984116+0j)
9171,18.02.2019,03:00,4.0,(4.517310240893176+0j)
9172,18.02.2019,04:00,4.0,(4.517310240893176+0j)
9173,18.02.2019,05:00,3.0,(4.1042487314692515+0j)
9174,18.02.2019,06:00,2.0,(3.585391514230274+0j)
9175,18.02.2019,07:00,2.0,(3.585391514230274+0j)
9176,18.02.2019,08:00,0.0,0j
9177,18.02.2019,09:00,0.0,0j
9178,18.02.2019,10:00,0.0,0j
9179,18.02.2019,11:00,0.0,0j
9180,18.02.2019,12:00,3.0,(4.1042487314692515+0j)
9181,18.02.2019,13:00,3.0,(4.1042487314692515+0j)
9182,18.02.2019,14:00,7.0,(5.443680165984116+0j)
9183,18.02.2019,15:00,14.0,(6.858607230018604+0j)
9184,18.02.2019,16:00,14.0,(6.858607230018604+0j)
9185,18.02.2019,17:00,17.0,(7.317165783214581+0j)
9186,18.02.2019,18:00,26.0,(8.430455436469295+0j)
9187,18.02.2019,19:00,30.0,(8.84233584359671+0j)
9188,18.02.2019,20:00,29.0,(8.74297534497106+0j)
9189,18.02.2019,21:00,29.0,(8.74297534497106+0j)
9190,18.02.2019,22:00,25.0,(8.320956608290626+0j)
9191,18.02.2019,23:00,17.0,(7.317165783214581+0j)
9192,19.02.2019,00:00,12.0,(6.515088753873438+0j)
9193,19.02.2019,01:00,6.0,(5.171029370782441+0j)
9194,19.02.2019,02:00,2.0,(3.585391514230274+0j)
9195,19.02.2019,03:00,2.0,(3.585391514230274+0j)
9196,19.02.2019,04:00,2.0,(3.585391514230274+0j)
9197,19.02.2019,05:00,1.0,(2.845727130703496+0j)
9198,19.02.2019,06:00,0.0,0j
9199,19.02.2019,07:00,0.0,0j
9200,19.02.2019,08:00,0.0,0j
9201,19.02.2019,09:00,0.0,0j
9202,19.02.2019,10:00,0.0,0j
9203,19.02.2019,11:00,0.0,0j
9204,19.02.2019,12:00,0.0,0j
9205,19.02.2019,13:00,0.0,0j
9206,19.02.2019,14:00,0.0,0j
9207,19.02.2019,15:00,0.0,0j
9208,19.02.2019,16:00,0.0,0j
9209,19.02.2019,17:00,0.0,0j
9210,19.02.2019,18:00,0.0,0j
9211,19.02.2019,19:00,0.0,0j
9212,19.02.2019,20:00,2.0,(3.585391514230274+0j)
9213,19.02.2019,21:00,2.0,(3.585391514230274+0j)
9214,19.02.2019,22:00,1.0,(2.845727130703496+0j)
9215,19.02.2019,23:00,0.0,0j
9216,20.02.2019,00:00,0.0,0j
9217,20.02.2019,01:00,0.0,0j
9218,20.02.2019,02:00,0.0,0j
9219,20.02.2019,03:00,0.0,0j
9220,20.02.2019,04:00,0.0,0j
9221,20.02.2019,05:00,0.0,0j
9222,20.02.2019,06:00,0.0,0j
9223,20.02.2019,07:00,0.0,0j
9224,20.02.2019,08:00,0.0,0j
9225,20.02.2019,09:00,0.0,0j
9226,20.02.2019,10:00,0.0,0j
9227,20.02.2019,11:00,0.0,0j
9228,20.02.2019,12:00,0.0,0j
9229,20.02.2019,13:00,2.0,(3.585391514230274+0j)
9230,20.02.2019,14:00,2.0,(3.585391514230274+0j)
9231,20.02.2019,15:00,4.0,(4.517310240893176+0j)
9232,20.02.2019,16:00,5.0,(4.866124944308272+0j)
9233,20.02.2019,17:00,6.0,(5.171029370782441+0j)
9234,20.02.2019,18:00,7.0,(5.443680165984116+0j)
9235,20.02.2019,19:00,4.0,(4.517310240893176+0j)
9236,20.02.2019,20:00,3.0,(4.1042487314692515+0j)
9237,20.02.2019,21:00,3.0,(4.1042487314692515+0j)
9238,20.02.2019,22:00,2.0,(3.585391514230274+0j)
9239,20.02.2019,23:00,0.0,0j
9240,21.02.2019,00:00,0.0,0j
9241,21.02.2019,01:00,0.0,0j
9242,21.02.2019,02:00,0.0,0j
9243,21.02.2019,03:00,0.0,0j
9244,21.02.2019,04:00,0.0,0j
9245,21.02.2019,05:00,0.0,0j
9246,21.02.2019,06:00,0.0,0j
9247,21.02.2019,07:00,0.0,0j
9248,21.02.2019,08:00,0.0,0j
9249,21.02.2019,09:00,1.0,(2.845727130703496+0j)
9250,21.02.2019,10:00,0.0,0j
9251,21.02.2019,11:00,1.0,(2.845727130703496+0j)
9252,21.02.2019,12:00,2.0,(3.585391514230274+0j)
9253,21.02.2019,13:00,2.0,(3.585391514230274+0j)
9254,21.02.2019,14:00,3.0,(4.1042487314692515+0j)
9255,21.02.2019,15:00,4.0,(4.517310240893176+0j)
9256,21.02.2019,16:00,5.0,(4.866124944308272+0j)
9257,21.02.2019,17:00,8.0,(5.691454261406992+0j)
9258,21.02.2019,18:00,13.0,(6.691256914211192+0j)
9259,21.02.2019,19:00,26.0,(8.430455436469295+0j)
9260,21.02.2019,20:00,26.0,(8.430455436469295+0j)
9261,21.02.2019,21:00,30.0,(8.84233584359671+0j)
9262,21.02.2019,22:00,24.0,(8.208497462938503+0j)
9263,21.02.2019,23:00,26.0,(8.430455436469295+0j)
9264,22.02.2019,00:00,24.0,(8.208497462938503+0j)
9265,22.02.2019,01:00,16.0,(7.170783028460548+0j)
9266,22.02.2019,02:00,13.0,(6.691256914211192+0j)
9267,22.02.2019,03:00,10.0,(6.130933248752508+0j)
9268,22.02.2019,04:00,7.0,(5.443680165984116+0j)
9269,22.02.2019,05:00,3.0,(4.1042487314692515+0j)
9270,22.02.2019,06:00,3.0,(4.1042487314692515+0j)
9271,22.02.2019,07:00,1.0,(2.845727130703496+0j)
9272,22.02.2019,08:00,0.0,0j
9273,22.02.2019,09:00,0.0,0j
9274,22.02.2019,10:00,0.0,0j
9275,22.02.2019,11:00,0.0,0j
9276,22.02.2019,12:00,0.0,0j
9277,22.02.2019,13:00,3.0,(4.1042487314692515+0j)
9278,22.02.2019,14:00,3.0,(4.1042487314692515+0j)
9279,22.02.2019,15:00,3.0,(4.1042487314692515+0j)
9280,22.02.2019,16:00,3.0,(4.1042487314692515+0j)
9281,22.02.2019,17:00,6.0,(5.171029370782441+0j)
9282,22.02.2019,18:00,6.0,(5.171029370782441+0j)
9283,22.02.2019,19:00,5.0,(4.866124944308272+0j)
9284,22.02.2019,20:00,7.0,(5.443680165984116+0j)
9285,22.02.2019,21:00,5.0,(4.866124944308272+0j)
9286,22.02.2019,22:00,5.0,(4.866124944308272+0j)
9287,22.02.2019,23:00,1.0,(2.845727130703496+0j)
9288,23.02.2019,00:00,1.0,(2.845727130703496+0j)
9289,23.02.2019,01:00,0.0,0j
9290,23.02.2019,02:00,6.0,(5.171029370782441+0j)
9291,23.02.2019,03:00,4.0,(4.517310240893176+0j)
9292,23.02.2019,04:00,3.0,(4.1042487314692515+0j)
9293,23.02.2019,05:00,0.0,0j
9294,23.02.2019,06:00,12.0,(6.515088753873438+0j)
9295,23.02.2019,07:00,26.0,(8.430455436469295+0j)
9296,23.02.2019,08:00,33.0,(9.127767465531983+0j)
9297,23.02.2019,09:00,37.0,(9.482594128751929+0j)
9298,23.02.2019,10:00,49.0,(10.41338553855059+0j)
9299,23.02.2019,11:00,54.0,(10.756174542690822+0j)
9300,23.02.2019,12:00,63.0,(11.323311051132062+0j)
9301,23.02.2019,13:00,64.0,(11.382908522813985+0j)
9302,23.02.2019,14:00,65.0,(11.441888376335278+0j)
9303,23.02.2019,15:00,66.0,(11.500266368369322+0j)
9304,23.02.2019,16:00,58.0,(11.015458675840927+0j)
9305,23.02.2019,17:00,68.0,(11.615276661700541+0j)
9306,23.02.2019,18:00,68.0,(11.615276661700541+0j)
9307,23.02.2019,19:00,68.0,(11.615276661700541+0j)
9308,23.02.2019,20:00,69.0,(11.671937444523078+0j)
9309,23.02.2019,21:00,66.0,(11.500266368369322+0j)
9310,23.02.2019,22:00,63.0,(11.323311051132062+0j)
9311,23.02.2019,23:00,64.0,(11.382908522813985+0j)
9312,24.02.2019,00:00,63.0,(11.323311051132062+0j)
9313,24.02.2019,01:00,65.0,(11.441888376335278+0j)
9314,24.02.2019,02:00,66.0,(11.500266368369322+0j)
9315,24.02.2019,03:00,67.0,(11.55805762209552+0j)
9316,24.02.2019,04:00,69.0,(11.671937444523078+0j)
9317,24.02.2019,05:00,68.0,(11.615276661700541+0j)
9318,24.02.2019,06:00,65.0,(11.441888376335278+0j)
9319,24.02.2019,07:00,69.0,(11.671937444523078+0j)
9320,24.02.2019,08:00,66.0,(11.500266368369322+0j)
9321,24.02.2019,09:00,68.0,(11.615276661700541+0j)
9322,24.02.2019,10:00,68.0,(11.615276661700541+0j)
9323,24.02.2019,11:00,66.0,(11.500266368369322+0j)
9324,24.02.2019,12:00,65.0,(11.441888376335278+0j)
9325,24.02.2019,13:00,66.0,(11.500266368369322+0j)
9326,24.02.2019,14:00,67.0,(11.55805762209552+0j)
9327,24.02.2019,15:00,67.0,(11.55805762209552+0j)
9328,24.02.2019,16:00,68.0,(11.615276661700541+0j)
9329,24.02.2019,17:00,68.0,(11.615276661700541+0j)
9330,24.02.2019,18:00,67.0,(11.55805762209552+0j)
9331,24.02.2019,19:00,67.0,(11.55805762209552+0j)
9332,24.02.2019,20:00,67.0,(11.55805762209552+0j)
9333,24.02.2019,21:00,66.0,(11.500266368369322+0j)
9334,24.02.2019,22:00,61.0,(11.202196833891742+0j)
9335,24.02.2019,23:00,62.0,(11.263079534051261+0j)
9336,25.02.2019,00:00,62.0,(11.263079534051261+0j)
9337,25.02.2019,01:00,61.0,(11.202196833891742+0j)
9338,25.02.2019,02:00,56.0,(10.887360331968232+0j)
9339,25.02.2019,03:00,57.0,(10.9517840818175+0j)
9340,25.02.2019,04:00,52.0,(10.621708264608335+0j)
9341,25.02.2019,05:00,53.0,(10.689364281461948+0j)
9342,25.02.2019,06:00,44.0,(10.0464080386713+0j)
9343,25.02.2019,07:00,43.0,(9.969714910096506+0j)
9344,25.02.2019,08:00,39.0,(9.650462409337567+0j)
9345,25.02.2019,09:00,44.0,(10.0464080386713+0j)
9346,25.02.2019,10:00,38.0,(9.567264627885733+0j)
9347,25.02.2019,11:00,43.0,(9.969714910096506+0j)
9348,25.02.2019,12:00,62.0,(11.263079534051261+0j)
9349,25.02.2019,13:00,63.0,(11.323311051132062+0j)
9350,25.02.2019,14:00,63.0,(11.323311051132062+0j)
9351,25.02.2019,15:00,66.0,(11.500266368369322+0j)
9352,25.02.2019,16:00,67.0,(11.55805762209552+0j)
9353,25.02.2019,17:00,65.0,(11.441888376335278+0j)
9354,25.02.2019,18:00,65.0,(11.441888376335278+0j)
9355,25.02.2019,19:00,63.0,(11.323311051132062+0j)
9356,25.02.2019,20:00,63.0,(11.323311051132062+0j)
9357,25.02.2019,21:00,60.0,(11.140645059587433+0j)
9358,25.02.2019,22:00,57.0,(10.9517840818175+0j)
9359,25.02.2019,23:00,60.0,(11.140645059587433+0j)
9360,26.02.2019,00:00,62.0,(11.263079534051261+0j)
9361,26.02.2019,01:00,59.0,(11.078405520382008+0j)
9362,26.02.2019,02:00,59.0,(11.078405520382008+0j)
9363,26.02.2019,03:00,62.0,(11.263079534051261+0j)
9364,26.02.2019,04:00,65.0,(11.441888376335278+0j)
9365,26.02.2019,05:00,66.0,(11.500266368369322+0j)
9366,26.02.2019,06:00,64.0,(11.382908522813985+0j)
9367,26.02.2019,07:00,60.0,(11.140645059587433+0j)
9368,26.02.2019,08:00,65.0,(11.441888376335278+0j)
9369,26.02.2019,09:00,64.0,(11.382908522813985+0j)
9370,26.02.2019,10:00,55.0,(10.822164994364314+0j)
9371,26.02.2019,11:00,61.0,(11.202196833891742+0j)
9372,26.02.2019,12:00,60.0,(11.140645059587433+0j)
9373,26.02.2019,13:00,61.0,(11.202196833891742+0j)
9374,26.02.2019,14:00,52.0,(10.621708264608335+0j)
9375,26.02.2019,15:00,38.0,(9.567264627885733+0j)
9376,26.02.2019,16:00,35.0,(9.308562145233848+0j)
9377,26.02.2019,17:00,31.0,(8.939512150377235+0j)
9378,26.02.2019,18:00,22.0,(7.9738393445443+0j)
9379,26.02.2019,19:00,17.0,(7.317165783214581+0j)
9380,26.02.2019,20:00,16.0,(7.170783028460548+0j)
9381,26.02.2019,21:00,13.0,(6.691256914211192+0j)
9382,26.02.2019,22:00,23.0,(8.092869420675413+0j)
9383,26.02.2019,23:00,35.0,(9.308562145233848+0j)
9384,27.02.2019,00:00,50.0,(10.483748386047209+0j)
9385,27.02.2019,01:00,50.0,(10.483748386047209+0j)
9386,27.02.2019,02:00,50.0,(10.483748386047209+0j)
9387,27.02.2019,03:00,56.0,(10.887360331968232+0j)
9388,27.02.2019,04:00,49.0,(10.41338553855059+0j)
9389,27.02.2019,05:00,63.0,(11.323311051132062+0j)
9390,27.02.2019,06:00,60.0,(11.140645059587433+0j)
9391,27.02.2019,07:00,50.0,(10.483748386047209+0j)
9392,27.02.2019,08:00,62.0,(11.263079534051261+0j)
9393,27.02.2019,09:00,59.0,(11.078405520382008+0j)
9394,27.02.2019,10:00,66.0,(11.500266368369322+0j)
9395,27.02.2019,11:00,65.0,(11.441888376335278+0j)
9396,27.02.2019,12:00,65.0,(11.441888376335278+0j)
9397,27.02.2019,13:00,66.0,(11.500266368369322+0j)
9398,27.02.2019,14:00,66.0,(11.500266368369322+0j)
9399,27.02.2019,15:00,64.0,(11.382908522813985+0j)
9400,27.02.2019,16:00,66.0,(11.500266368369322+0j)
9401,27.02.2019,17:00,67.0,(11.55805762209552+0j)
9402,27.02.2019,18:00,67.0,(11.55805762209552+0j)
9403,27.02.2019,19:00,67.0,(11.55805762209552+0j)
9404,27.02.2019,20:00,68.0,(11.615276661700541+0j)
9405,27.02.2019,21:00,62.0,(11.263079534051261+0j)
9406,27.02.2019,22:00,53.0,(10.689364281461948+0j)
9407,27.02.2019,23:00,60.0,(11.140645059587433+0j)
9408,28.02.2019,00:00,44.0,(10.0464080386713+0j)
9409,28.02.2019,01:00,56.0,(10.887360331968232+0j)
9410,28.02.2019,02:00,40.0,(9.732249888616542+0j)
9411,28.02.2019,03:00,57.0,(10.9517840818175+0j)
9412,28.02.2019,04:00,40.0,(9.732249888616542+0j)
9413,28.02.2019,05:00,42.0,(9.891823330401618+0j)
9414,28.02.2019,06:00,22.0,(7.9738393445443+0j)
9415,28.02.2019,07:00,6.0,(5.171029370782441+0j)
9416,28.02.2019,08:00,11.0,(6.32884048187752+0j)
9417,28.02.2019,09:00,20.0,(7.724491855603646+0j)
9418,28.02.2019,10:00,8.0,(5.691454261406992+0j)
9419,28.02.2019,11:00,4.0,(4.517310240893176+0j)
9420,28.02.2019,12:00,2.0,(3.585391514230274+0j)
9421,28.02.2019,13:00,2.0,(3.585391514230274+0j)
9422,28.02.2019,14:00,1.0,(2.845727130703496+0j)
9423,28.02.2019,15:00,2.0,(3.585391514230274+0j)
9424,28.02.2019,16:00,7.0,(5.443680165984116+0j)
9425,28.02.2019,17:00,3.0,(4.1042487314692515+0j)
9426,28.02.2019,18:00,6.0,(5.171029370782441+0j)
9427,28.02.2019,19:00,4.0,(4.517310240893176+0j)
9428,28.02.2019,20:00,6.0,(5.171029370782441+0j)
9429,28.02.2019,21:00,3.0,(4.1042487314692515+0j)
9430,28.02.2019,22:00,2.0,(3.585391514230274+0j)
9431,28.02.2019,23:00,4.0,(4.517310240893176+0j)
9432,01.03.2019,00:00,9.0,(5.919350969396254+0j)
9433,01.03.2019,01:00,16.0,(7.170783028460548+0j)
9434,01.03.2019,02:00,7.0,(5.443680165984116+0j)
9435,01.03.2019,03:00,8.0,(5.691454261406992+0j)
9436,01.03.2019,04:00,13.0,(6.691256914211192+0j)
9437,01.03.2019,05:00,13.0,(6.691256914211192+0j)
9438,01.03.2019,06:00,17.0,(7.317165783214581+0j)
9439,01.03.2019,07:00,16.0,(7.170783028460548+0j)
9440,01.03.2019,08:00,8.0,(5.691454261406992+0j)
9441,01.03.2019,09:00,27.0,(8.537181392110488+0j)
9442,01.03.2019,10:00,7.0,(5.443680165984116+0j)
9443,01.03.2019,11:00,6.0,(5.171029370782441+0j)
9444,01.03.2019,12:00,4.0,(4.517310240893176+0j)
9445,01.03.2019,13:00,5.0,(4.866124944308272+0j)
9446,01.03.2019,14:00,6.0,(5.171029370782441+0j)
9447,01.03.2019,15:00,6.0,(5.171029370782441+0j)
9448,01.03.2019,16:00,8.0,(5.691454261406992+0j)
9449,01.03.2019,17:00,10.0,(6.130933248752508+0j)
9450,01.03.2019,18:00,6.0,(5.171029370782441+0j)
9451,01.03.2019,19:00,7.0,(5.443680165984116+0j)
9452,01.03.2019,20:00,15.0,(7.018166609990766+0j)
9453,01.03.2019,21:00,4.0,(4.517310240893176+0j)
9454,01.03.2019,22:00,0.0,0j
9455,01.03.2019,23:00,4.0,(4.517310240893176+0j)
9456,02.03.2019,00:00,6.0,(5.171029370782441+0j)
9457,02.03.2019,01:00,0.0,0j
9458,02.03.2019,02:00,1.0,(2.845727130703496+0j)
9459,02.03.2019,03:00,6.0,(5.171029370782441+0j)
9460,02.03.2019,04:00,10.0,(6.130933248752508+0j)
9461,02.03.2019,05:00,7.0,(5.443680165984116+0j)
9462,02.03.2019,06:00,5.0,(4.866124944308272+0j)
9463,02.03.2019,07:00,6.0,(5.171029370782441+0j)
9464,02.03.2019,08:00,6.0,(5.171029370782441+0j)
9465,02.03.2019,09:00,3.0,(4.1042487314692515+0j)
9466,02.03.2019,10:00,7.0,(5.443680165984116+0j)
9467,02.03.2019,11:00,2.0,(3.585391514230274+0j)
9468,02.03.2019,12:00,0.0,0j
9469,02.03.2019,13:00,1.0,(2.845727130703496+0j)
9470,02.03.2019,14:00,0.0,0j
9471,02.03.2019,15:00,0.0,0j
9472,02.03.2019,16:00,0.0,0j
9473,02.03.2019,17:00,0.0,0j
9474,02.03.2019,18:00,6.0,(5.171029370782441+0j)
9475,02.03.2019,19:00,24.0,(8.208497462938503+0j)
9476,02.03.2019,20:00,7.0,(5.443680165984116+0j)
9477,02.03.2019,21:00,0.0,0j
9478,02.03.2019,22:00,7.0,(5.443680165984116+0j)
9479,02.03.2019,23:00,21.0,(7.851145380281553+0j)
9480,03.03.2019,00:00,16.0,(7.170783028460548+0j)
9481,03.03.2019,01:00,18.0,(7.457914888057963+0j)
9482,03.03.2019,02:00,14.0,(6.858607230018604+0j)
9483,03.03.2019,03:00,21.0,(7.851145380281553+0j)
9484,03.03.2019,04:00,44.0,(10.0464080386713+0j)
9485,03.03.2019,05:00,59.0,(11.078405520382008+0j)
9486,03.03.2019,06:00,47.0,(10.269734286241032+0j)
9487,03.03.2019,07:00,47.0,(10.269734286241032+0j)
9488,03.03.2019,08:00,47.0,(10.269734286241032+0j)
9489,03.03.2019,09:00,54.0,(10.756174542690822+0j)
9490,03.03.2019,10:00,40.0,(9.732249888616542+0j)
9491,03.03.2019,11:00,44.0,(10.0464080386713+0j)
9492,03.03.2019,12:00,51.0,(10.5531792067093+0j)
9493,03.03.2019,13:00,50.0,(10.483748386047209+0j)
9494,03.03.2019,14:00,45.0,(10.121947777604984+0j)
9495,03.03.2019,15:00,50.0,(10.483748386047209+0j)
9496,03.03.2019,16:00,47.0,(10.269734286241032+0j)
9497,03.03.2019,17:00,45.0,(10.121947777604984+0j)
9498,03.03.2019,18:00,46.0,(10.19637653715948+0j)
9499,03.03.2019,19:00,48.0,(10.34205874156488+0j)
9500,03.03.2019,20:00,41.0,(9.812685353516676+0j)
9501,03.03.2019,21:00,35.0,(9.308562145233848+0j)
9502,03.03.2019,22:00,46.0,(10.19637653715948+0j)
9503,03.03.2019,23:00,38.0,(9.567264627885733+0j)
9504,04.03.2019,00:00,35.0,(9.308562145233848+0j)
9505,04.03.2019,01:00,31.0,(8.939512150377235+0j)
9506,04.03.2019,02:00,34.0,(9.219051195842558+0j)
9507,04.03.2019,03:00,31.0,(8.939512150377235+0j)
9508,04.03.2019,04:00,32.0,(9.034620481786352+0j)
9509,04.03.2019,05:00,26.0,(8.430455436469295+0j)
9510,04.03.2019,06:00,29.0,(8.74297534497106+0j)
9511,04.03.2019,07:00,26.0,(8.430455436469295+0j)
9512,04.03.2019,08:00,26.0,(8.430455436469295+0j)
9513,04.03.2019,09:00,30.0,(8.84233584359671+0j)
9514,04.03.2019,10:00,20.0,(7.724491855603646+0j)
9515,04.03.2019,11:00,25.0,(8.320956608290626+0j)
9516,04.03.2019,12:00,23.0,(8.092869420675413+0j)
9517,04.03.2019,13:00,14.0,(6.858607230018604+0j)
9518,04.03.2019,14:00,6.0,(5.171029370782441+0j)
9519,04.03.2019,15:00,3.0,(4.1042487314692515+0j)
9520,04.03.2019,16:00,1.0,(2.845727130703496+0j)
9521,04.03.2019,17:00,1.0,(2.845727130703496+0j)
9522,04.03.2019,18:00,2.0,(3.585391514230274+0j)
9523,04.03.2019,19:00,5.0,(4.866124944308272+0j)
9524,04.03.2019,20:00,2.0,(3.585391514230274+0j)
9525,04.03.2019,21:00,0.0,0j
9526,04.03.2019,22:00,0.0,0j
9527,04.03.2019,23:00,0.0,0j
9528,05.03.2019,00:00,0.0,0j
9529,05.03.2019,01:00,0.0,0j
9530,05.03.2019,02:00,0.0,0j
9531,05.03.2019,03:00,0.0,0j
9532,05.03.2019,04:00,0.0,0j
9533,05.03.2019,05:00,4.0,(4.517310240893176+0j)
9534,05.03.2019,06:00,6.0,(5.171029370782441+0j)
9535,05.03.2019,07:00,12.0,(6.515088753873438+0j)
9536,05.03.2019,08:00,5.0,(4.866124944308272+0j)
9537,05.03.2019,09:00,3.0,(4.1042487314692515+0j)
9538,05.03.2019,10:00,3.0,(4.1042487314692515+0j)
9539,05.03.2019,11:00,4.0,(4.517310240893176+0j)
9540,05.03.2019,12:00,17.0,(7.317165783214581+0j)
9541,05.03.2019,13:00,5.0,(4.866124944308272+0j)
9542,05.03.2019,14:00,5.0,(4.866124944308272+0j)
9543,05.03.2019,15:00,7.0,(5.443680165984116+0j)
9544,05.03.2019,16:00,12.0,(6.515088753873438+0j)
9545,05.03.2019,17:00,15.0,(7.018166609990766+0j)
9546,05.03.2019,18:00,23.0,(8.092869420675413+0j)
9547,05.03.2019,19:00,23.0,(8.092869420675413+0j)
9548,05.03.2019,20:00,41.0,(9.812685353516676+0j)
9549,05.03.2019,21:00,30.0,(8.84233584359671+0j)
9550,05.03.2019,22:00,46.0,(10.19637653715948+0j)
9551,05.03.2019,23:00,58.0,(11.015458675840927+0j)
9552,06.03.2019,00:00,45.0,(10.121947777604984+0j)
9553,06.03.2019,01:00,37.0,(9.482594128751929+0j)
9554,06.03.2019,02:00,40.0,(9.732249888616542+0j)
9555,06.03.2019,03:00,40.0,(9.732249888616542+0j)
9556,06.03.2019,04:00,39.0,(9.650462409337567+0j)
9557,06.03.2019,05:00,36.0,(9.396383955788593+0j)
9558,06.03.2019,06:00,38.0,(9.567264627885733+0j)
9559,06.03.2019,07:00,35.0,(9.308562145233848+0j)
9560,06.03.2019,08:00,40.0,(9.732249888616542+0j)
9561,06.03.2019,09:00,36.0,(9.396383955788593+0j)
9562,06.03.2019,10:00,18.0,(7.457914888057963+0j)
9563,06.03.2019,11:00,16.0,(7.170783028460548+0j)
9564,06.03.2019,12:00,14.0,(6.858607230018604+0j)
9565,06.03.2019,13:00,22.0,(7.9738393445443+0j)
9566,06.03.2019,14:00,55.0,(10.822164994364314+0j)
9567,06.03.2019,15:00,47.0,(10.269734286241032+0j)
9568,06.03.2019,16:00,48.0,(10.34205874156488+0j)
9569,06.03.2019,17:00,49.0,(10.41338553855059+0j)
9570,06.03.2019,18:00,47.0,(10.269734286241032+0j)
9571,06.03.2019,19:00,30.0,(8.84233584359671+0j)
9572,06.03.2019,20:00,26.0,(8.430455436469295+0j)
9573,06.03.2019,21:00,21.0,(7.851145380281553+0j)
9574,06.03.2019,22:00,19.0,(7.593542967381978+0j)
9575,06.03.2019,23:00,10.0,(6.130933248752508+0j)
9576,07.03.2019,00:00,4.0,(4.517310240893176+0j)
9577,07.03.2019,01:00,2.0,(3.585391514230274+0j)
9578,07.03.2019,02:00,3.0,(4.1042487314692515+0j)
9579,07.03.2019,03:00,0.0,0j
9580,07.03.2019,04:00,0.0,0j
9581,07.03.2019,05:00,0.0,0j
9582,07.03.2019,06:00,0.0,0j
9583,07.03.2019,07:00,0.0,0j
9584,07.03.2019,08:00,0.0,0j
9585,07.03.2019,09:00,0.0,0j
9586,07.03.2019,10:00,0.0,0j
9587,07.03.2019,11:00,0.0,0j
9588,07.03.2019,12:00,0.0,0j
9589,07.03.2019,13:00,0.0,0j
9590,07.03.2019,14:00,0.0,0j
9591,07.03.2019,15:00,0.0,0j
9592,07.03.2019,16:00,0.0,0j
9593,07.03.2019,17:00,0.0,0j
9594,07.03.2019,18:00,1.0,(2.845727130703496+0j)
9595,07.03.2019,19:00,3.0,(4.1042487314692515+0j)
9596,07.03.2019,20:00,0.0,0j
9597,07.03.2019,21:00,0.0,0j
9598,07.03.2019,22:00,0.0,0j
9599,07.03.2019,23:00,0.0,0j
9600,08.03.2019,00:00,0.0,0j
9601,08.03.2019,01:00,0.0,0j
9602,08.03.2019,02:00,0.0,0j
9603,08.03.2019,03:00,0.0,0j
9604,08.03.2019,04:00,1.0,(2.845727130703496+0j)
9605,08.03.2019,05:00,4.0,(4.517310240893176+0j)
9606,08.03.2019,06:00,2.0,(3.585391514230274+0j)
9607,08.03.2019,07:00,5.0,(4.866124944308272+0j)
9608,08.03.2019,08:00,6.0,(5.171029370782441+0j)
9609,08.03.2019,09:00,4.0,(4.517310240893176+0j)
9610,08.03.2019,10:00,2.0,(3.585391514230274+0j)
9611,08.03.2019,11:00,1.0,(2.845727130703496+0j)
9612,08.03.2019,12:00,0.0,0j
9613,08.03.2019,13:00,1.0,(2.845727130703496+0j)
9614,08.03.2019,14:00,0.0,0j
9615,08.03.2019,15:00,4.0,(4.517310240893176+0j)
9616,08.03.2019,16:00,4.0,(4.517310240893176+0j)
9617,08.03.2019,17:00,3.0,(4.1042487314692515+0j)
9618,08.03.2019,18:00,3.0,(4.1042487314692515+0j)
9619,08.03.2019,19:00,5.0,(4.866124944308272+0j)
9620,08.03.2019,20:00,12.0,(6.515088753873438+0j)
9621,08.03.2019,21:00,6.0,(5.171029370782441+0j)
9622,08.03.2019,22:00,12.0,(6.515088753873438+0j)
9623,08.03.2019,23:00,15.0,(7.018166609990766+0j)
9624,09.03.2019,00:00,11.0,(6.32884048187752+0j)
9625,09.03.2019,01:00,7.0,(5.443680165984116+0j)
9626,09.03.2019,02:00,5.0,(4.866124944308272+0j)
9627,09.03.2019,03:00,3.0,(4.1042487314692515+0j)
9628,09.03.2019,04:00,5.0,(4.866124944308272+0j)
9629,09.03.2019,05:00,3.0,(4.1042487314692515+0j)
9630,09.03.2019,06:00,3.0,(4.1042487314692515+0j)
9631,09.03.2019,07:00,4.0,(4.517310240893176+0j)
9632,09.03.2019,08:00,7.0,(5.443680165984116+0j)
9633,09.03.2019,09:00,0.0,0j
9634,09.03.2019,10:00,3.0,(4.1042487314692515+0j)
9635,09.03.2019,11:00,1.0,(2.845727130703496+0j)
9636,09.03.2019,12:00,1.0,(2.845727130703496+0j)
9637,09.03.2019,13:00,3.0,(4.1042487314692515+0j)
9638,09.03.2019,14:00,5.0,(4.866124944308272+0j)
9639,09.03.2019,15:00,25.0,(8.320956608290626+0j)
9640,09.03.2019,16:00,31.0,(8.939512150377235+0j)
9641,09.03.2019,17:00,24.0,(8.208497462938503+0j)
9642,09.03.2019,18:00,12.0,(6.515088753873438+0j)
9643,09.03.2019,19:00,17.0,(7.317165783214581+0j)
9644,09.03.2019,20:00,8.0,(5.691454261406992+0j)
9645,09.03.2019,21:00,15.0,(7.018166609990766+0j)
9646,09.03.2019,22:00,23.0,(8.092869420675413+0j)
9647,09.03.2019,23:00,12.0,(6.515088753873438+0j)
9648,10.03.2019,00:00,8.0,(5.691454261406992+0j)
9649,10.03.2019,01:00,8.0,(5.691454261406992+0j)
9650,10.03.2019,02:00,7.0,(5.443680165984116+0j)
9651,10.03.2019,03:00,10.0,(6.130933248752508+0j)
9652,10.03.2019,04:00,3.0,(4.1042487314692515+0j)
9653,10.03.2019,05:00,12.0,(6.515088753873438+0j)
9654,10.03.2019,06:00,14.0,(6.858607230018604+0j)
9655,10.03.2019,07:00,17.0,(7.317165783214581+0j)
9656,10.03.2019,08:00,15.0,(7.018166609990766+0j)
9657,10.03.2019,09:00,12.0,(6.515088753873438+0j)
9658,10.03.2019,10:00,9.0,(5.919350969396254+0j)
9659,10.03.2019,11:00,5.0,(4.866124944308272+0j)
9660,10.03.2019,12:00,11.0,(6.32884048187752+0j)
9661,10.03.2019,13:00,17.0,(7.317165783214581+0j)
9662,10.03.2019,14:00,9.0,(5.919350969396254+0j)
9663,10.03.2019,15:00,10.0,(6.130933248752508+0j)
9664,10.03.2019,16:00,8.0,(5.691454261406992+0j)
9665,10.03.2019,17:00,10.0,(6.130933248752508+0j)
9666,10.03.2019,18:00,8.0,(5.691454261406992+0j)
9667,10.03.2019,19:00,8.0,(5.691454261406992+0j)
9668,10.03.2019,20:00,11.0,(6.32884048187752+0j)
9669,10.03.2019,21:00,17.0,(7.317165783214581+0j)
9670,10.03.2019,22:00,13.0,(6.691256914211192+0j)
9671,10.03.2019,23:00,11.0,(6.32884048187752+0j)
9672,11.03.2019,00:00,16.0,(7.170783028460548+0j)
9673,11.03.2019,01:00,24.0,(8.208497462938503+0j)
9674,11.03.2019,02:00,18.0,(7.457914888057963+0j)
9675,11.03.2019,03:00,22.0,(7.9738393445443+0j)
9676,11.03.2019,04:00,42.0,(9.891823330401618+0j)
9677,11.03.2019,05:00,48.0,(10.34205874156488+0j)
9678,11.03.2019,06:00,46.0,(10.19637653715948+0j)
9679,11.03.2019,07:00,26.0,(8.430455436469295+0j)
9680,11.03.2019,08:00,30.0,(8.84233584359671+0j)
9681,11.03.2019,09:00,35.0,(9.308562145233848+0j)
9682,11.03.2019,10:00,23.0,(8.092869420675413+0j)
9683,11.03.2019,11:00,19.0,(7.593542967381978+0j)
9684,11.03.2019,12:00,20.0,(7.724491855603646+0j)
9685,11.03.2019,13:00,26.0,(8.430455436469295+0j)
9686,11.03.2019,14:00,25.0,(8.320956608290626+0j)
9687,11.03.2019,15:00,24.0,(8.208497462938503+0j)
9688,11.03.2019,16:00,34.0,(9.219051195842558+0j)
9689,11.03.2019,17:00,35.0,(9.308562145233848+0j)
9690,11.03.2019,18:00,38.0,(9.567264627885733+0j)
9691,11.03.2019,19:00,59.0,(11.078405520382008+0j)
9692,11.03.2019,20:00,66.0,(11.500266368369322+0j)
9693,11.03.2019,21:00,57.0,(10.9517840818175+0j)
9694,11.03.2019,22:00,38.0,(9.567264627885733+0j)
9695,11.03.2019,23:00,53.0,(10.689364281461948+0j)
9696,12.03.2019,00:00,51.0,(10.5531792067093+0j)
9697,12.03.2019,01:00,33.0,(9.127767465531983+0j)
9698,12.03.2019,02:00,33.0,(9.127767465531983+0j)
9699,12.03.2019,03:00,62.0,(11.263079534051261+0j)
9700,12.03.2019,04:00,61.0,(11.202196833891742+0j)
9701,12.03.2019,05:00,62.0,(11.263079534051261+0j)
9702,12.03.2019,06:00,66.0,(11.500266368369322+0j)
9703,12.03.2019,07:00,57.0,(10.9517840818175+0j)
9704,12.03.2019,08:00,69.0,(11.671937444523078+0j)
9705,12.03.2019,09:00,69.0,(11.671937444523078+0j)
9706,12.03.2019,10:00,68.0,(11.615276661700541+0j)
9707,12.03.2019,11:00,68.0,(11.615276661700541+0j)
9708,12.03.2019,12:00,69.0,(11.671937444523078+0j)
9709,12.03.2019,13:00,58.0,(11.015458675840927+0j)
9710,12.03.2019,14:00,57.0,(10.9517840818175+0j)
9711,12.03.2019,15:00,50.0,(10.483748386047209+0j)
9712,12.03.2019,16:00,53.0,(10.689364281461948+0j)
9713,12.03.2019,17:00,62.0,(11.263079534051261+0j)
9714,12.03.2019,18:00,49.0,(10.41338553855059+0j)
9715,12.03.2019,19:00,41.0,(9.812685353516676+0j)
9716,12.03.2019,20:00,58.0,(11.015458675840927+0j)
9717,12.03.2019,21:00,64.0,(11.382908522813985+0j)
9718,12.03.2019,22:00,33.0,(9.127767465531983+0j)
9719,12.03.2019,23:00,27.0,(8.537181392110488+0j)
9720,13.03.2019,00:00,4.0,(4.517310240893176+0j)
9721,13.03.2019,01:00,11.0,(6.32884048187752+0j)
9722,13.03.2019,02:00,11.0,(6.32884048187752+0j)
9723,13.03.2019,03:00,38.0,(9.567264627885733+0j)
9724,13.03.2019,04:00,52.0,(10.621708264608335+0j)
9725,13.03.2019,05:00,59.0,(11.078405520382008+0j)
9726,13.03.2019,06:00,59.0,(11.078405520382008+0j)
9727,13.03.2019,07:00,53.0,(10.689364281461948+0j)
9728,13.03.2019,08:00,62.0,(11.263079534051261+0j)
9729,13.03.2019,09:00,60.0,(11.140645059587433+0j)
9730,13.03.2019,10:00,53.0,(10.689364281461948+0j)
9731,13.03.2019,11:00,58.0,(11.015458675840927+0j)
9732,13.03.2019,12:00,57.0,(10.9517840818175+0j)
9733,13.03.2019,13:00,65.0,(11.441888376335278+0j)
9734,13.03.2019,14:00,64.0,(11.382908522813985+0j)
9735,13.03.2019,15:00,68.0,(11.615276661700541+0j)
9736,13.03.2019,16:00,68.0,(11.615276661700541+0j)
9737,13.03.2019,17:00,64.0,(11.382908522813985+0j)
9738,13.03.2019,18:00,61.0,(11.202196833891742+0j)
9739,13.03.2019,19:00,57.0,(10.9517840818175+0j)
9740,13.03.2019,20:00,52.0,(10.621708264608335+0j)
9741,13.03.2019,21:00,47.0,(10.269734286241032+0j)
9742,13.03.2019,22:00,44.0,(10.0464080386713+0j)
9743,13.03.2019,23:00,52.0,(10.621708264608335+0j)
9744,14.03.2019,00:00,45.0,(10.121947777604984+0j)
9745,14.03.2019,01:00,39.0,(9.650462409337567+0j)
9746,14.03.2019,02:00,33.0,(9.127767465531983+0j)
9747,14.03.2019,03:00,19.0,(7.593542967381978+0j)
9748,14.03.2019,04:00,17.0,(7.317165783214581+0j)
9749,14.03.2019,05:00,14.0,(6.858607230018604+0j)
9750,14.03.2019,06:00,6.0,(5.171029370782441+0j)
9751,14.03.2019,07:00,7.0,(5.443680165984116+0j)
9752,14.03.2019,08:00,5.0,(4.866124944308272+0j)
9753,14.03.2019,09:00,2.0,(3.585391514230274+0j)
9754,14.03.2019,10:00,0.0,0j
9755,14.03.2019,11:00,0.0,0j
9756,14.03.2019,12:00,0.0,0j
9757,14.03.2019,13:00,0.0,0j
9758,14.03.2019,14:00,0.0,0j
9759,14.03.2019,15:00,0.0,0j
9760,14.03.2019,16:00,0.0,0j
9761,14.03.2019,17:00,0.0,0j
9762,14.03.2019,18:00,0.0,0j
9763,14.03.2019,19:00,0.0,0j
9764,14.03.2019,20:00,0.0,0j
9765,14.03.2019,21:00,1.0,(2.845727130703496+0j)
9766,14.03.2019,22:00,4.0,(4.517310240893176+0j)
9767,14.03.2019,23:00,6.0,(5.171029370782441+0j)
9768,15.03.2019,00:00,9.0,(5.919350969396254+0j)
9769,15.03.2019,01:00,6.0,(5.171029370782441+0j)
9770,15.03.2019,02:00,1.0,(2.845727130703496+0j)
9771,15.03.2019,03:00,4.0,(4.517310240893176+0j)
9772,15.03.2019,04:00,0.0,0j
9773,15.03.2019,05:00,0.0,0j
9774,15.03.2019,06:00,0.0,0j
9775,15.03.2019,07:00,0.0,0j
9776,15.03.2019,08:00,0.0,0j
9777,15.03.2019,09:00,1.0,(2.845727130703496+0j)
9778,15.03.2019,10:00,3.0,(4.1042487314692515+0j)
9779,15.03.2019,11:00,9.0,(5.919350969396254+0j)
9780,15.03.2019,12:00,10.0,(6.130933248752508+0j)
9781,15.03.2019,13:00,18.0,(7.457914888057963+0j)
9782,15.03.2019,14:00,18.0,(7.457914888057963+0j)
9783,15.03.2019,15:00,18.0,(7.457914888057963+0j)
9784,15.03.2019,16:00,15.0,(7.018166609990766+0j)
9785,15.03.2019,17:00,15.0,(7.018166609990766+0j)
9786,15.03.2019,18:00,16.0,(7.170783028460548+0j)
9787,15.03.2019,19:00,33.0,(9.127767465531983+0j)
9788,15.03.2019,20:00,37.0,(9.482594128751929+0j)
9789,15.03.2019,21:00,32.0,(9.034620481786352+0j)
9790,15.03.2019,22:00,38.0,(9.567264627885733+0j)
9791,15.03.2019,23:00,32.0,(9.034620481786352+0j)
9792,16.03.2019,00:00,25.0,(8.320956608290626+0j)
9793,16.03.2019,01:00,45.0,(10.121947777604984+0j)
9794,16.03.2019,02:00,25.0,(8.320956608290626+0j)
9795,16.03.2019,03:00,15.0,(7.018166609990766+0j)
9796,16.03.2019,04:00,23.0,(8.092869420675413+0j)
9797,16.03.2019,05:00,22.0,(7.9738393445443+0j)
9798,16.03.2019,06:00,9.0,(5.919350969396254+0j)
9799,16.03.2019,07:00,3.0,(4.1042487314692515+0j)
9800,16.03.2019,08:00,6.0,(5.171029370782441+0j)
9801,16.03.2019,09:00,0.0,0j
9802,16.03.2019,10:00,2.0,(3.585391514230274+0j)
9803,16.03.2019,11:00,1.0,(2.845727130703496+0j)
9804,16.03.2019,12:00,0.0,0j
9805,16.03.2019,13:00,0.0,0j
9806,16.03.2019,14:00,9.0,(5.919350969396254+0j)
9807,16.03.2019,15:00,10.0,(6.130933248752508+0j)
9808,16.03.2019,16:00,19.0,(7.593542967381978+0j)
9809,16.03.2019,17:00,14.0,(6.858607230018604+0j)
9810,16.03.2019,18:00,6.0,(5.171029370782441+0j)
9811,16.03.2019,19:00,3.0,(4.1042487314692515+0j)
9812,16.03.2019,20:00,1.0,(2.845727130703496+0j)
9813,16.03.2019,21:00,2.0,(3.585391514230274+0j)
9814,16.03.2019,22:00,10.0,(6.130933248752508+0j)
9815,16.03.2019,23:00,13.0,(6.691256914211192+0j)
9816,17.03.2019,00:00,12.0,(6.515088753873438+0j)
9817,17.03.2019,01:00,10.0,(6.130933248752508+0j)
9818,17.03.2019,02:00,7.0,(5.443680165984116+0j)
9819,17.03.2019,03:00,7.0,(5.443680165984116+0j)
9820,17.03.2019,04:00,5.0,(4.866124944308272+0j)
9821,17.03.2019,05:00,2.0,(3.585391514230274+0j)
9822,17.03.2019,06:00,0.0,0j
9823,17.03.2019,07:00,0.0,0j
9824,17.03.2019,08:00,0.0,0j
9825,17.03.2019,09:00,1.0,(2.845727130703496+0j)
9826,17.03.2019,10:00,0.0,0j
9827,17.03.2019,11:00,0.0,0j
9828,17.03.2019,12:00,0.0,0j
9829,17.03.2019,13:00,1.0,(2.845727130703496+0j)
9830,17.03.2019,14:00,3.0,(4.1042487314692515+0j)
9831,17.03.2019,15:00,5.0,(4.866124944308272+0j)
9832,17.03.2019,16:00,6.0,(5.171029370782441+0j)
9833,17.03.2019,17:00,5.0,(4.866124944308272+0j)
9834,17.03.2019,18:00,1.0,(2.845727130703496+0j)
9835,17.03.2019,19:00,1.0,(2.845727130703496+0j)
9836,17.03.2019,20:00,0.0,0j
9837,17.03.2019,21:00,0.0,0j
9838,17.03.2019,22:00,0.0,0j
9839,17.03.2019,23:00,0.0,0j
9840,18.03.2019,00:00,3.0,(4.1042487314692515+0j)
9841,18.03.2019,01:00,9.0,(5.919350969396254+0j)
9842,18.03.2019,02:00,5.0,(4.866124944308272+0j)
9843,18.03.2019,03:00,2.0,(3.585391514230274+0j)
9844,18.03.2019,04:00,1.0,(2.845727130703496+0j)
9845,18.03.2019,05:00,3.0,(4.1042487314692515+0j)
9846,18.03.2019,06:00,2.0,(3.585391514230274+0j)
9847,18.03.2019,07:00,4.0,(4.517310240893176+0j)
9848,18.03.2019,08:00,4.0,(4.517310240893176+0j)
9849,18.03.2019,09:00,2.0,(3.585391514230274+0j)
9850,18.03.2019,10:00,2.0,(3.585391514230274+0j)
9851,18.03.2019,11:00,4.0,(4.517310240893176+0j)
9852,18.03.2019,12:00,6.0,(5.171029370782441+0j)
9853,18.03.2019,13:00,6.0,(5.171029370782441+0j)
9854,18.03.2019,14:00,3.0,(4.1042487314692515+0j)
9855,18.03.2019,15:00,6.0,(5.171029370782441+0j)
9856,18.03.2019,16:00,8.0,(5.691454261406992+0j)
9857,18.03.2019,17:00,12.0,(6.515088753873438+0j)
9858,18.03.2019,18:00,4.0,(4.517310240893176+0j)
9859,18.03.2019,19:00,4.0,(4.517310240893176+0j)
9860,18.03.2019,20:00,6.0,(5.171029370782441+0j)
9861,18.03.2019,21:00,17.0,(7.317165783214581+0j)
9862,18.03.2019,22:00,15.0,(7.018166609990766+0j)
9863,18.03.2019,23:00,13.0,(6.691256914211192+0j)
9864,19.03.2019,00:00,9.0,(5.919350969396254+0j)
9865,19.03.2019,01:00,7.0,(5.443680165984116+0j)
9866,19.03.2019,02:00,4.0,(4.517310240893176+0j)
9867,19.03.2019,03:00,2.0,(3.585391514230274+0j)
9868,19.03.2019,04:00,3.0,(4.1042487314692515+0j)
9869,19.03.2019,05:00,1.0,(2.845727130703496+0j)
9870,19.03.2019,06:00,2.0,(3.585391514230274+0j)
9871,19.03.2019,07:00,0.0,0j
9872,19.03.2019,08:00,0.0,0j
9873,19.03.2019,09:00,0.0,0j
9874,19.03.2019,10:00,0.0,0j
9875,19.03.2019,11:00,2.0,(3.585391514230274+0j)
9876,19.03.2019,12:00,2.0,(3.585391514230274+0j)
9877,19.03.2019,13:00,5.0,(4.866124944308272+0j)
9878,19.03.2019,14:00,19.0,(7.593542967381978+0j)
9879,19.03.2019,15:00,14.0,(6.858607230018604+0j)
9880,19.03.2019,16:00,8.0,(5.691454261406992+0j)
9881,19.03.2019,17:00,3.0,(4.1042487314692515+0j)
9882,19.03.2019,18:00,3.0,(4.1042487314692515+0j)
9883,19.03.2019,19:00,0.0,0j
9884,19.03.2019,20:00,0.0,0j
9885,19.03.2019,21:00,1.0,(2.845727130703496+0j)
9886,19.03.2019,22:00,0.0,0j
9887,19.03.2019,23:00,0.0,0j
9888,20.03.2019,00:00,0.0,0j
9889,20.03.2019,01:00,0.0,0j
9890,20.03.2019,02:00,0.0,0j
9891,20.03.2019,03:00,0.0,0j
9892,20.03.2019,04:00,0.0,0j
9893,20.03.2019,05:00,3.0,(4.1042487314692515+0j)
9894,20.03.2019,06:00,21.0,(7.851145380281553+0j)
9895,20.03.2019,07:00,21.0,(7.851145380281553+0j)
9896,20.03.2019,08:00,29.0,(8.74297534497106+0j)
9897,20.03.2019,09:00,31.0,(8.939512150377235+0j)
9898,20.03.2019,10:00,32.0,(9.034620481786352+0j)
9899,20.03.2019,11:00,30.0,(8.84233584359671+0j)
9900,20.03.2019,12:00,46.0,(10.19637653715948+0j)
9901,20.03.2019,13:00,47.0,(10.269734286241032+0j)
9902,20.03.2019,14:00,47.0,(10.269734286241032+0j)
9903,20.03.2019,15:00,48.0,(10.34205874156488+0j)
9904,20.03.2019,16:00,50.0,(10.483748386047209+0j)
9905,20.03.2019,17:00,46.0,(10.19637653715948+0j)
9906,20.03.2019,18:00,54.0,(10.756174542690822+0j)
9907,20.03.2019,19:00,60.0,(11.140645059587433+0j)
9908,20.03.2019,20:00,48.0,(10.34205874156488+0j)
9909,20.03.2019,21:00,52.0,(10.621708264608335+0j)
9910,20.03.2019,22:00,47.0,(10.269734286241032+0j)
9911,20.03.2019,23:00,44.0,(10.0464080386713+0j)
9912,21.03.2019,00:00,46.0,(10.19637653715948+0j)
9913,21.03.2019,01:00,54.0,(10.756174542690822+0j)
9914,21.03.2019,02:00,45.0,(10.121947777604984+0j)
9915,21.03.2019,03:00,51.0,(10.5531792067093+0j)
9916,21.03.2019,04:00,57.0,(10.9517840818175+0j)
9917,21.03.2019,05:00,60.0,(11.140645059587433+0j)
9918,21.03.2019,06:00,64.0,(11.382908522813985+0j)
9919,21.03.2019,07:00,62.0,(11.263079534051261+0j)
9920,21.03.2019,08:00,65.0,(11.441888376335278+0j)
9921,21.03.2019,09:00,65.0,(11.441888376335278+0j)
9922,21.03.2019,10:00,60.0,(11.140645059587433+0j)
9923,21.03.2019,11:00,64.0,(11.382908522813985+0j)
9924,21.03.2019,12:00,68.0,(11.615276661700541+0j)
9925,21.03.2019,13:00,67.0,(11.55805762209552+0j)
9926,21.03.2019,14:00,69.0,(11.671937444523078+0j)
9927,21.03.2019,15:00,69.0,(11.671937444523078+0j)
9928,21.03.2019,16:00,69.0,(11.671937444523078+0j)
9929,21.03.2019,17:00,68.0,(11.615276661700541+0j)
9930,21.03.2019,18:00,68.0,(11.615276661700541+0j)
9931,21.03.2019,19:00,65.0,(11.441888376335278+0j)
9932,21.03.2019,20:00,65.0,(11.441888376335278+0j)
9933,21.03.2019,21:00,62.0,(11.263079534051261+0j)
9934,21.03.2019,22:00,60.0,(11.140645059587433+0j)
9935,21.03.2019,23:00,62.0,(11.263079534051261+0j)
9936,22.03.2019,00:00,61.0,(11.202196833891742+0j)
9937,22.03.2019,01:00,66.0,(11.500266368369322+0j)
9938,22.03.2019,02:00,67.0,(11.55805762209552+0j)
9939,22.03.2019,03:00,69.0,(11.671937444523078+0j)
9940,22.03.2019,04:00,69.0,(11.671937444523078+0j)
9941,22.03.2019,05:00,69.0,(11.671937444523078+0j)
9942,22.03.2019,06:00,67.0,(11.55805762209552+0j)
9943,22.03.2019,07:00,67.0,(11.55805762209552+0j)
9944,22.03.2019,08:00,61.0,(11.202196833891742+0j)
9945,22.03.2019,09:00,59.0,(11.078405520382008+0j)
9946,22.03.2019,10:00,55.0,(10.822164994364314+0j)
9947,22.03.2019,11:00,55.0,(10.822164994364314+0j)
9948,22.03.2019,12:00,46.0,(10.19637653715948+0j)
9949,22.03.2019,13:00,52.0,(10.621708264608335+0j)
9950,22.03.2019,14:00,49.0,(10.41338553855059+0j)
9951,22.03.2019,15:00,54.0,(10.756174542690822+0j)
9952,22.03.2019,16:00,50.0,(10.483748386047209+0j)
9953,22.03.2019,17:00,53.0,(10.689364281461948+0j)
9954,22.03.2019,18:00,53.0,(10.689364281461948+0j)
9955,22.03.2019,19:00,57.0,(10.9517840818175+0j)
9956,22.03.2019,20:00,58.0,(11.015458675840927+0j)
9957,22.03.2019,21:00,59.0,(11.078405520382008+0j)
9958,22.03.2019,22:00,58.0,(11.015458675840927+0j)
9959,22.03.2019,23:00,56.0,(10.887360331968232+0j)
9960,23.03.2019,00:00,53.0,(10.689364281461948+0j)
9961,23.03.2019,01:00,52.0,(10.621708264608335+0j)
9962,23.03.2019,02:00,49.0,(10.41338553855059+0j)
9963,23.03.2019,03:00,57.0,(10.9517840818175+0j)
9964,23.03.2019,04:00,54.0,(10.756174542690822+0j)
9965,23.03.2019,05:00,48.0,(10.34205874156488+0j)
9966,23.03.2019,06:00,40.0,(9.732249888616542+0j)
9967,23.03.2019,07:00,62.0,(11.263079534051261+0j)
9968,23.03.2019,08:00,62.0,(11.263079534051261+0j)
9969,23.03.2019,09:00,51.0,(10.5531792067093+0j)
9970,23.03.2019,10:00,55.0,(10.822164994364314+0j)
9971,23.03.2019,11:00,64.0,(11.382908522813985+0j)
9972,23.03.2019,12:00,66.0,(11.500266368369322+0j)
9973,23.03.2019,13:00,68.0,(11.615276661700541+0j)
9974,23.03.2019,14:00,68.0,(11.615276661700541+0j)
9975,23.03.2019,15:00,68.0,(11.615276661700541+0j)
9976,23.03.2019,16:00,69.0,(11.671937444523078+0j)
9977,23.03.2019,17:00,69.0,(11.671937444523078+0j)
9978,23.03.2019,18:00,69.0,(11.671937444523078+0j)
9979,23.03.2019,19:00,67.0,(11.55805762209552+0j)
9980,23.03.2019,20:00,68.0,(11.615276661700541+0j)
9981,23.03.2019,21:00,65.0,(11.441888376335278+0j)
9982,23.03.2019,22:00,69.0,(11.671937444523078+0j)
9983,23.03.2019,23:00,61.0,(11.202196833891742+0j)
9984,24.03.2019,00:00,65.0,(11.441888376335278+0j)
9985,24.03.2019,01:00,67.0,(11.55805762209552+0j)
9986,24.03.2019,02:00,68.0,(11.615276661700541+0j)
9987,24.03.2019,03:00,69.0,(11.671937444523078+0j)
9988,24.03.2019,04:00,67.0,(11.55805762209552+0j)
9989,24.03.2019,05:00,69.0,(11.671937444523078+0j)
9990,24.03.2019,06:00,69.0,(11.671937444523078+0j)
9991,24.03.2019,07:00,67.0,(11.55805762209552+0j)
9992,24.03.2019,08:00,67.0,(11.55805762209552+0j)
9993,24.03.2019,09:00,67.0,(11.55805762209552+0j)
9994,24.03.2019,10:00,68.0,(11.615276661700541+0j)
9995,24.03.2019,11:00,69.0,(11.671937444523078+0j)
9996,24.03.2019,12:00,67.0,(11.55805762209552+0j)
9997,24.03.2019,13:00,69.0,(11.671937444523078+0j)
9998,24.03.2019,14:00,69.0,(11.671937444523078+0j)
9999,24.03.2019,15:00,64.0,(11.382908522813985+0j)
10000,24.03.2019,16:00,69.0,(11.671937444523078+0j)
10001,24.03.2019,17:00,69.0,(11.671937444523078+0j)
10002,24.03.2019,18:00,69.0,(11.671937444523078+0j)
10003,24.03.2019,19:00,69.0,(11.671937444523078+0j)
10004,24.03.2019,20:00,56.0,(10.887360331968232+0j)
10005,24.03.2019,21:00,50.0,(10.483748386047209+0j)
10006,24.03.2019,22:00,62.0,(11.263079534051261+0j)
10007,24.03.2019,23:00,54.0,(10.756174542690822+0j)
10008,25.03.2019,00:00,69.0,(11.671937444523078+0j)
10009,25.03.2019,01:00,55.0,(10.822164994364314+0j)
10010,25.03.2019,02:00,52.0,(10.621708264608335+0j)
10011,25.03.2019,03:00,65.0,(11.441888376335278+0j)
10012,25.03.2019,04:00,50.0,(10.483748386047209+0j)
10013,25.03.2019,05:00,47.0,(10.269734286241032+0j)
10014,25.03.2019,06:00,51.0,(10.5531792067093+0j)
10015,25.03.2019,07:00,55.0,(10.822164994364314+0j)
10016,25.03.2019,08:00,45.0,(10.121947777604984+0j)
10017,25.03.2019,09:00,32.0,(9.034620481786352+0j)
10018,25.03.2019,10:00,7.0,(5.443680165984116+0j)
10019,25.03.2019,11:00,3.0,(4.1042487314692515+0j)
10020,25.03.2019,12:00,6.0,(5.171029370782441+0j)
10021,25.03.2019,13:00,10.0,(6.130933248752508+0j)
10022,25.03.2019,14:00,7.0,(5.443680165984116+0j)
10023,25.03.2019,15:00,7.0,(5.443680165984116+0j)
10024,25.03.2019,16:00,9.0,(5.919350969396254+0j)
10025,25.03.2019,17:00,3.0,(4.1042487314692515+0j)
10026,25.03.2019,18:00,2.0,(3.585391514230274+0j)
10027,25.03.2019,19:00,5.0,(4.866124944308272+0j)
10028,25.03.2019,20:00,3.0,(4.1042487314692515+0j)
10029,25.03.2019,21:00,12.0,(6.515088753873438+0j)
10030,25.03.2019,22:00,27.0,(8.537181392110488+0j)
10031,25.03.2019,23:00,24.0,(8.208497462938503+0j)
10032,26.03.2019,00:00,19.0,(7.593542967381978+0j)
10033,26.03.2019,01:00,15.0,(7.018166609990766+0j)
10034,26.03.2019,02:00,12.0,(6.515088753873438+0j)
10035,26.03.2019,03:00,2.0,(3.585391514230274+0j)
10036,26.03.2019,04:00,0.0,0j
10037,26.03.2019,05:00,0.0,0j
10038,26.03.2019,06:00,0.0,0j
10039,26.03.2019,07:00,0.0,0j
10040,26.03.2019,08:00,0.0,0j
10041,26.03.2019,09:00,0.0,0j
10042,26.03.2019,10:00,0.0,0j
10043,26.03.2019,11:00,0.0,0j
10044,26.03.2019,12:00,0.0,0j
10045,26.03.2019,13:00,1.0,(2.845727130703496+0j)
10046,26.03.2019,14:00,5.0,(4.866124944308272+0j)
10047,26.03.2019,15:00,4.0,(4.517310240893176+0j)
10048,26.03.2019,16:00,9.0,(5.919350969396254+0j)
10049,26.03.2019,17:00,8.0,(5.691454261406992+0j)
10050,26.03.2019,18:00,10.0,(6.130933248752508+0j)
10051,26.03.2019,19:00,6.0,(5.171029370782441+0j)
10052,26.03.2019,20:00,3.0,(4.1042487314692515+0j)
10053,26.03.2019,21:00,9.0,(5.919350969396254+0j)
10054,26.03.2019,22:00,7.0,(5.443680165984116+0j)
10055,26.03.2019,23:00,12.0,(6.515088753873438+0j)
10056,27.03.2019,00:00,37.0,(9.482594128751929+0j)
10057,27.03.2019,01:00,39.0,(9.650462409337567+0j)
10058,27.03.2019,02:00,43.0,(9.969714910096506+0j)
10059,27.03.2019,03:00,44.0,(10.0464080386713+0j)
10060,27.03.2019,04:00,54.0,(10.756174542690822+0j)
10061,27.03.2019,05:00,50.0,(10.483748386047209+0j)
10062,27.03.2019,06:00,41.0,(9.812685353516676+0j)
10063,27.03.2019,07:00,43.0,(9.969714910096506+0j)
10064,27.03.2019,08:00,41.0,(9.812685353516676+0j)
10065,27.03.2019,09:00,40.0,(9.732249888616542+0j)
10066,27.03.2019,10:00,35.0,(9.308562145233848+0j)
10067,27.03.2019,11:00,44.0,(10.0464080386713+0j)
10068,27.03.2019,12:00,45.0,(10.121947777604984+0j)
10069,27.03.2019,13:00,29.0,(8.74297534497106+0j)
10070,27.03.2019,14:00,37.0,(9.482594128751929+0j)
10071,27.03.2019,15:00,41.0,(9.812685353516676+0j)
10072,27.03.2019,16:00,50.0,(10.483748386047209+0j)
10073,27.03.2019,17:00,48.0,(10.34205874156488+0j)
10074,27.03.2019,18:00,47.0,(10.269734286241032+0j)
10075,27.03.2019,19:00,45.0,(10.121947777604984+0j)
10076,27.03.2019,20:00,52.0,(10.621708264608335+0j)
10077,27.03.2019,21:00,43.0,(9.969714910096506+0j)
10078,27.03.2019,22:00,47.0,(10.269734286241032+0j)
10079,27.03.2019,23:00,43.0,(9.969714910096506+0j)
10080,28.03.2019,00:00,36.0,(9.396383955788593+0j)
10081,28.03.2019,01:00,39.0,(9.650462409337567+0j)
10082,28.03.2019,02:00,38.0,(9.567264627885733+0j)
10083,28.03.2019,03:00,43.0,(9.969714910096506+0j)
10084,28.03.2019,04:00,48.0,(10.34205874156488+0j)
10085,28.03.2019,05:00,47.0,(10.269734286241032+0j)
10086,28.03.2019,06:00,46.0,(10.19637653715948+0j)
10087,28.03.2019,07:00,54.0,(10.756174542690822+0j)
10088,28.03.2019,08:00,59.0,(11.078405520382008+0j)
10089,28.03.2019,09:00,51.0,(10.5531792067093+0j)
10090,28.03.2019,10:00,52.0,(10.621708264608335+0j)
10091,28.03.2019,11:00,63.0,(11.323311051132062+0j)
10092,28.03.2019,12:00,65.0,(11.441888376335278+0j)
10093,28.03.2019,13:00,68.0,(11.615276661700541+0j)
10094,28.03.2019,14:00,69.0,(11.671937444523078+0j)
10095,28.03.2019,15:00,68.0,(11.615276661700541+0j)
10096,28.03.2019,16:00,68.0,(11.615276661700541+0j)
10097,28.03.2019,17:00,68.0,(11.615276661700541+0j)
10098,28.03.2019,18:00,65.0,(11.441888376335278+0j)
10099,28.03.2019,19:00,66.0,(11.500266368369322+0j)
10100,28.03.2019,20:00,65.0,(11.441888376335278+0j)
10101,28.03.2019,21:00,66.0,(11.500266368369322+0j)
10102,28.03.2019,22:00,66.0,(11.500266368369322+0j)
10103,28.03.2019,23:00,65.0,(11.441888376335278+0j)
10104,29.03.2019,00:00,69.0,(11.671937444523078+0j)
10105,29.03.2019,01:00,66.0,(11.500266368369322+0j)
10106,29.03.2019,02:00,67.0,(11.55805762209552+0j)
10107,29.03.2019,03:00,67.0,(11.55805762209552+0j)
10108,29.03.2019,04:00,68.0,(11.615276661700541+0j)
10109,29.03.2019,05:00,67.0,(11.55805762209552+0j)
10110,29.03.2019,06:00,69.0,(11.671937444523078+0j)
10111,29.03.2019,07:00,69.0,(11.671937444523078+0j)
10112,29.03.2019,08:00,69.0,(11.671937444523078+0j)
10113,29.03.2019,09:00,69.0,(11.671937444523078+0j)
10114,29.03.2019,10:00,69.0,(11.671937444523078+0j)
10115,29.03.2019,11:00,69.0,(11.671937444523078+0j)
10116,29.03.2019,12:00,60.0,(11.140645059587433+0j)
10117,29.03.2019,13:00,50.0,(10.483748386047209+0j)
10118,29.03.2019,14:00,56.0,(10.887360331968232+0j)
10119,29.03.2019,15:00,56.0,(10.887360331968232+0j)
10120,29.03.2019,16:00,42.0,(9.891823330401618+0j)
10121,29.03.2019,17:00,0.0,0j
10122,29.03.2019,18:00,47.0,(10.269734286241032+0j)
10123,29.03.2019,19:00,42.0,(9.891823330401618+0j)
10124,29.03.2019,20:00,41.0,(9.812685353516676+0j)
10125,29.03.2019,21:00,41.0,(9.812685353516676+0j)
10126,29.03.2019,22:00,41.0,(9.812685353516676+0j)
10127,29.03.2019,23:00,50.0,(10.483748386047209+0j)
10128,30.03.2019,00:00,37.0,(9.482594128751929+0j)
10129,30.03.2019,01:00,0.0,0j
10130,30.03.2019,02:00,0.0,0j
10131,30.03.2019,03:00,0.0,0j
10132,30.03.2019,04:00,0.0,0j
10133,30.03.2019,05:00,0.0,0j
10134,30.03.2019,06:00,0.0,0j
10135,30.03.2019,07:00,0.0,0j
10136,30.03.2019,08:00,0.0,0j
10137,30.03.2019,09:00,0.0,0j
10138,30.03.2019,10:00,0.0,0j
10139,30.03.2019,11:00,0.0,0j
10140,30.03.2019,12:00,0.0,0j
10141,30.03.2019,13:00,0.0,0j
10142,30.03.2019,14:00,0.0,0j
10143,30.03.2019,15:00,0.0,0j
10144,30.03.2019,16:00,0.0,0j
10145,30.03.2019,17:00,0.0,0j
10146,30.03.2019,18:00,0.0,0j
10147,30.03.2019,19:00,0.0,0j
10148,30.03.2019,20:00,0.0,0j
10149,30.03.2019,21:00,0.0,0j
10150,30.03.2019,22:00,0.0,0j
10151,30.03.2019,23:00,0.0,0j
10152,31.03.2019,00:00,0.0,0j
10153,31.03.2019,01:00,0.0,0j
10154,31.03.2019,02:00,0.0,0j
10155,31.03.2019,03:00,0.0,0j
10156,31.03.2019,04:00,0.0,0j
10157,31.03.2019,05:00,0.0,0j
10158,31.03.2019,06:00,0.0,0j
10159,31.03.2019,07:00,0.0,0j
10160,31.03.2019,08:00,0.0,0j
10161,31.03.2019,09:00,0.0,0j
10162,31.03.2019,10:00,0.0,0j
10163,31.03.2019,11:00,0.0,0j
10164,31.03.2019,12:00,0.0,0j
10165,31.03.2019,13:00,0.0,0j
10166,31.03.2019,14:00,0.0,0j
10167,31.03.2019,15:00,0.0,0j
10168,31.03.2019,16:00,0.0,0j
10169,31.03.2019,17:00,0.0,0j
10170,31.03.2019,18:00,12.0,(6.515088753873438+0j)
10171,31.03.2019,19:00,41.0,(9.812685353516676+0j)
10172,31.03.2019,20:00,43.0,(9.969714910096506+0j)
10173,31.03.2019,21:00,52.0,(10.621708264608335+0j)
10174,31.03.2019,22:00,40.0,(9.732249888616542+0j)
10175,31.03.2019,23:00,50.0,(10.483748386047209+0j)
10176,01.04.2019,00:00,43.0,(9.969714910096506+0j)
10177,01.04.2019,01:00,34.0,(9.219051195842558+0j)
10178,01.04.2019,02:00,41.0,(9.812685353516676+0j)
10179,01.04.2019,03:00,50.0,(10.483748386047209+0j)
10180,01.04.2019,04:00,55.0,(10.822164994364314+0j)
10181,01.04.2019,05:00,41.0,(9.812685353516676+0j)
10182,01.04.2019,06:00,47.0,(10.269734286241032+0j)
10183,01.04.2019,07:00,50.0,(10.483748386047209+0j)
10184,01.04.2019,08:00,56.0,(10.887360331968232+0j)
10185,01.04.2019,09:00,60.0,(11.140645059587433+0j)
10186,01.04.2019,10:00,63.0,(11.323311051132062+0j)
10187,01.04.2019,11:00,66.0,(11.500266368369322+0j)
10188,01.04.2019,12:00,60.0,(11.140645059587433+0j)
10189,01.04.2019,13:00,55.0,(10.822164994364314+0j)
10190,01.04.2019,14:00,61.0,(11.202196833891742+0j)
10191,01.04.2019,15:00,60.0,(11.140645059587433+0j)
10192,01.04.2019,16:00,63.0,(11.323311051132062+0j)
10193,01.04.2019,17:00,62.0,(11.263079534051261+0j)
10194,01.04.2019,18:00,60.0,(11.140645059587433+0j)
10195,01.04.2019,19:00,58.0,(11.015458675840927+0j)
10196,01.04.2019,20:00,59.0,(11.078405520382008+0j)
10197,01.04.2019,21:00,62.0,(11.263079534051261+0j)
10198,01.04.2019,22:00,44.0,(10.0464080386713+0j)
10199,01.04.2019,23:00,45.0,(10.121947777604984+0j)
10200,02.04.2019,00:00,46.0,(10.19637653715948+0j)
10201,02.04.2019,01:00,36.0,(9.396383955788593+0j)
10202,02.04.2019,02:00,29.0,(8.74297534497106+0j)
10203,02.04.2019,03:00,42.0,(9.891823330401618+0j)
10204,02.04.2019,04:00,53.0,(10.689364281461948+0j)
10205,02.04.2019,05:00,54.0,(10.756174542690822+0j)
10206,02.04.2019,06:00,46.0,(10.19637653715948+0j)
10207,02.04.2019,07:00,43.0,(9.969714910096506+0j)
10208,02.04.2019,08:00,33.0,(9.127767465531983+0j)
10209,02.04.2019,09:00,51.0,(10.5531792067093+0j)
10210,02.04.2019,10:00,48.0,(10.34205874156488+0j)
10211,02.04.2019,11:00,36.0,(9.396383955788593+0j)
10212,02.04.2019,12:00,48.0,(10.34205874156488+0j)
10213,02.04.2019,13:00,56.0,(10.887360331968232+0j)
10214,02.04.2019,14:00,62.0,(11.263079534051261+0j)
10215,02.04.2019,15:00,61.0,(11.202196833891742+0j)
10216,02.04.2019,16:00,60.0,(11.140645059587433+0j)
10217,02.04.2019,17:00,65.0,(11.441888376335278+0j)
10218,02.04.2019,18:00,64.0,(11.382908522813985+0j)
10219,02.04.2019,19:00,57.0,(10.9517840818175+0j)
10220,02.04.2019,20:00,62.0,(11.263079534051261+0j)
10221,02.04.2019,21:00,58.0,(11.015458675840927+0j)
10222,02.04.2019,22:00,61.0,(11.202196833891742+0j)
10223,02.04.2019,23:00,58.0,(11.015458675840927+0j)
10224,03.04.2019,00:00,58.0,(11.015458675840927+0j)
10225,03.04.2019,01:00,54.0,(10.756174542690822+0j)
10226,03.04.2019,02:00,51.0,(10.5531792067093+0j)
10227,03.04.2019,03:00,49.0,(10.41338553855059+0j)
10228,03.04.2019,04:00,50.0,(10.483748386047209+0j)
10229,03.04.2019,05:00,47.0,(10.269734286241032+0j)
10230,03.04.2019,06:00,44.0,(10.0464080386713+0j)
10231,03.04.2019,07:00,44.0,(10.0464080386713+0j)
10232,03.04.2019,08:00,47.0,(10.269734286241032+0j)
10233,03.04.2019,09:00,45.0,(10.121947777604984+0j)
10234,03.04.2019,10:00,46.0,(10.19637653715948+0j)
10235,03.04.2019,11:00,48.0,(10.34205874156488+0j)
10236,03.04.2019,12:00,52.0,(10.621708264608335+0j)
10237,03.04.2019,13:00,44.0,(10.0464080386713+0j)
10238,03.04.2019,14:00,47.0,(10.269734286241032+0j)
10239,03.04.2019,15:00,44.0,(10.0464080386713+0j)
10240,03.04.2019,16:00,40.0,(9.732249888616542+0j)
10241,03.04.2019,17:00,39.0,(9.650462409337567+0j)
10242,03.04.2019,18:00,41.0,(9.812685353516676+0j)
10243,03.04.2019,19:00,44.0,(10.0464080386713+0j)
10244,03.04.2019,20:00,43.0,(9.969714910096506+0j)
10245,03.04.2019,21:00,43.0,(9.969714910096506+0j)
10246,03.04.2019,22:00,34.0,(9.219051195842558+0j)
10247,03.04.2019,23:00,23.0,(8.092869420675413+0j)
10248,04.04.2019,00:00,16.0,(7.170783028460548+0j)
10249,04.04.2019,01:00,4.0,(4.517310240893176+0j)
10250,04.04.2019,02:00,4.0,(4.517310240893176+0j)
10251,04.04.2019,03:00,9.0,(5.919350969396254+0j)
10252,04.04.2019,04:00,7.0,(5.443680165984116+0j)
10253,04.04.2019,05:00,10.0,(6.130933248752508+0j)
10254,04.04.2019,06:00,9.0,(5.919350969396254+0j)
10255,04.04.2019,07:00,8.0,(5.691454261406992+0j)
10256,04.04.2019,08:00,5.0,(4.866124944308272+0j)
10257,04.04.2019,09:00,2.0,(3.585391514230274+0j)
10258,04.04.2019,10:00,2.0,(3.585391514230274+0j)
10259,04.04.2019,11:00,2.0,(3.585391514230274+0j)
10260,04.04.2019,12:00,1.0,(2.845727130703496+0j)
10261,04.04.2019,13:00,0.0,0j
10262,04.04.2019,14:00,0.0,0j
10263,04.04.2019,15:00,0.0,0j
10264,04.04.2019,16:00,0.0,0j
10265,04.04.2019,17:00,0.0,0j
10266,04.04.2019,18:00,1.0,(2.845727130703496+0j)
10267,04.04.2019,19:00,0.0,0j
10268,04.04.2019,20:00,0.0,0j
10269,04.04.2019,21:00,1.0,(2.845727130703496+0j)
10270,04.04.2019,22:00,3.0,(4.1042487314692515+0j)
10271,04.04.2019,23:00,0.0,0j
10272,05.04.2019,00:00,0.0,0j
10273,05.04.2019,01:00,0.0,0j
10274,05.04.2019,02:00,0.0,0j
10275,05.04.2019,03:00,0.0,0j
10276,05.04.2019,04:00,0.0,0j
10277,05.04.2019,05:00,1.0,(2.845727130703496+0j)
10278,05.04.2019,06:00,2.0,(3.585391514230274+0j)
10279,05.04.2019,07:00,1.0,(2.845727130703496+0j)
10280,05.04.2019,08:00,0.0,0j
10281,05.04.2019,09:00,2.0,(3.585391514230274+0j)
10282,05.04.2019,10:00,4.0,(4.517310240893176+0j)
10283,05.04.2019,11:00,2.0,(3.585391514230274+0j)
10284,05.04.2019,12:00,1.0,(2.845727130703496+0j)
10285,05.04.2019,13:00,0.0,0j
10286,05.04.2019,14:00,7.0,(5.443680165984116+0j)
10287,05.04.2019,15:00,8.0,(5.691454261406992+0j)
10288,05.04.2019,16:00,23.0,(8.092869420675413+0j)
10289,05.04.2019,17:00,19.0,(7.593542967381978+0j)
10290,05.04.2019,18:00,9.0,(5.919350969396254+0j)
10291,05.04.2019,19:00,4.0,(4.517310240893176+0j)
10292,05.04.2019,20:00,3.0,(4.1042487314692515+0j)
10293,05.04.2019,21:00,3.0,(4.1042487314692515+0j)
10294,05.04.2019,22:00,2.0,(3.585391514230274+0j)
10295,05.04.2019,23:00,0.0,0j
10296,06.04.2019,00:00,0.0,0j
10297,06.04.2019,01:00,4.0,(4.517310240893176+0j)
10298,06.04.2019,02:00,7.0,(5.443680165984116+0j)
10299,06.04.2019,03:00,11.0,(6.32884048187752+0j)
10300,06.04.2019,04:00,13.0,(6.691256914211192+0j)
10301,06.04.2019,05:00,13.0,(6.691256914211192+0j)
10302,06.04.2019,06:00,10.0,(6.130933248752508+0j)
10303,06.04.2019,07:00,20.0,(7.724491855603646+0j)
10304,06.04.2019,08:00,19.0,(7.593542967381978+0j)
10305,06.04.2019,09:00,9.0,(5.919350969396254+0j)
10306,06.04.2019,10:00,15.0,(7.018166609990766+0j)
10307,06.04.2019,11:00,19.0,(7.593542967381978+0j)
10308,06.04.2019,12:00,30.0,(8.84233584359671+0j)
10309,06.04.2019,13:00,48.0,(10.34205874156488+0j)
10310,06.04.2019,14:00,29.0,(8.74297534497106+0j)
10311,06.04.2019,15:00,41.0,(9.812685353516676+0j)
10312,06.04.2019,16:00,52.0,(10.621708264608335+0j)
10313,06.04.2019,17:00,47.0,(10.269734286241032+0j)
10314,06.04.2019,18:00,43.0,(9.969714910096506+0j)
10315,06.04.2019,19:00,42.0,(9.891823330401618+0j)
10316,06.04.2019,20:00,50.0,(10.483748386047209+0j)
10317,06.04.2019,21:00,42.0,(9.891823330401618+0j)
10318,06.04.2019,22:00,37.0,(9.482594128751929+0j)
10319,06.04.2019,23:00,42.0,(9.891823330401618+0j)
10320,07.04.2019,00:00,29.0,(8.74297534497106+0j)
10321,07.04.2019,01:00,18.0,(7.457914888057963+0j)
10322,07.04.2019,02:00,19.0,(7.593542967381978+0j)
10323,07.04.2019,03:00,14.0,(6.858607230018604+0j)
10324,07.04.2019,04:00,14.0,(6.858607230018604+0j)
10325,07.04.2019,05:00,17.0,(7.317165783214581+0j)
10326,07.04.2019,06:00,12.0,(6.515088753873438+0j)
10327,07.04.2019,07:00,13.0,(6.691256914211192+0j)
10328,07.04.2019,08:00,13.0,(6.691256914211192+0j)
10329,07.04.2019,09:00,11.0,(6.32884048187752+0j)
10330,07.04.2019,10:00,12.0,(6.515088753873438+0j)
10331,07.04.2019,11:00,18.0,(7.457914888057963+0j)
10332,07.04.2019,12:00,15.0,(7.018166609990766+0j)
10333,07.04.2019,13:00,7.0,(5.443680165984116+0j)
10334,07.04.2019,14:00,14.0,(6.858607230018604+0j)
10335,07.04.2019,15:00,8.0,(5.691454261406992+0j)
10336,07.04.2019,16:00,2.0,(3.585391514230274+0j)
10337,07.04.2019,17:00,0.0,0j
10338,07.04.2019,18:00,2.0,(3.585391514230274+0j)
10339,07.04.2019,19:00,8.0,(5.691454261406992+0j)
10340,07.04.2019,20:00,9.0,(5.919350969396254+0j)
10341,07.04.2019,21:00,9.0,(5.919350969396254+0j)
10342,07.04.2019,22:00,9.0,(5.919350969396254+0j)
10343,07.04.2019,23:00,5.0,(4.866124944308272+0j)
10344,08.04.2019,00:00,14.0,(6.858607230018604+0j)
10345,08.04.2019,01:00,11.0,(6.32884048187752+0j)
10346,08.04.2019,02:00,3.0,(4.1042487314692515+0j)
10347,08.04.2019,03:00,8.0,(5.691454261406992+0j)
10348,08.04.2019,04:00,9.0,(5.919350969396254+0j)
10349,08.04.2019,05:00,8.0,(5.691454261406992+0j)
10350,08.04.2019,06:00,12.0,(6.515088753873438+0j)
10351,08.04.2019,07:00,8.0,(5.691454261406992+0j)
10352,08.04.2019,08:00,3.0,(4.1042487314692515+0j)
10353,08.04.2019,09:00,2.0,(3.585391514230274+0j)
10354,08.04.2019,10:00,5.0,(4.866124944308272+0j)
10355,08.04.2019,11:00,4.0,(4.517310240893176+0j)
10356,08.04.2019,12:00,6.0,(5.171029370782441+0j)
10357,08.04.2019,13:00,1.0,(2.845727130703496+0j)
10358,08.04.2019,14:00,7.0,(5.443680165984116+0j)
10359,08.04.2019,15:00,18.0,(7.457914888057963+0j)
10360,08.04.2019,16:00,25.0,(8.320956608290626+0j)
10361,08.04.2019,17:00,13.0,(6.691256914211192+0j)
10362,08.04.2019,18:00,9.0,(5.919350969396254+0j)
10363,08.04.2019,19:00,6.0,(5.171029370782441+0j)
10364,08.04.2019,20:00,7.0,(5.443680165984116+0j)
10365,08.04.2019,21:00,59.0,(11.078405520382008+0j)
10366,08.04.2019,22:00,64.0,(11.382908522813985+0j)
10367,08.04.2019,23:00,42.0,(9.891823330401618+0j)
10368,09.04.2019,00:00,49.0,(10.41338553855059+0j)
10369,09.04.2019,01:00,30.0,(8.84233584359671+0j)
10370,09.04.2019,02:00,37.0,(9.482594128751929+0j)
10371,09.04.2019,03:00,47.0,(10.269734286241032+0j)
10372,09.04.2019,04:00,18.0,(7.457914888057963+0j)
10373,09.04.2019,05:00,14.0,(6.858607230018604+0j)
10374,09.04.2019,06:00,44.0,(10.0464080386713+0j)
10375,09.04.2019,07:00,43.0,(9.969714910096506+0j)
10376,09.04.2019,08:00,32.0,(9.034620481786352+0j)
10377,09.04.2019,09:00,46.0,(10.19637653715948+0j)
10378,09.04.2019,10:00,31.0,(8.939512150377235+0j)
10379,09.04.2019,11:00,41.0,(9.812685353516676+0j)
10380,09.04.2019,12:00,40.0,(9.732249888616542+0j)
10381,09.04.2019,13:00,41.0,(9.812685353516676+0j)
10382,09.04.2019,14:00,10.0,(6.130933248752508+0j)
10383,09.04.2019,15:00,14.0,(6.858607230018604+0j)
10384,09.04.2019,16:00,15.0,(7.018166609990766+0j)
10385,09.04.2019,17:00,35.0,(9.308562145233848+0j)
10386,09.04.2019,18:00,24.0,(8.208497462938503+0j)
10387,09.04.2019,19:00,28.0,(8.641303622061608+0j)
10388,09.04.2019,20:00,43.0,(9.969714910096506+0j)
10389,09.04.2019,21:00,45.0,(10.121947777604984+0j)
10390,09.04.2019,22:00,40.0,(9.732249888616542+0j)
10391,09.04.2019,23:00,37.0,(9.482594128751929+0j)
10392,10.04.2019,00:00,35.0,(9.308562145233848+0j)
10393,10.04.2019,01:00,31.0,(8.939512150377235+0j)
10394,10.04.2019,02:00,41.0,(9.812685353516676+0j)
10395,10.04.2019,03:00,28.0,(8.641303622061608+0j)
10396,10.04.2019,04:00,15.0,(7.018166609990766+0j)
10397,10.04.2019,05:00,6.0,(5.171029370782441+0j)
10398,10.04.2019,06:00,8.0,(5.691454261406992+0j)
10399,10.04.2019,07:00,8.0,(5.691454261406992+0j)
10400,10.04.2019,08:00,13.0,(6.691256914211192+0j)
10401,10.04.2019,09:00,9.0,(5.919350969396254+0j)
10402,10.04.2019,10:00,7.0,(5.443680165984116+0j)
10403,10.04.2019,11:00,11.0,(6.32884048187752+0j)
10404,10.04.2019,12:00,15.0,(7.018166609990766+0j)
10405,10.04.2019,13:00,17.0,(7.317165783214581+0j)
10406,10.04.2019,14:00,28.0,(8.641303622061608+0j)
10407,10.04.2019,15:00,20.0,(7.724491855603646+0j)
10408,10.04.2019,16:00,16.0,(7.170783028460548+0j)
10409,10.04.2019,17:00,8.0,(5.691454261406992+0j)
10410,10.04.2019,18:00,6.0,(5.171029370782441+0j)
10411,10.04.2019,19:00,17.0,(7.317165783214581+0j)
10412,10.04.2019,20:00,19.0,(7.593542967381978+0j)
10413,10.04.2019,21:00,15.0,(7.018166609990766+0j)
10414,10.04.2019,22:00,19.0,(7.593542967381978+0j)
10415,10.04.2019,23:00,16.0,(7.170783028460548+0j)
10416,11.04.2019,00:00,23.0,(8.092869420675413+0j)
10417,11.04.2019,01:00,40.0,(9.732249888616542+0j)
10418,11.04.2019,02:00,34.0,(9.219051195842558+0j)
10419,11.04.2019,03:00,11.0,(6.32884048187752+0j)
10420,11.04.2019,04:00,44.0,(10.0464080386713+0j)
10421,11.04.2019,05:00,50.0,(10.483748386047209+0j)
10422,11.04.2019,06:00,40.0,(9.732249888616542+0j)
10423,11.04.2019,07:00,38.0,(9.567264627885733+0j)
10424,11.04.2019,08:00,38.0,(9.567264627885733+0j)
10425,11.04.2019,09:00,51.0,(10.5531792067093+0j)
10426,11.04.2019,10:00,43.0,(9.969714910096506+0j)
10427,11.04.2019,11:00,39.0,(9.650462409337567+0j)
10428,11.04.2019,12:00,34.0,(9.219051195842558+0j)
10429,11.04.2019,13:00,53.0,(10.689364281461948+0j)
10430,11.04.2019,14:00,53.0,(10.689364281461948+0j)
10431,11.04.2019,15:00,51.0,(10.5531792067093+0j)
10432,11.04.2019,16:00,49.0,(10.41338553855059+0j)
10433,11.04.2019,17:00,36.0,(9.396383955788593+0j)
10434,11.04.2019,18:00,27.0,(8.537181392110488+0j)
10435,11.04.2019,19:00,33.0,(9.127767465531983+0j)
10436,11.04.2019,20:00,43.0,(9.969714910096506+0j)
10437,11.04.2019,21:00,38.0,(9.567264627885733+0j)
10438,11.04.2019,22:00,25.0,(8.320956608290626+0j)
10439,11.04.2019,23:00,28.0,(8.641303622061608+0j)
10440,12.04.2019,00:00,22.0,(7.9738393445443+0j)
10441,12.04.2019,01:00,33.0,(9.127767465531983+0j)
10442,12.04.2019,02:00,15.0,(7.018166609990766+0j)
10443,12.04.2019,03:00,9.0,(5.919350969396254+0j)
10444,12.04.2019,04:00,51.0,(10.5531792067093+0j)
10445,12.04.2019,05:00,18.0,(7.457914888057963+0j)
10446,12.04.2019,06:00,9.0,(5.919350969396254+0j)
10447,12.04.2019,07:00,16.0,(7.170783028460548+0j)
10448,12.04.2019,08:00,45.0,(10.121947777604984+0j)
10449,12.04.2019,09:00,45.0,(10.121947777604984+0j)
10450,12.04.2019,10:00,32.0,(9.034620481786352+0j)
10451,12.04.2019,11:00,39.0,(9.650462409337567+0j)
10452,12.04.2019,12:00,32.0,(9.034620481786352+0j)
10453,12.04.2019,13:00,21.0,(7.851145380281553+0j)
10454,12.04.2019,14:00,8.0,(5.691454261406992+0j)
10455,12.04.2019,15:00,0.0,0j
10456,12.04.2019,16:00,6.0,(5.171029370782441+0j)
10457,12.04.2019,17:00,8.0,(5.691454261406992+0j)
10458,12.04.2019,18:00,10.0,(6.130933248752508+0j)
10459,12.04.2019,19:00,35.0,(9.308562145233848+0j)
10460,12.04.2019,20:00,36.0,(9.396383955788593+0j)
10461,12.04.2019,21:00,13.0,(6.691256914211192+0j)
10462,12.04.2019,22:00,13.0,(6.691256914211192+0j)
10463,12.04.2019,23:00,13.0,(6.691256914211192+0j)
10464,13.04.2019,00:00,16.0,(7.170783028460548+0j)
10465,13.04.2019,01:00,17.0,(7.317165783214581+0j)
10466,13.04.2019,02:00,17.0,(7.317165783214581+0j)
10467,13.04.2019,03:00,24.0,(8.208497462938503+0j)
10468,13.04.2019,04:00,23.0,(8.092869420675413+0j)
10469,13.04.2019,05:00,35.0,(9.308562145233848+0j)
10470,13.04.2019,06:00,36.0,(9.396383955788593+0j)
10471,13.04.2019,07:00,1.0,(2.845727130703496+0j)
10472,13.04.2019,08:00,0.0,0j
10473,13.04.2019,09:00,0.0,0j
10474,13.04.2019,10:00,0.0,0j
10475,13.04.2019,11:00,0.0,0j
10476,13.04.2019,12:00,0.0,0j
10477,13.04.2019,13:00,3.0,(4.1042487314692515+0j)
10478,13.04.2019,14:00,5.0,(4.866124944308272+0j)
10479,13.04.2019,15:00,5.0,(4.866124944308272+0j)
10480,13.04.2019,16:00,25.0,(8.320956608290626+0j)
10481,13.04.2019,17:00,9.0,(5.919350969396254+0j)
10482,13.04.2019,18:00,11.0,(6.32884048187752+0j)
10483,13.04.2019,19:00,0.0,0j
10484,13.04.2019,20:00,0.0,0j
10485,13.04.2019,21:00,0.0,0j
10486,13.04.2019,22:00,0.0,0j
10487,13.04.2019,23:00,0.0,0j
10488,14.04.2019,00:00,0.0,0j
10489,14.04.2019,01:00,0.0,0j
10490,14.04.2019,02:00,0.0,0j
10491,14.04.2019,03:00,0.0,0j
10492,14.04.2019,04:00,0.0,0j
10493,14.04.2019,05:00,0.0,0j
10494,14.04.2019,06:00,2.0,(3.585391514230274+0j)
10495,14.04.2019,07:00,0.0,0j
10496,14.04.2019,08:00,0.0,0j
10497,14.04.2019,09:00,1.0,(2.845727130703496+0j)
10498,14.04.2019,10:00,2.0,(3.585391514230274+0j)
10499,14.04.2019,11:00,4.0,(4.517310240893176+0j)
10500,14.04.2019,12:00,3.0,(4.1042487314692515+0j)
10501,14.04.2019,13:00,4.0,(4.517310240893176+0j)
10502,14.04.2019,14:00,7.0,(5.443680165984116+0j)
10503,14.04.2019,15:00,6.0,(5.171029370782441+0j)
10504,14.04.2019,16:00,10.0,(6.130933248752508+0j)
10505,14.04.2019,17:00,7.0,(5.443680165984116+0j)
10506,14.04.2019,18:00,2.0,(3.585391514230274+0j)
10507,14.04.2019,19:00,2.0,(3.585391514230274+0j)
10508,14.04.2019,20:00,0.0,0j
10509,14.04.2019,21:00,0.0,0j
10510,14.04.2019,22:00,0.0,0j
10511,14.04.2019,23:00,0.0,0j
10512,15.04.2019,00:00,1.0,(2.845727130703496+0j)
10513,15.04.2019,01:00,1.0,(2.845727130703496+0j)
10514,15.04.2019,02:00,2.0,(3.585391514230274+0j)
10515,15.04.2019,03:00,1.0,(2.845727130703496+0j)
10516,15.04.2019,04:00,0.0,0j
10517,15.04.2019,05:00,2.0,(3.585391514230274+0j)
10518,15.04.2019,06:00,1.0,(2.845727130703496+0j)
10519,15.04.2019,07:00,1.0,(2.845727130703496+0j)
10520,15.04.2019,08:00,2.0,(3.585391514230274+0j)
10521,15.04.2019,09:00,1.0,(2.845727130703496+0j)
10522,15.04.2019,10:00,1.0,(2.845727130703496+0j)
10523,15.04.2019,11:00,2.0,(3.585391514230274+0j)
10524,15.04.2019,12:00,4.0,(4.517310240893176+0j)
10525,15.04.2019,13:00,3.0,(4.1042487314692515+0j)
10526,15.04.2019,14:00,1.0,(2.845727130703496+0j)
10527,15.04.2019,15:00,0.0,0j
10528,15.04.2019,16:00,11.0,(6.32884048187752+0j)
10529,15.04.2019,17:00,17.0,(7.317165783214581+0j)
10530,15.04.2019,18:00,21.0,(7.851145380281553+0j)
10531,15.04.2019,19:00,31.0,(8.939512150377235+0j)
10532,15.04.2019,20:00,29.0,(8.74297534497106+0j)
10533,15.04.2019,21:00,36.0,(9.396383955788593+0j)
10534,15.04.2019,22:00,36.0,(9.396383955788593+0j)
10535,15.04.2019,23:00,40.0,(9.732249888616542+0j)
10536,16.04.2019,00:00,34.0,(9.219051195842558+0j)
10537,16.04.2019,01:00,40.0,(9.732249888616542+0j)
10538,16.04.2019,02:00,39.0,(9.650462409337567+0j)
10539,16.04.2019,03:00,48.0,(10.34205874156488+0j)
10540,16.04.2019,04:00,44.0,(10.0464080386713+0j)
10541,16.04.2019,05:00,48.0,(10.34205874156488+0j)
10542,16.04.2019,06:00,47.0,(10.269734286241032+0j)
10543,16.04.2019,07:00,57.0,(10.9517840818175+0j)
10544,16.04.2019,08:00,61.0,(11.202196833891742+0j)
10545,16.04.2019,09:00,67.0,(11.55805762209552+0j)
10546,16.04.2019,10:00,58.0,(11.015458675840927+0j)
10547,16.04.2019,11:00,56.0,(10.887360331968232+0j)
10548,16.04.2019,12:00,58.0,(11.015458675840927+0j)
10549,16.04.2019,13:00,62.0,(11.263079534051261+0j)
10550,16.04.2019,14:00,59.0,(11.078405520382008+0j)
10551,16.04.2019,15:00,60.0,(11.140645059587433+0j)
10552,16.04.2019,16:00,60.0,(11.140645059587433+0j)
10553,16.04.2019,17:00,58.0,(11.015458675840927+0j)
10554,16.04.2019,18:00,58.0,(11.015458675840927+0j)
10555,16.04.2019,19:00,63.0,(11.323311051132062+0j)
10556,16.04.2019,20:00,54.0,(10.756174542690822+0j)
10557,16.04.2019,21:00,52.0,(10.621708264608335+0j)
10558,16.04.2019,22:00,41.0,(9.812685353516676+0j)
10559,16.04.2019,23:00,35.0,(9.308562145233848+0j)
10560,17.04.2019,00:00,35.0,(9.308562145233848+0j)
10561,17.04.2019,01:00,37.0,(9.482594128751929+0j)
10562,17.04.2019,02:00,39.0,(9.650462409337567+0j)
10563,17.04.2019,03:00,29.0,(8.74297534497106+0j)
10564,17.04.2019,04:00,32.0,(9.034620481786352+0j)
10565,17.04.2019,05:00,30.0,(8.84233584359671+0j)
10566,17.04.2019,06:00,0.0,0j
10567,17.04.2019,07:00,0.0,0j
10568,17.04.2019,08:00,0.0,0j
10569,17.04.2019,09:00,11.0,(6.32884048187752+0j)
10570,17.04.2019,10:00,15.0,(7.018166609990766+0j)
10571,17.04.2019,11:00,21.0,(7.851145380281553+0j)
10572,17.04.2019,12:00,20.0,(7.724491855603646+0j)
10573,17.04.2019,13:00,10.0,(6.130933248752508+0j)
10574,17.04.2019,14:00,6.0,(5.171029370782441+0j)
10575,17.04.2019,15:00,1.0,(2.845727130703496+0j)
10576,17.04.2019,16:00,2.0,(3.585391514230274+0j)
10577,17.04.2019,17:00,5.0,(4.866124944308272+0j)
10578,17.04.2019,18:00,4.0,(4.517310240893176+0j)
10579,17.04.2019,19:00,1.0,(2.845727130703496+0j)
10580,17.04.2019,20:00,1.0,(2.845727130703496+0j)
10581,17.04.2019,21:00,6.0,(5.171029370782441+0j)
10582,17.04.2019,22:00,17.0,(7.317165783214581+0j)
10583,17.04.2019,23:00,25.0,(8.320956608290626+0j)
10584,18.04.2019,00:00,16.0,(7.170783028460548+0j)
10585,18.04.2019,01:00,25.0,(8.320956608290626+0j)
10586,18.04.2019,02:00,23.0,(8.092869420675413+0j)
10587,18.04.2019,03:00,29.0,(8.74297534497106+0j)
10588,18.04.2019,04:00,32.0,(9.034620481786352+0j)
10589,18.04.2019,05:00,37.0,(9.482594128751929+0j)
10590,18.04.2019,06:00,35.0,(9.308562145233848+0j)
10591,18.04.2019,07:00,25.0,(8.320956608290626+0j)
10592,18.04.2019,08:00,47.0,(10.269734286241032+0j)
10593,18.04.2019,09:00,45.0,(10.121947777604984+0j)
10594,18.04.2019,10:00,50.0,(10.483748386047209+0j)
10595,18.04.2019,11:00,60.0,(11.140645059587433+0j)
10596,18.04.2019,12:00,49.0,(10.41338553855059+0j)
10597,18.04.2019,13:00,39.0,(9.650462409337567+0j)
10598,18.04.2019,14:00,40.0,(9.732249888616542+0j)
10599,18.04.2019,15:00,47.0,(10.269734286241032+0j)
10600,18.04.2019,16:00,64.0,(11.382908522813985+0j)
10601,18.04.2019,17:00,64.0,(11.382908522813985+0j)
10602,18.04.2019,18:00,57.0,(10.9517840818175+0j)
10603,18.04.2019,19:00,54.0,(10.756174542690822+0j)
10604,18.04.2019,20:00,56.0,(10.887360331968232+0j)
10605,18.04.2019,21:00,56.0,(10.887360331968232+0j)
10606,18.04.2019,22:00,66.0,(11.500266368369322+0j)
10607,18.04.2019,23:00,58.0,(11.015458675840927+0j)
10608,19.04.2019,00:00,62.0,(11.263079534051261+0j)
10609,19.04.2019,01:00,49.0,(10.41338553855059+0j)
10610,19.04.2019,02:00,61.0,(11.202196833891742+0j)
10611,19.04.2019,03:00,67.0,(11.55805762209552+0j)
10612,19.04.2019,04:00,61.0,(11.202196833891742+0j)
10613,19.04.2019,05:00,51.0,(10.5531792067093+0j)
10614,19.04.2019,06:00,56.0,(10.887360331968232+0j)
10615,19.04.2019,07:00,38.0,(9.567264627885733+0j)
10616,19.04.2019,08:00,49.0,(10.41338553855059+0j)
10617,19.04.2019,09:00,46.0,(10.19637653715948+0j)
10618,19.04.2019,10:00,39.0,(9.650462409337567+0j)
10619,19.04.2019,11:00,55.0,(10.822164994364314+0j)
10620,19.04.2019,12:00,64.0,(11.382908522813985+0j)
10621,19.04.2019,13:00,65.0,(11.441888376335278+0j)
10622,19.04.2019,14:00,64.0,(11.382908522813985+0j)
10623,19.04.2019,15:00,60.0,(11.140645059587433+0j)
10624,19.04.2019,16:00,62.0,(11.263079534051261+0j)
10625,19.04.2019,17:00,62.0,(11.263079534051261+0j)
10626,19.04.2019,18:00,54.0,(10.756174542690822+0j)
10627,19.04.2019,19:00,37.0,(9.482594128751929+0j)
10628,19.04.2019,20:00,31.0,(8.939512150377235+0j)
10629,19.04.2019,21:00,30.0,(8.84233584359671+0j)
10630,19.04.2019,22:00,38.0,(9.567264627885733+0j)
10631,19.04.2019,23:00,45.0,(10.121947777604984+0j)
10632,20.04.2019,00:00,40.0,(9.732249888616542+0j)
10633,20.04.2019,01:00,57.0,(10.9517840818175+0j)
10634,20.04.2019,02:00,56.0,(10.887360331968232+0j)
10635,20.04.2019,03:00,40.0,(9.732249888616542+0j)
10636,20.04.2019,04:00,52.0,(10.621708264608335+0j)
10637,20.04.2019,05:00,63.0,(11.323311051132062+0j)
10638,20.04.2019,06:00,47.0,(10.269734286241032+0j)
10639,20.04.2019,07:00,51.0,(10.5531792067093+0j)
10640,20.04.2019,08:00,60.0,(11.140645059587433+0j)
10641,20.04.2019,09:00,57.0,(10.9517840818175+0j)
10642,20.04.2019,10:00,35.0,(9.308562145233848+0j)
10643,20.04.2019,11:00,43.0,(9.969714910096506+0j)
10644,20.04.2019,12:00,42.0,(9.891823330401618+0j)
10645,20.04.2019,13:00,63.0,(11.323311051132062+0j)
10646,20.04.2019,14:00,59.0,(11.078405520382008+0j)
10647,20.04.2019,15:00,58.0,(11.015458675840927+0j)
10648,20.04.2019,16:00,69.0,(11.671937444523078+0j)
10649,20.04.2019,17:00,68.0,(11.615276661700541+0j)
10650,20.04.2019,18:00,69.0,(11.671937444523078+0j)
10651,20.04.2019,19:00,69.0,(11.671937444523078+0j)
10652,20.04.2019,20:00,45.0,(10.121947777604984+0j)
10653,20.04.2019,21:00,47.0,(10.269734286241032+0j)
10654,20.04.2019,22:00,29.0,(8.74297534497106+0j)
10655,20.04.2019,23:00,34.0,(9.219051195842558+0j)
10656,21.04.2019,00:00,37.0,(9.482594128751929+0j)
10657,21.04.2019,01:00,28.0,(8.641303622061608+0j)
10658,21.04.2019,02:00,26.0,(8.430455436469295+0j)
10659,21.04.2019,03:00,29.0,(8.74297534497106+0j)
10660,21.04.2019,04:00,25.0,(8.320956608290626+0j)
10661,21.04.2019,05:00,32.0,(9.034620481786352+0j)
10662,21.04.2019,06:00,46.0,(10.19637653715948+0j)
10663,21.04.2019,07:00,42.0,(9.891823330401618+0j)
10664,21.04.2019,08:00,35.0,(9.308562145233848+0j)
10665,21.04.2019,09:00,47.0,(10.269734286241032+0j)
10666,21.04.2019,10:00,42.0,(9.891823330401618+0j)
10667,21.04.2019,11:00,36.0,(9.396383955788593+0j)
10668,21.04.2019,12:00,39.0,(9.650462409337567+0j)
10669,21.04.2019,13:00,27.0,(8.537181392110488+0j)
10670,21.04.2019,14:00,27.0,(8.537181392110488+0j)
10671,21.04.2019,15:00,48.0,(10.34205874156488+0j)
10672,21.04.2019,16:00,49.0,(10.41338553855059+0j)
10673,21.04.2019,17:00,55.0,(10.822164994364314+0j)
10674,21.04.2019,18:00,57.0,(10.9517840818175+0j)
10675,21.04.2019,19:00,48.0,(10.34205874156488+0j)
10676,21.04.2019,20:00,48.0,(10.34205874156488+0j)
10677,21.04.2019,21:00,30.0,(8.84233584359671+0j)
10678,21.04.2019,22:00,42.0,(9.891823330401618+0j)
10679,21.04.2019,23:00,46.0,(10.19637653715948+0j)
10680,22.04.2019,00:00,28.0,(8.641303622061608+0j)
10681,22.04.2019,01:00,27.0,(8.537181392110488+0j)
10682,22.04.2019,02:00,24.0,(8.208497462938503+0j)
10683,22.04.2019,03:00,34.0,(9.219051195842558+0j)
10684,22.04.2019,04:00,27.0,(8.537181392110488+0j)
10685,22.04.2019,05:00,41.0,(9.812685353516676+0j)
10686,22.04.2019,06:00,37.0,(9.482594128751929+0j)
10687,22.04.2019,07:00,50.0,(10.483748386047209+0j)
10688,22.04.2019,08:00,33.0,(9.127767465531983+0j)
10689,22.04.2019,09:00,32.0,(9.034620481786352+0j)
10690,22.04.2019,10:00,26.0,(8.430455436469295+0j)
10691,22.04.2019,11:00,17.0,(7.317165783214581+0j)
10692,22.04.2019,12:00,17.0,(7.317165783214581+0j)
10693,22.04.2019,13:00,30.0,(8.84233584359671+0j)
10694,22.04.2019,14:00,33.0,(9.127767465531983+0j)
10695,22.04.2019,15:00,19.0,(7.593542967381978+0j)
10696,22.04.2019,16:00,13.0,(6.691256914211192+0j)
10697,22.04.2019,17:00,18.0,(7.457914888057963+0j)
10698,22.04.2019,18:00,22.0,(7.9738393445443+0j)
10699,22.04.2019,19:00,42.0,(9.891823330401618+0j)
10700,22.04.2019,20:00,53.0,(10.689364281461948+0j)
10701,22.04.2019,21:00,31.0,(8.939512150377235+0j)
10702,22.04.2019,22:00,16.0,(7.170783028460548+0j)
10703,22.04.2019,23:00,8.0,(5.691454261406992+0j)
10704,23.04.2019,00:00,8.0,(5.691454261406992+0j)
10705,23.04.2019,01:00,13.0,(6.691256914211192+0j)
10706,23.04.2019,02:00,5.0,(4.866124944308272+0j)
10707,23.04.2019,03:00,5.0,(4.866124944308272+0j)
10708,23.04.2019,04:00,11.0,(6.32884048187752+0j)
10709,23.04.2019,05:00,13.0,(6.691256914211192+0j)
10710,23.04.2019,06:00,9.0,(5.919350969396254+0j)
10711,23.04.2019,07:00,10.0,(6.130933248752508+0j)
10712,23.04.2019,08:00,1.0,(2.845727130703496+0j)
10713,23.04.2019,09:00,0.0,0j
10714,23.04.2019,10:00,3.0,(4.1042487314692515+0j)
10715,23.04.2019,11:00,0.0,0j
10716,23.04.2019,12:00,0.0,0j
10717,23.04.2019,13:00,0.0,0j
10718,23.04.2019,14:00,0.0,0j
10719,23.04.2019,15:00,0.0,0j
10720,23.04.2019,16:00,0.0,0j
10721,23.04.2019,17:00,0.0,0j
10722,23.04.2019,18:00,0.0,0j
10723,23.04.2019,19:00,0.0,0j
10724,23.04.2019,20:00,0.0,0j
10725,23.04.2019,21:00,1.0,(2.845727130703496+0j)
10726,23.04.2019,22:00,0.0,0j
10727,23.04.2019,23:00,0.0,0j
10728,24.04.2019,00:00,7.0,(5.443680165984116+0j)
10729,24.04.2019,01:00,6.0,(5.171029370782441+0j)
10730,24.04.2019,02:00,0.0,0j
10731,24.04.2019,03:00,3.0,(4.1042487314692515+0j)
10732,24.04.2019,04:00,2.0,(3.585391514230274+0j)
10733,24.04.2019,05:00,1.0,(2.845727130703496+0j)
10734,24.04.2019,06:00,0.0,0j
10735,24.04.2019,07:00,1.0,(2.845727130703496+0j)
10736,24.04.2019,08:00,1.0,(2.845727130703496+0j)
10737,24.04.2019,09:00,1.0,(2.845727130703496+0j)
10738,24.04.2019,10:00,7.0,(5.443680165984116+0j)
10739,24.04.2019,11:00,2.0,(3.585391514230274+0j)
10740,24.04.2019,12:00,0.0,0j
10741,24.04.2019,13:00,0.0,0j
10742,24.04.2019,14:00,3.0,(4.1042487314692515+0j)
10743,24.04.2019,15:00,1.0,(2.845727130703496+0j)
10744,24.04.2019,16:00,4.0,(4.517310240893176+0j)
10745,24.04.2019,17:00,7.0,(5.443680165984116+0j)
10746,24.04.2019,18:00,4.0,(4.517310240893176+0j)
10747,24.04.2019,19:00,3.0,(4.1042487314692515+0j)
10748,24.04.2019,20:00,2.0,(3.585391514230274+0j)
10749,24.04.2019,21:00,10.0,(6.130933248752508+0j)
10750,24.04.2019,22:00,2.0,(3.585391514230274+0j)
10751,24.04.2019,23:00,0.0,0j
10752,25.04.2019,00:00,0.0,0j
10753,25.04.2019,01:00,0.0,0j
10754,25.04.2019,02:00,0.0,0j
10755,25.04.2019,03:00,0.0,0j
10756,25.04.2019,04:00,3.0,(4.1042487314692515+0j)
10757,25.04.2019,05:00,0.0,0j
10758,25.04.2019,06:00,0.0,0j
10759,25.04.2019,07:00,0.0,0j
10760,25.04.2019,08:00,0.0,0j
10761,25.04.2019,09:00,0.0,0j
10762,25.04.2019,10:00,0.0,0j
10763,25.04.2019,11:00,0.0,0j
10764,25.04.2019,12:00,0.0,0j
10765,25.04.2019,13:00,0.0,0j
10766,25.04.2019,14:00,1.0,(2.845727130703496+0j)
10767,25.04.2019,15:00,2.0,(3.585391514230274+0j)
10768,25.04.2019,16:00,1.0,(2.845727130703496+0j)
10769,25.04.2019,17:00,0.0,0j
10770,25.04.2019,18:00,5.0,(4.866124944308272+0j)
10771,25.04.2019,19:00,7.0,(5.443680165984116+0j)
10772,25.04.2019,20:00,14.0,(6.858607230018604+0j)
10773,25.04.2019,21:00,3.0,(4.1042487314692515+0j)
10774,25.04.2019,22:00,1.0,(2.845727130703496+0j)
10775,25.04.2019,23:00,2.0,(3.585391514230274+0j)
10776,26.04.2019,00:00,4.0,(4.517310240893176+0j)
10777,26.04.2019,01:00,3.0,(4.1042487314692515+0j)
10778,26.04.2019,02:00,2.0,(3.585391514230274+0j)
10779,26.04.2019,03:00,0.0,0j
10780,26.04.2019,04:00,5.0,(4.866124944308272+0j)
10781,26.04.2019,05:00,1.0,(2.845727130703496+0j)
10782,26.04.2019,06:00,0.0,0j
10783,26.04.2019,07:00,0.0,0j
10784,26.04.2019,08:00,0.0,0j
10785,26.04.2019,09:00,0.0,0j
10786,26.04.2019,10:00,0.0,0j
10787,26.04.2019,11:00,12.0,(6.515088753873438+0j)
10788,26.04.2019,12:00,3.0,(4.1042487314692515+0j)
10789,26.04.2019,13:00,2.0,(3.585391514230274+0j)
10790,26.04.2019,14:00,0.0,0j
10791,26.04.2019,15:00,3.0,(4.1042487314692515+0j)
10792,26.04.2019,16:00,3.0,(4.1042487314692515+0j)
10793,26.04.2019,17:00,6.0,(5.171029370782441+0j)
10794,26.04.2019,18:00,8.0,(5.691454261406992+0j)
10795,26.04.2019,19:00,4.0,(4.517310240893176+0j)
10796,26.04.2019,20:00,1.0,(2.845727130703496+0j)
10797,26.04.2019,21:00,2.0,(3.585391514230274+0j)
10798,26.04.2019,22:00,8.0,(5.691454261406992+0j)
10799,26.04.2019,23:00,7.0,(5.443680165984116+0j)
10800,27.04.2019,00:00,7.0,(5.443680165984116+0j)
10801,27.04.2019,01:00,2.0,(3.585391514230274+0j)
10802,27.04.2019,02:00,10.0,(6.130933248752508+0j)
10803,27.04.2019,03:00,0.0,0j
10804,27.04.2019,04:00,0.0,0j
10805,27.04.2019,05:00,0.0,0j
10806,27.04.2019,06:00,0.0,0j
10807,27.04.2019,07:00,0.0,0j
10808,27.04.2019,08:00,0.0,0j
10809,27.04.2019,09:00,0.0,0j
10810,27.04.2019,10:00,0.0,0j
10811,27.04.2019,11:00,0.0,0j
10812,27.04.2019,12:00,0.0,0j
10813,27.04.2019,13:00,0.0,0j
10814,27.04.2019,14:00,1.0,(2.845727130703496+0j)
10815,27.04.2019,15:00,1.0,(2.845727130703496+0j)
10816,27.04.2019,16:00,8.0,(5.691454261406992+0j)
10817,27.04.2019,17:00,3.0,(4.1042487314692515+0j)
10818,27.04.2019,18:00,2.0,(3.585391514230274+0j)
10819,27.04.2019,19:00,5.0,(4.866124944308272+0j)
10820,27.04.2019,20:00,6.0,(5.171029370782441+0j)
10821,27.04.2019,21:00,6.0,(5.171029370782441+0j)
10822,27.04.2019,22:00,6.0,(5.171029370782441+0j)
10823,27.04.2019,23:00,2.0,(3.585391514230274+0j)
10824,28.04.2019,00:00,8.0,(5.691454261406992+0j)
10825,28.04.2019,01:00,11.0,(6.32884048187752+0j)
10826,28.04.2019,02:00,7.0,(5.443680165984116+0j)
10827,28.04.2019,03:00,6.0,(5.171029370782441+0j)
10828,28.04.2019,04:00,0.0,0j
10829,28.04.2019,05:00,4.0,(4.517310240893176+0j)
10830,28.04.2019,06:00,4.0,(4.517310240893176+0j)
10831,28.04.2019,07:00,5.0,(4.866124944308272+0j)
10832,28.04.2019,08:00,1.0,(2.845727130703496+0j)
10833,28.04.2019,09:00,2.0,(3.585391514230274+0j)
10834,28.04.2019,10:00,12.0,(6.515088753873438+0j)
10835,28.04.2019,11:00,18.0,(7.457914888057963+0j)
10836,28.04.2019,12:00,14.0,(6.858607230018604+0j)
10837,28.04.2019,13:00,12.0,(6.515088753873438+0j)
10838,28.04.2019,14:00,15.0,(7.018166609990766+0j)
10839,28.04.2019,15:00,12.0,(6.515088753873438+0j)
10840,28.04.2019,16:00,8.0,(5.691454261406992+0j)
10841,28.04.2019,17:00,9.0,(5.919350969396254+0j)
10842,28.04.2019,18:00,5.0,(4.866124944308272+0j)
10843,28.04.2019,19:00,5.0,(4.866124944308272+0j)
10844,28.04.2019,20:00,6.0,(5.171029370782441+0j)
10845,28.04.2019,21:00,5.0,(4.866124944308272+0j)
10846,28.04.2019,22:00,7.0,(5.443680165984116+0j)
10847,28.04.2019,23:00,5.0,(4.866124944308272+0j)
10848,29.04.2019,00:00,6.0,(5.171029370782441+0j)
10849,29.04.2019,01:00,4.0,(4.517310240893176+0j)
10850,29.04.2019,02:00,0.0,0j
10851,29.04.2019,03:00,4.0,(4.517310240893176+0j)
10852,29.04.2019,04:00,1.0,(2.845727130703496+0j)
10853,29.04.2019,05:00,3.0,(4.1042487314692515+0j)
10854,29.04.2019,06:00,4.0,(4.517310240893176+0j)
10855,29.04.2019,07:00,10.0,(6.130933248752508+0j)
10856,29.04.2019,08:00,12.0,(6.515088753873438+0j)
10857,29.04.2019,09:00,22.0,(7.9738393445443+0j)
10858,29.04.2019,10:00,28.0,(8.641303622061608+0j)
10859,29.04.2019,11:00,23.0,(8.092869420675413+0j)
10860,29.04.2019,12:00,22.0,(7.9738393445443+0j)
10861,29.04.2019,13:00,39.0,(9.650462409337567+0j)
10862,29.04.2019,14:00,29.0,(8.74297534497106+0j)
10863,29.04.2019,15:00,45.0,(10.121947777604984+0j)
10864,29.04.2019,16:00,54.0,(10.756174542690822+0j)
10865,29.04.2019,17:00,50.0,(10.483748386047209+0j)
10866,29.04.2019,18:00,27.0,(8.537181392110488+0j)
10867,29.04.2019,19:00,24.0,(8.208497462938503+0j)
10868,29.04.2019,20:00,21.0,(7.851145380281553+0j)
10869,29.04.2019,21:00,41.0,(9.812685353516676+0j)
10870,29.04.2019,22:00,54.0,(10.756174542690822+0j)
10871,29.04.2019,23:00,51.0,(10.5531792067093+0j)
10872,30.04.2019,00:00,27.0,(8.537181392110488+0j)
10873,30.04.2019,01:00,38.0,(9.567264627885733+0j)
10874,30.04.2019,02:00,27.0,(8.537181392110488+0j)
10875,30.04.2019,03:00,24.0,(8.208497462938503+0j)
10876,30.04.2019,04:00,38.0,(9.567264627885733+0j)
10877,30.04.2019,05:00,38.0,(9.567264627885733+0j)
10878,30.04.2019,06:00,18.0,(7.457914888057963+0j)
10879,30.04.2019,07:00,7.0,(5.443680165984116+0j)
10880,30.04.2019,08:00,14.0,(6.858607230018604+0j)
10881,30.04.2019,09:00,28.0,(8.641303622061608+0j)
10882,30.04.2019,10:00,17.0,(7.317165783214581+0j)
10883,30.04.2019,11:00,37.0,(9.482594128751929+0j)
10884,30.04.2019,12:00,33.0,(9.127767465531983+0j)
10885,30.04.2019,13:00,23.0,(8.092869420675413+0j)
10886,30.04.2019,14:00,33.0,(9.127767465531983+0j)
10887,30.04.2019,15:00,31.0,(8.939512150377235+0j)
10888,30.04.2019,16:00,25.0,(8.320956608290626+0j)
10889,30.04.2019,17:00,38.0,(9.567264627885733+0j)
10890,30.04.2019,18:00,30.0,(8.84233584359671+0j)
10891,30.04.2019,19:00,19.0,(7.593542967381978+0j)
10892,30.04.2019,20:00,28.0,(8.641303622061608+0j)
10893,30.04.2019,21:00,55.0,(10.822164994364314+0j)
10894,30.04.2019,22:00,47.0,(10.269734286241032+0j)
10895,30.04.2019,23:00,40.0,(9.732249888616542+0j)
10896,01.05.2019,00:00,31.0,(8.939512150377235+0j)
10897,01.05.2019,01:00,16.0,(7.170783028460548+0j)
10898,01.05.2019,02:00,6.0,(5.171029370782441+0j)
10899,01.05.2019,03:00,9.0,(5.919350969396254+0j)
10900,01.05.2019,04:00,7.0,(5.443680165984116+0j)
10901,01.05.2019,05:00,7.0,(5.443680165984116+0j)
10902,01.05.2019,06:00,17.0,(7.317165783214581+0j)
10903,01.05.2019,07:00,19.0,(7.593542967381978+0j)
10904,01.05.2019,08:00,10.0,(6.130933248752508+0j)
10905,01.05.2019,09:00,6.0,(5.171029370782441+0j)
10906,01.05.2019,10:00,6.0,(5.171029370782441+0j)
10907,01.05.2019,11:00,29.0,(8.74297534497106+0j)
10908,01.05.2019,12:00,31.0,(8.939512150377235+0j)
10909,01.05.2019,13:00,38.0,(9.567264627885733+0j)
10910,01.05.2019,14:00,35.0,(9.308562145233848+0j)
10911,01.05.2019,15:00,39.0,(9.650462409337567+0j)
10912,01.05.2019,16:00,36.0,(9.396383955788593+0j)
10913,01.05.2019,17:00,31.0,(8.939512150377235+0j)
10914,01.05.2019,18:00,25.0,(8.320956608290626+0j)
10915,01.05.2019,19:00,27.0,(8.537181392110488+0j)
10916,01.05.2019,20:00,31.0,(8.939512150377235+0j)
10917,01.05.2019,21:00,26.0,(8.430455436469295+0j)
10918,01.05.2019,22:00,21.0,(7.851145380281553+0j)
10919,01.05.2019,23:00,7.0,(5.443680165984116+0j)
10920,02.05.2019,00:00,19.0,(7.593542967381978+0j)
10921,02.05.2019,01:00,10.0,(6.130933248752508+0j)
10922,02.05.2019,02:00,17.0,(7.317165783214581+0j)
10923,02.05.2019,03:00,24.0,(8.208497462938503+0j)
10924,02.05.2019,04:00,31.0,(8.939512150377235+0j)
10925,02.05.2019,05:00,9.0,(5.919350969396254+0j)
10926,02.05.2019,06:00,22.0,(7.9738393445443+0j)
10927,02.05.2019,07:00,9.0,(5.919350969396254+0j)
10928,02.05.2019,08:00,19.0,(7.593542967381978+0j)
10929,02.05.2019,09:00,8.0,(5.691454261406992+0j)
10930,02.05.2019,10:00,10.0,(6.130933248752508+0j)
10931,02.05.2019,11:00,11.0,(6.32884048187752+0j)
10932,02.05.2019,12:00,14.0,(6.858607230018604+0j)
10933,02.05.2019,13:00,17.0,(7.317165783214581+0j)
10934,02.05.2019,14:00,29.0,(8.74297534497106+0j)
10935,02.05.2019,15:00,28.0,(8.641303622061608+0j)
10936,02.05.2019,16:00,26.0,(8.430455436469295+0j)
10937,02.05.2019,17:00,8.0,(5.691454261406992+0j)
10938,02.05.2019,18:00,1.0,(2.845727130703496+0j)
10939,02.05.2019,19:00,0.0,0j
10940,02.05.2019,20:00,1.0,(2.845727130703496+0j)
10941,02.05.2019,21:00,0.0,0j
10942,02.05.2019,22:00,0.0,0j
10943,02.05.2019,23:00,0.0,0j
10944,03.05.2019,00:00,0.0,0j
10945,03.05.2019,01:00,0.0,0j
10946,03.05.2019,02:00,0.0,0j
10947,03.05.2019,03:00,0.0,0j
10948,03.05.2019,04:00,0.0,0j
10949,03.05.2019,05:00,0.0,0j
10950,03.05.2019,06:00,0.0,0j
10951,03.05.2019,07:00,0.0,0j
10952,03.05.2019,08:00,0.0,0j
10953,03.05.2019,09:00,0.0,0j
10954,03.05.2019,10:00,0.0,0j
10955,03.05.2019,11:00,0.0,0j
10956,03.05.2019,12:00,0.0,0j
10957,03.05.2019,13:00,0.0,0j
10958,03.05.2019,14:00,0.0,0j
10959,03.05.2019,15:00,6.0,(5.171029370782441+0j)
10960,03.05.2019,16:00,10.0,(6.130933248752508+0j)
10961,03.05.2019,17:00,5.0,(4.866124944308272+0j)
10962,03.05.2019,18:00,4.0,(4.517310240893176+0j)
10963,03.05.2019,19:00,7.0,(5.443680165984116+0j)
10964,03.05.2019,20:00,5.0,(4.866124944308272+0j)
10965,03.05.2019,21:00,2.0,(3.585391514230274+0j)
10966,03.05.2019,22:00,3.0,(4.1042487314692515+0j)
10967,03.05.2019,23:00,0.0,0j
10968,04.05.2019,00:00,0.0,0j
10969,04.05.2019,01:00,0.0,0j
10970,04.05.2019,02:00,0.0,0j
10971,04.05.2019,03:00,0.0,0j
10972,04.05.2019,04:00,0.0,0j
10973,04.05.2019,05:00,1.0,(2.845727130703496+0j)
10974,04.05.2019,06:00,0.0,0j
10975,04.05.2019,07:00,0.0,0j
10976,04.05.2019,08:00,0.0,0j
10977,04.05.2019,09:00,2.0,(3.585391514230274+0j)
10978,04.05.2019,10:00,2.0,(3.585391514230274+0j)
10979,04.05.2019,11:00,3.0,(4.1042487314692515+0j)
10980,04.05.2019,12:00,10.0,(6.130933248752508+0j)
10981,04.05.2019,13:00,28.0,(8.641303622061608+0j)
10982,04.05.2019,14:00,42.0,(9.891823330401618+0j)
10983,04.05.2019,15:00,39.0,(9.650462409337567+0j)
10984,04.05.2019,16:00,10.0,(6.130933248752508+0j)
10985,04.05.2019,17:00,22.0,(7.9738393445443+0j)
10986,04.05.2019,18:00,33.0,(9.127767465531983+0j)
10987,04.05.2019,19:00,33.0,(9.127767465531983+0j)
10988,04.05.2019,20:00,12.0,(6.515088753873438+0j)
10989,04.05.2019,21:00,10.0,(6.130933248752508+0j)
10990,04.05.2019,22:00,24.0,(8.208497462938503+0j)
10991,04.05.2019,23:00,32.0,(9.034620481786352+0j)
10992,05.05.2019,00:00,46.0,(10.19637653715948+0j)
10993,05.05.2019,01:00,33.0,(9.127767465531983+0j)
10994,05.05.2019,02:00,55.0,(10.822164994364314+0j)
10995,05.05.2019,03:00,52.0,(10.621708264608335+0j)
10996,05.05.2019,04:00,51.0,(10.5531792067093+0j)
10997,05.05.2019,05:00,44.0,(10.0464080386713+0j)
10998,05.05.2019,06:00,24.0,(8.208497462938503+0j)
10999,05.05.2019,07:00,51.0,(10.5531792067093+0j)
11000,05.05.2019,08:00,48.0,(10.34205874156488+0j)
11001,05.05.2019,09:00,30.0,(8.84233584359671+0j)
11002,05.05.2019,10:00,27.0,(8.537181392110488+0j)
11003,05.05.2019,11:00,21.0,(7.851145380281553+0j)
11004,05.05.2019,12:00,41.0,(9.812685353516676+0j)
11005,05.05.2019,13:00,64.0,(11.382908522813985+0j)
11006,05.05.2019,14:00,50.0,(10.483748386047209+0j)
11007,05.05.2019,15:00,0.0,0j
11008,05.05.2019,16:00,22.0,(7.9738393445443+0j)
11009,05.05.2019,17:00,33.0,(9.127767465531983+0j)
11010,05.05.2019,18:00,50.0,(10.483748386047209+0j)
11011,05.05.2019,19:00,35.0,(9.308562145233848+0j)
11012,05.05.2019,20:00,41.0,(9.812685353516676+0j)
11013,05.05.2019,21:00,30.0,(8.84233584359671+0j)
11014,05.05.2019,22:00,24.0,(8.208497462938503+0j)
11015,05.05.2019,23:00,40.0,(9.732249888616542+0j)
11016,06.05.2019,00:00,40.0,(9.732249888616542+0j)
11017,06.05.2019,01:00,57.0,(10.9517840818175+0j)
11018,06.05.2019,02:00,40.0,(9.732249888616542+0j)
11019,06.05.2019,03:00,50.0,(10.483748386047209+0j)
11020,06.05.2019,04:00,42.0,(9.891823330401618+0j)
11021,06.05.2019,05:00,33.0,(9.127767465531983+0j)
11022,06.05.2019,06:00,37.0,(9.482594128751929+0j)
11023,06.05.2019,07:00,38.0,(9.567264627885733+0j)
11024,06.05.2019,08:00,24.0,(8.208497462938503+0j)
11025,06.05.2019,09:00,24.0,(8.208497462938503+0j)
11026,06.05.2019,10:00,34.0,(9.219051195842558+0j)
11027,06.05.2019,11:00,29.0,(8.74297534497106+0j)
11028,06.05.2019,12:00,40.0,(9.732249888616542+0j)
11029,06.05.2019,13:00,42.0,(9.891823330401618+0j)
11030,06.05.2019,14:00,63.0,(11.323311051132062+0j)
11031,06.05.2019,15:00,45.0,(10.121947777604984+0j)
11032,06.05.2019,16:00,66.0,(11.500266368369322+0j)
11033,06.05.2019,17:00,58.0,(11.015458675840927+0j)
11034,06.05.2019,18:00,51.0,(10.5531792067093+0j)
11035,06.05.2019,19:00,42.0,(9.891823330401618+0j)
11036,06.05.2019,20:00,51.0,(10.5531792067093+0j)
11037,06.05.2019,21:00,55.0,(10.822164994364314+0j)
11038,06.05.2019,22:00,40.0,(9.732249888616542+0j)
11039,06.05.2019,23:00,43.0,(9.969714910096506+0j)
11040,07.05.2019,00:00,50.0,(10.483748386047209+0j)
11041,07.05.2019,01:00,48.0,(10.34205874156488+0j)
11042,07.05.2019,02:00,41.0,(9.812685353516676+0j)
11043,07.05.2019,03:00,20.0,(7.724491855603646+0j)
11044,07.05.2019,04:00,25.0,(8.320956608290626+0j)
11045,07.05.2019,05:00,37.0,(9.482594128751929+0j)
11046,07.05.2019,06:00,28.0,(8.641303622061608+0j)
11047,07.05.2019,07:00,37.0,(9.482594128751929+0j)
11048,07.05.2019,08:00,35.0,(9.308562145233848+0j)
11049,07.05.2019,09:00,35.0,(9.308562145233848+0j)
11050,07.05.2019,10:00,25.0,(8.320956608290626+0j)
11051,07.05.2019,11:00,40.0,(9.732249888616542+0j)
11052,07.05.2019,12:00,25.0,(8.320956608290626+0j)
11053,07.05.2019,13:00,34.0,(9.219051195842558+0j)
11054,07.05.2019,14:00,41.0,(9.812685353516676+0j)
11055,07.05.2019,15:00,42.0,(9.891823330401618+0j)
11056,07.05.2019,16:00,47.0,(10.269734286241032+0j)
11057,07.05.2019,17:00,52.0,(10.621708264608335+0j)
11058,07.05.2019,18:00,43.0,(9.969714910096506+0j)
11059,07.05.2019,19:00,20.0,(7.724491855603646+0j)
11060,07.05.2019,20:00,14.0,(6.858607230018604+0j)
11061,07.05.2019,21:00,6.0,(5.171029370782441+0j)
11062,07.05.2019,22:00,4.0,(4.517310240893176+0j)
11063,07.05.2019,23:00,4.0,(4.517310240893176+0j)
11064,08.05.2019,00:00,0.0,0j
11065,08.05.2019,01:00,0.0,0j
11066,08.05.2019,02:00,1.0,(2.845727130703496+0j)
11067,08.05.2019,03:00,0.0,0j
11068,08.05.2019,04:00,0.0,0j
11069,08.05.2019,05:00,0.0,0j
11070,08.05.2019,06:00,0.0,0j
11071,08.05.2019,07:00,1.0,(2.845727130703496+0j)
11072,08.05.2019,08:00,7.0,(5.443680165984116+0j)
11073,08.05.2019,09:00,4.0,(4.517310240893176+0j)
11074,08.05.2019,10:00,2.0,(3.585391514230274+0j)
11075,08.05.2019,11:00,1.0,(2.845727130703496+0j)
11076,08.05.2019,12:00,2.0,(3.585391514230274+0j)
11077,08.05.2019,13:00,0.0,0j
11078,08.05.2019,14:00,0.0,0j
11079,08.05.2019,15:00,0.0,0j
11080,08.05.2019,16:00,0.0,0j
11081,08.05.2019,17:00,0.0,0j
11082,08.05.2019,18:00,0.0,0j
11083,08.05.2019,19:00,0.0,0j
11084,08.05.2019,20:00,6.0,(5.171029370782441+0j)
11085,08.05.2019,21:00,9.0,(5.919350969396254+0j)
11086,08.05.2019,22:00,11.0,(6.32884048187752+0j)
11087,08.05.2019,23:00,8.0,(5.691454261406992+0j)
11088,09.05.2019,00:00,6.0,(5.171029370782441+0j)
11089,09.05.2019,01:00,4.0,(4.517310240893176+0j)
11090,09.05.2019,02:00,5.0,(4.866124944308272+0j)
11091,09.05.2019,03:00,5.0,(4.866124944308272+0j)
11092,09.05.2019,04:00,2.0,(3.585391514230274+0j)
11093,09.05.2019,05:00,2.0,(3.585391514230274+0j)
11094,09.05.2019,06:00,1.0,(2.845727130703496+0j)
11095,09.05.2019,07:00,0.0,0j
11096,09.05.2019,08:00,0.0,0j
11097,09.05.2019,09:00,0.0,0j
11098,09.05.2019,10:00,0.0,0j
11099,09.05.2019,11:00,0.0,0j
11100,09.05.2019,12:00,0.0,0j
11101,09.05.2019,13:00,0.0,0j
11102,09.05.2019,14:00,1.0,(2.845727130703496+0j)
11103,09.05.2019,15:00,6.0,(5.171029370782441+0j)
11104,09.05.2019,16:00,9.0,(5.919350969396254+0j)
11105,09.05.2019,17:00,9.0,(5.919350969396254+0j)
11106,09.05.2019,18:00,7.0,(5.443680165984116+0j)
11107,09.05.2019,19:00,9.0,(5.919350969396254+0j)
11108,09.05.2019,20:00,6.0,(5.171029370782441+0j)
11109,09.05.2019,21:00,8.0,(5.691454261406992+0j)
11110,09.05.2019,22:00,14.0,(6.858607230018604+0j)
11111,09.05.2019,23:00,14.0,(6.858607230018604+0j)
11112,10.05.2019,00:00,10.0,(6.130933248752508+0j)
11113,10.05.2019,01:00,0.0,0j
11114,10.05.2019,02:00,8.0,(5.691454261406992+0j)
11115,10.05.2019,03:00,18.0,(7.457914888057963+0j)
11116,10.05.2019,04:00,25.0,(8.320956608290626+0j)
11117,10.05.2019,05:00,18.0,(7.457914888057963+0j)
11118,10.05.2019,06:00,24.0,(8.208497462938503+0j)
11119,10.05.2019,07:00,26.0,(8.430455436469295+0j)
11120,10.05.2019,08:00,8.0,(5.691454261406992+0j)
11121,10.05.2019,09:00,10.0,(6.130933248752508+0j)
11122,10.05.2019,10:00,11.0,(6.32884048187752+0j)
11123,10.05.2019,11:00,21.0,(7.851145380281553+0j)
11124,10.05.2019,12:00,20.0,(7.724491855603646+0j)
11125,10.05.2019,13:00,33.0,(9.127767465531983+0j)
11126,10.05.2019,14:00,48.0,(10.34205874156488+0j)
11127,10.05.2019,15:00,40.0,(9.732249888616542+0j)
11128,10.05.2019,16:00,39.0,(9.650462409337567+0j)
11129,10.05.2019,17:00,45.0,(10.121947777604984+0j)
11130,10.05.2019,18:00,27.0,(8.537181392110488+0j)
11131,10.05.2019,19:00,27.0,(8.537181392110488+0j)
11132,10.05.2019,20:00,11.0,(6.32884048187752+0j)
11133,10.05.2019,21:00,3.0,(4.1042487314692515+0j)
11134,10.05.2019,22:00,1.0,(2.845727130703496+0j)
11135,10.05.2019,23:00,0.0,0j
11136,11.05.2019,00:00,0.0,0j
11137,11.05.2019,01:00,1.0,(2.845727130703496+0j)
11138,11.05.2019,02:00,0.0,0j
11139,11.05.2019,03:00,0.0,0j
11140,11.05.2019,04:00,0.0,0j
11141,11.05.2019,05:00,0.0,0j
11142,11.05.2019,06:00,0.0,0j
11143,11.05.2019,07:00,0.0,0j
11144,11.05.2019,08:00,0.0,0j
11145,11.05.2019,09:00,0.0,0j
11146,11.05.2019,10:00,0.0,0j
11147,11.05.2019,11:00,0.0,0j
11148,11.05.2019,12:00,0.0,0j
11149,11.05.2019,13:00,6.0,(5.171029370782441+0j)
11150,11.05.2019,14:00,4.0,(4.517310240893176+0j)
11151,11.05.2019,15:00,13.0,(6.691256914211192+0j)
11152,11.05.2019,16:00,14.0,(6.858607230018604+0j)
11153,11.05.2019,17:00,14.0,(6.858607230018604+0j)
11154,11.05.2019,18:00,10.0,(6.130933248752508+0j)
11155,11.05.2019,19:00,7.0,(5.443680165984116+0j)
11156,11.05.2019,20:00,6.0,(5.171029370782441+0j)
11157,11.05.2019,21:00,1.0,(2.845727130703496+0j)
11158,11.05.2019,22:00,2.0,(3.585391514230274+0j)
11159,11.05.2019,23:00,4.0,(4.517310240893176+0j)
11160,12.05.2019,00:00,4.0,(4.517310240893176+0j)
11161,12.05.2019,01:00,2.0,(3.585391514230274+0j)
11162,12.05.2019,02:00,10.0,(6.130933248752508+0j)
11163,12.05.2019,03:00,2.0,(3.585391514230274+0j)
11164,12.05.2019,04:00,1.0,(2.845727130703496+0j)
11165,12.05.2019,05:00,0.0,0j
11166,12.05.2019,06:00,0.0,0j
11167,12.05.2019,07:00,0.0,0j
11168,12.05.2019,08:00,0.0,0j
11169,12.05.2019,09:00,1.0,(2.845727130703496+0j)
11170,12.05.2019,10:00,1.0,(2.845727130703496+0j)
11171,12.05.2019,11:00,2.0,(3.585391514230274+0j)
11172,12.05.2019,12:00,2.0,(3.585391514230274+0j)
11173,12.05.2019,13:00,3.0,(4.1042487314692515+0j)
11174,12.05.2019,14:00,3.0,(4.1042487314692515+0j)
11175,12.05.2019,15:00,4.0,(4.517310240893176+0j)
11176,12.05.2019,16:00,5.0,(4.866124944308272+0j)
11177,12.05.2019,17:00,6.0,(5.171029370782441+0j)
11178,12.05.2019,18:00,11.0,(6.32884048187752+0j)
11179,12.05.2019,19:00,7.0,(5.443680165984116+0j)
11180,12.05.2019,20:00,13.0,(6.691256914211192+0j)
11181,12.05.2019,21:00,10.0,(6.130933248752508+0j)
11182,12.05.2019,22:00,8.0,(5.691454261406992+0j)
11183,12.05.2019,23:00,6.0,(5.171029370782441+0j)
11184,13.05.2019,00:00,4.0,(4.517310240893176+0j)
11185,13.05.2019,01:00,3.0,(4.1042487314692515+0j)
11186,13.05.2019,02:00,3.0,(4.1042487314692515+0j)
11187,13.05.2019,03:00,1.0,(2.845727130703496+0j)
11188,13.05.2019,04:00,0.0,0j
11189,13.05.2019,05:00,0.0,0j
11190,13.05.2019,06:00,1.0,(2.845727130703496+0j)
11191,13.05.2019,07:00,2.0,(3.585391514230274+0j)
11192,13.05.2019,08:00,0.0,0j
11193,13.05.2019,09:00,0.0,0j
11194,13.05.2019,10:00,1.0,(2.845727130703496+0j)
11195,13.05.2019,11:00,0.0,0j
11196,13.05.2019,12:00,0.0,0j
11197,13.05.2019,13:00,1.0,(2.845727130703496+0j)
11198,13.05.2019,14:00,1.0,(2.845727130703496+0j)
11199,13.05.2019,15:00,2.0,(3.585391514230274+0j)
11200,13.05.2019,16:00,2.0,(3.585391514230274+0j)
11201,13.05.2019,17:00,2.0,(3.585391514230274+0j)
11202,13.05.2019,18:00,1.0,(2.845727130703496+0j)
11203,13.05.2019,19:00,3.0,(4.1042487314692515+0j)
11204,13.05.2019,20:00,0.0,0j
11205,13.05.2019,21:00,1.0,(2.845727130703496+0j)
11206,13.05.2019,22:00,0.0,0j
11207,13.05.2019,23:00,1.0,(2.845727130703496+0j)
11208,14.05.2019,00:00,1.0,(2.845727130703496+0j)
11209,14.05.2019,01:00,0.0,0j
11210,14.05.2019,02:00,5.0,(4.866124944308272+0j)
11211,14.05.2019,03:00,6.0,(5.171029370782441+0j)
11212,14.05.2019,04:00,1.0,(2.845727130703496+0j)
11213,14.05.2019,05:00,5.0,(4.866124944308272+0j)
11214,14.05.2019,06:00,4.0,(4.517310240893176+0j)
11215,14.05.2019,07:00,2.0,(3.585391514230274+0j)
11216,14.05.2019,08:00,0.0,0j
11217,14.05.2019,09:00,4.0,(4.517310240893176+0j)
11218,14.05.2019,10:00,12.0,(6.515088753873438+0j)
11219,14.05.2019,11:00,5.0,(4.866124944308272+0j)
11220,14.05.2019,12:00,22.0,(7.9738393445443+0j)
11221,14.05.2019,13:00,21.0,(7.851145380281553+0j)
11222,14.05.2019,14:00,6.0,(5.171029370782441+0j)
11223,14.05.2019,15:00,13.0,(6.691256914211192+0j)
11224,14.05.2019,16:00,9.0,(5.919350969396254+0j)
11225,14.05.2019,17:00,3.0,(4.1042487314692515+0j)
11226,14.05.2019,18:00,5.0,(4.866124944308272+0j)
11227,14.05.2019,19:00,17.0,(7.317165783214581+0j)
11228,14.05.2019,20:00,14.0,(6.858607230018604+0j)
11229,14.05.2019,21:00,6.0,(5.171029370782441+0j)
11230,14.05.2019,22:00,6.0,(5.171029370782441+0j)
11231,14.05.2019,23:00,5.0,(4.866124944308272+0j)
11232,15.05.2019,00:00,5.0,(4.866124944308272+0j)
11233,15.05.2019,01:00,8.0,(5.691454261406992+0j)
11234,15.05.2019,02:00,9.0,(5.919350969396254+0j)
11235,15.05.2019,03:00,10.0,(6.130933248752508+0j)
11236,15.05.2019,04:00,10.0,(6.130933248752508+0j)
11237,15.05.2019,05:00,3.0,(4.1042487314692515+0j)
11238,15.05.2019,06:00,5.0,(4.866124944308272+0j)
11239,15.05.2019,07:00,0.0,0j
11240,15.05.2019,08:00,5.0,(4.866124944308272+0j)
11241,15.05.2019,09:00,9.0,(5.919350969396254+0j)
11242,15.05.2019,10:00,0.0,0j
11243,15.05.2019,11:00,1.0,(2.845727130703496+0j)
11244,15.05.2019,12:00,3.0,(4.1042487314692515+0j)
11245,15.05.2019,13:00,0.0,0j
11246,15.05.2019,14:00,10.0,(6.130933248752508+0j)
11247,15.05.2019,15:00,9.0,(5.919350969396254+0j)
11248,15.05.2019,16:00,16.0,(7.170783028460548+0j)
11249,15.05.2019,17:00,14.0,(6.858607230018604+0j)
11250,15.05.2019,18:00,18.0,(7.457914888057963+0j)
11251,15.05.2019,19:00,7.0,(5.443680165984116+0j)
11252,15.05.2019,20:00,1.0,(2.845727130703496+0j)
11253,15.05.2019,21:00,2.0,(3.585391514230274+0j)
11254,15.05.2019,22:00,6.0,(5.171029370782441+0j)
11255,15.05.2019,23:00,5.0,(4.866124944308272+0j)
11256,16.05.2019,00:00,0.0,0j
11257,16.05.2019,01:00,0.0,0j
11258,16.05.2019,02:00,22.0,(7.9738393445443+0j)
11259,16.05.2019,03:00,22.0,(7.9738393445443+0j)
11260,16.05.2019,04:00,18.0,(7.457914888057963+0j)
11261,16.05.2019,05:00,2.0,(3.585391514230274+0j)
11262,16.05.2019,06:00,0.0,0j
11263,16.05.2019,07:00,2.0,(3.585391514230274+0j)
11264,16.05.2019,08:00,0.0,0j
11265,16.05.2019,09:00,0.0,0j
11266,16.05.2019,10:00,2.0,(3.585391514230274+0j)
11267,16.05.2019,11:00,4.0,(4.517310240893176+0j)
11268,16.05.2019,12:00,2.0,(3.585391514230274+0j)
11269,16.05.2019,13:00,7.0,(5.443680165984116+0j)
11270,16.05.2019,14:00,5.0,(4.866124944308272+0j)
11271,16.05.2019,15:00,6.0,(5.171029370782441+0j)
11272,16.05.2019,16:00,6.0,(5.171029370782441+0j)
11273,16.05.2019,17:00,3.0,(4.1042487314692515+0j)
11274,16.05.2019,18:00,4.0,(4.517310240893176+0j)
11275,16.05.2019,19:00,10.0,(6.130933248752508+0j)
11276,16.05.2019,20:00,4.0,(4.517310240893176+0j)
11277,16.05.2019,21:00,0.0,0j
11278,16.05.2019,22:00,3.0,(4.1042487314692515+0j)
11279,16.05.2019,23:00,0.0,0j
11280,17.05.2019,00:00,0.0,0j
11281,17.05.2019,01:00,0.0,0j
11282,17.05.2019,02:00,0.0,0j
11283,17.05.2019,03:00,0.0,0j
11284,17.05.2019,04:00,0.0,0j
11285,17.05.2019,05:00,0.0,0j
11286,17.05.2019,06:00,0.0,0j
11287,17.05.2019,07:00,0.0,0j
11288,17.05.2019,08:00,1.0,(2.845727130703496+0j)
11289,17.05.2019,09:00,0.0,0j
11290,17.05.2019,10:00,0.0,0j
11291,17.05.2019,11:00,0.0,0j
11292,17.05.2019,12:00,2.0,(3.585391514230274+0j)
11293,17.05.2019,13:00,5.0,(4.866124944308272+0j)
11294,17.05.2019,14:00,8.0,(5.691454261406992+0j)
11295,17.05.2019,15:00,13.0,(6.691256914211192+0j)
11296,17.05.2019,16:00,16.0,(7.170783028460548+0j)
11297,17.05.2019,17:00,9.0,(5.919350969396254+0j)
11298,17.05.2019,18:00,12.0,(6.515088753873438+0j)
11299,17.05.2019,19:00,13.0,(6.691256914211192+0j)
11300,17.05.2019,20:00,13.0,(6.691256914211192+0j)
11301,17.05.2019,21:00,4.0,(4.517310240893176+0j)
11302,17.05.2019,22:00,1.0,(2.845727130703496+0j)
11303,17.05.2019,23:00,0.0,0j
11304,18.05.2019,00:00,0.0,0j
11305,18.05.2019,01:00,0.0,0j
11306,18.05.2019,02:00,4.0,(4.517310240893176+0j)
11307,18.05.2019,03:00,11.0,(6.32884048187752+0j)
11308,18.05.2019,04:00,3.0,(4.1042487314692515+0j)
11309,18.05.2019,05:00,0.0,0j
11310,18.05.2019,06:00,0.0,0j
11311,18.05.2019,07:00,0.0,0j
11312,18.05.2019,08:00,0.0,0j
11313,18.05.2019,09:00,0.0,0j
11314,18.05.2019,10:00,0.0,0j
11315,18.05.2019,11:00,2.0,(3.585391514230274+0j)
11316,18.05.2019,12:00,4.0,(4.517310240893176+0j)
11317,18.05.2019,13:00,2.0,(3.585391514230274+0j)
11318,18.05.2019,14:00,5.0,(4.866124944308272+0j)
11319,18.05.2019,15:00,7.0,(5.443680165984116+0j)
11320,18.05.2019,16:00,8.0,(5.691454261406992+0j)
11321,18.05.2019,17:00,14.0,(6.858607230018604+0j)
11322,18.05.2019,18:00,5.0,(4.866124944308272+0j)
11323,18.05.2019,19:00,9.0,(5.919350969396254+0j)
11324,18.05.2019,20:00,12.0,(6.515088753873438+0j)
11325,18.05.2019,21:00,11.0,(6.32884048187752+0j)
11326,18.05.2019,22:00,0.0,0j
11327,18.05.2019,23:00,0.0,0j
11328,19.05.2019,00:00,1.0,(2.845727130703496+0j)
11329,19.05.2019,01:00,0.0,0j
11330,19.05.2019,02:00,0.0,0j
11331,19.05.2019,03:00,5.0,(4.866124944308272+0j)
11332,19.05.2019,04:00,0.0,0j
11333,19.05.2019,05:00,0.0,0j
11334,19.05.2019,06:00,2.0,(3.585391514230274+0j)
11335,19.05.2019,07:00,0.0,0j
11336,19.05.2019,08:00,0.0,0j
11337,19.05.2019,09:00,0.0,0j
11338,19.05.2019,10:00,0.0,0j
11339,19.05.2019,11:00,0.0,0j
11340,19.05.2019,12:00,0.0,0j
11341,19.05.2019,13:00,0.0,0j
11342,19.05.2019,14:00,0.0,0j
11343,19.05.2019,15:00,0.0,0j
11344,19.05.2019,16:00,1.0,(2.845727130703496+0j)
11345,19.05.2019,17:00,2.0,(3.585391514230274+0j)
11346,19.05.2019,18:00,5.0,(4.866124944308272+0j)
11347,19.05.2019,19:00,7.0,(5.443680165984116+0j)
11348,19.05.2019,20:00,8.0,(5.691454261406992+0j)
11349,19.05.2019,21:00,3.0,(4.1042487314692515+0j)
11350,19.05.2019,22:00,20.0,(7.724491855603646+0j)
11351,19.05.2019,23:00,19.0,(7.593542967381978+0j)
11352,20.05.2019,00:00,42.0,(9.891823330401618+0j)
11353,20.05.2019,01:00,29.0,(8.74297534497106+0j)
11354,20.05.2019,02:00,54.0,(10.756174542690822+0j)
11355,20.05.2019,03:00,48.0,(10.34205874156488+0j)
11356,20.05.2019,04:00,17.0,(7.317165783214581+0j)
11357,20.05.2019,05:00,14.0,(6.858607230018604+0j)
11358,20.05.2019,06:00,29.0,(8.74297534497106+0j)
11359,20.05.2019,07:00,32.0,(9.034620481786352+0j)
11360,20.05.2019,08:00,27.0,(8.537181392110488+0j)
11361,20.05.2019,09:00,35.0,(9.308562145233848+0j)
11362,20.05.2019,10:00,34.0,(9.219051195842558+0j)
11363,20.05.2019,11:00,17.0,(7.317165783214581+0j)
11364,20.05.2019,12:00,20.0,(7.724491855603646+0j)
11365,20.05.2019,13:00,27.0,(8.537181392110488+0j)
11366,20.05.2019,14:00,17.0,(7.317165783214581+0j)
11367,20.05.2019,15:00,23.0,(8.092869420675413+0j)
11368,20.05.2019,16:00,11.0,(6.32884048187752+0j)
11369,20.05.2019,17:00,6.0,(5.171029370782441+0j)
11370,20.05.2019,18:00,8.0,(5.691454261406992+0j)
11371,20.05.2019,19:00,4.0,(4.517310240893176+0j)
11372,20.05.2019,20:00,7.0,(5.443680165984116+0j)
11373,20.05.2019,21:00,3.0,(4.1042487314692515+0j)
11374,20.05.2019,22:00,2.0,(3.585391514230274+0j)
11375,20.05.2019,23:00,5.0,(4.866124944308272+0j)
11376,21.05.2019,00:00,7.0,(5.443680165984116+0j)
11377,21.05.2019,01:00,14.0,(6.858607230018604+0j)
11378,21.05.2019,02:00,1.0,(2.845727130703496+0j)
11379,21.05.2019,03:00,0.0,0j
11380,21.05.2019,04:00,0.0,0j
11381,21.05.2019,05:00,11.0,(6.32884048187752+0j)
11382,21.05.2019,06:00,18.0,(7.457914888057963+0j)
11383,21.05.2019,07:00,22.0,(7.9738393445443+0j)
11384,21.05.2019,08:00,23.0,(8.092869420675413+0j)
11385,21.05.2019,09:00,21.0,(7.851145380281553+0j)
11386,21.05.2019,10:00,29.0,(8.74297534497106+0j)
11387,21.05.2019,11:00,53.0,(10.689364281461948+0j)
11388,21.05.2019,12:00,58.0,(11.015458675840927+0j)
11389,21.05.2019,13:00,62.0,(11.263079534051261+0j)
11390,21.05.2019,14:00,65.0,(11.441888376335278+0j)
11391,21.05.2019,15:00,59.0,(11.078405520382008+0j)
11392,21.05.2019,16:00,36.0,(9.396383955788593+0j)
11393,21.05.2019,17:00,63.0,(11.323311051132062+0j)
11394,21.05.2019,18:00,62.0,(11.263079534051261+0j)
11395,21.05.2019,19:00,56.0,(10.887360331968232+0j)
11396,21.05.2019,20:00,61.0,(11.202196833891742+0j)
11397,21.05.2019,21:00,30.0,(8.84233584359671+0j)
11398,21.05.2019,22:00,45.0,(10.121947777604984+0j)
11399,21.05.2019,23:00,6.0,(5.171029370782441+0j)
11400,22.05.2019,00:00,14.0,(6.858607230018604+0j)
11401,22.05.2019,01:00,27.0,(8.537181392110488+0j)
11402,22.05.2019,02:00,26.0,(8.430455436469295+0j)
11403,22.05.2019,03:00,15.0,(7.018166609990766+0j)
11404,22.05.2019,04:00,8.0,(5.691454261406992+0j)
11405,22.05.2019,05:00,7.0,(5.443680165984116+0j)
11406,22.05.2019,06:00,8.0,(5.691454261406992+0j)
11407,22.05.2019,07:00,12.0,(6.515088753873438+0j)
11408,22.05.2019,08:00,11.0,(6.32884048187752+0j)
11409,22.05.2019,09:00,9.0,(5.919350969396254+0j)
11410,22.05.2019,10:00,10.0,(6.130933248752508+0j)
11411,22.05.2019,11:00,13.0,(6.691256914211192+0j)
11412,22.05.2019,12:00,10.0,(6.130933248752508+0j)
11413,22.05.2019,13:00,9.0,(5.919350969396254+0j)
11414,22.05.2019,14:00,4.0,(4.517310240893176+0j)
11415,22.05.2019,15:00,1.0,(2.845727130703496+0j)
11416,22.05.2019,16:00,1.0,(2.845727130703496+0j)
11417,22.05.2019,17:00,0.0,0j
11418,22.05.2019,18:00,0.0,0j
11419,22.05.2019,19:00,5.0,(4.866124944308272+0j)
11420,22.05.2019,20:00,6.0,(5.171029370782441+0j)
11421,22.05.2019,21:00,16.0,(7.170783028460548+0j)
11422,22.05.2019,22:00,9.0,(5.919350969396254+0j)
11423,22.05.2019,23:00,20.0,(7.724491855603646+0j)
11424,23.05.2019,00:00,0.0,0j
11425,23.05.2019,01:00,1.0,(2.845727130703496+0j)
11426,23.05.2019,02:00,11.0,(6.32884048187752+0j)
11427,23.05.2019,03:00,6.0,(5.171029370782441+0j)
11428,23.05.2019,04:00,6.0,(5.171029370782441+0j)
11429,23.05.2019,05:00,0.0,0j
11430,23.05.2019,06:00,0.0,0j
11431,23.05.2019,07:00,0.0,0j
11432,23.05.2019,08:00,0.0,0j
11433,23.05.2019,09:00,3.0,(4.1042487314692515+0j)
11434,23.05.2019,10:00,0.0,0j
11435,23.05.2019,11:00,0.0,0j
11436,23.05.2019,12:00,0.0,0j
11437,23.05.2019,13:00,0.0,0j
11438,23.05.2019,14:00,0.0,0j
11439,23.05.2019,15:00,0.0,0j
11440,23.05.2019,16:00,1.0,(2.845727130703496+0j)
11441,23.05.2019,17:00,1.0,(2.845727130703496+0j)
11442,23.05.2019,18:00,2.0,(3.585391514230274+0j)
11443,23.05.2019,19:00,2.0,(3.585391514230274+0j)
11444,23.05.2019,20:00,1.0,(2.845727130703496+0j)
11445,23.05.2019,21:00,5.0,(4.866124944308272+0j)
11446,23.05.2019,22:00,8.0,(5.691454261406992+0j)
11447,23.05.2019,23:00,7.0,(5.443680165984116+0j)
11448,24.05.2019,00:00,0.0,0j
11449,24.05.2019,01:00,2.0,(3.585391514230274+0j)
11450,24.05.2019,02:00,0.0,0j
11451,24.05.2019,03:00,0.0,0j
11452,24.05.2019,04:00,7.0,(5.443680165984116+0j)
11453,24.05.2019,05:00,12.0,(6.515088753873438+0j)
11454,24.05.2019,06:00,12.0,(6.515088753873438+0j)
11455,24.05.2019,07:00,6.0,(5.171029370782441+0j)
11456,24.05.2019,08:00,8.0,(5.691454261406992+0j)
11457,24.05.2019,09:00,7.0,(5.443680165984116+0j)
11458,24.05.2019,10:00,8.0,(5.691454261406992+0j)
11459,24.05.2019,11:00,13.0,(6.691256914211192+0j)
11460,24.05.2019,12:00,21.0,(7.851145380281553+0j)
11461,24.05.2019,13:00,19.0,(7.593542967381978+0j)
11462,24.05.2019,14:00,19.0,(7.593542967381978+0j)
11463,24.05.2019,15:00,19.0,(7.593542967381978+0j)
11464,24.05.2019,16:00,14.0,(6.858607230018604+0j)
11465,24.05.2019,17:00,14.0,(6.858607230018604+0j)
11466,24.05.2019,18:00,4.0,(4.517310240893176+0j)
11467,24.05.2019,19:00,13.0,(6.691256914211192+0j)
11468,24.05.2019,20:00,17.0,(7.317165783214581+0j)
11469,24.05.2019,21:00,5.0,(4.866124944308272+0j)
11470,24.05.2019,22:00,7.0,(5.443680165984116+0j)
11471,24.05.2019,23:00,13.0,(6.691256914211192+0j)
11472,25.05.2019,00:00,16.0,(7.170783028460548+0j)
11473,25.05.2019,01:00,11.0,(6.32884048187752+0j)
11474,25.05.2019,02:00,6.0,(5.171029370782441+0j)
11475,25.05.2019,03:00,0.0,0j
11476,25.05.2019,04:00,0.0,0j
11477,25.05.2019,05:00,0.0,0j
11478,25.05.2019,06:00,0.0,0j
11479,25.05.2019,07:00,0.0,0j
11480,25.05.2019,08:00,0.0,0j
11481,25.05.2019,09:00,0.0,0j
11482,25.05.2019,10:00,0.0,0j
11483,25.05.2019,11:00,2.0,(3.585391514230274+0j)
11484,25.05.2019,12:00,6.0,(5.171029370782441+0j)
11485,25.05.2019,13:00,9.0,(5.919350969396254+0j)
11486,25.05.2019,14:00,11.0,(6.32884048187752+0j)
11487,25.05.2019,15:00,10.0,(6.130933248752508+0j)
11488,25.05.2019,16:00,15.0,(7.018166609990766+0j)
11489,25.05.2019,17:00,15.0,(7.018166609990766+0j)
11490,25.05.2019,18:00,9.0,(5.919350969396254+0j)
11491,25.05.2019,19:00,4.0,(4.517310240893176+0j)
11492,25.05.2019,20:00,7.0,(5.443680165984116+0j)
11493,25.05.2019,21:00,7.0,(5.443680165984116+0j)
11494,25.05.2019,22:00,6.0,(5.171029370782441+0j)
11495,25.05.2019,23:00,2.0,(3.585391514230274+0j)
11496,26.05.2019,00:00,1.0,(2.845727130703496+0j)
11497,26.05.2019,01:00,2.0,(3.585391514230274+0j)
11498,26.05.2019,02:00,0.0,0j
11499,26.05.2019,03:00,0.0,0j
11500,26.05.2019,04:00,0.0,0j
11501,26.05.2019,05:00,1.0,(2.845727130703496+0j)
11502,26.05.2019,06:00,0.0,0j
11503,26.05.2019,07:00,2.0,(3.585391514230274+0j)
11504,26.05.2019,08:00,3.0,(4.1042487314692515+0j)
11505,26.05.2019,09:00,0.0,0j
11506,26.05.2019,10:00,0.0,0j
11507,26.05.2019,11:00,2.0,(3.585391514230274+0j)
11508,26.05.2019,12:00,3.0,(4.1042487314692515+0j)
11509,26.05.2019,13:00,6.0,(5.171029370782441+0j)
11510,26.05.2019,14:00,4.0,(4.517310240893176+0j)
11511,26.05.2019,15:00,2.0,(3.585391514230274+0j)
11512,26.05.2019,16:00,9.0,(5.919350969396254+0j)
11513,26.05.2019,17:00,6.0,(5.171029370782441+0j)
11514,26.05.2019,18:00,10.0,(6.130933248752508+0j)
11515,26.05.2019,19:00,7.0,(5.443680165984116+0j)
11516,26.05.2019,20:00,11.0,(6.32884048187752+0j)
11517,26.05.2019,21:00,15.0,(7.018166609990766+0j)
11518,26.05.2019,22:00,22.0,(7.9738393445443+0j)
11519,26.05.2019,23:00,15.0,(7.018166609990766+0j)
11520,27.05.2019,00:00,18.0,(7.457914888057963+0j)
11521,27.05.2019,01:00,18.0,(7.457914888057963+0j)
11522,27.05.2019,02:00,14.0,(6.858607230018604+0j)
11523,27.05.2019,03:00,13.0,(6.691256914211192+0j)
11524,27.05.2019,04:00,12.0,(6.515088753873438+0j)
11525,27.05.2019,05:00,8.0,(5.691454261406992+0j)
11526,27.05.2019,06:00,6.0,(5.171029370782441+0j)
11527,27.05.2019,07:00,1.0,(2.845727130703496+0j)
11528,27.05.2019,08:00,0.0,0j
11529,27.05.2019,09:00,0.0,0j
11530,27.05.2019,10:00,0.0,0j
11531,27.05.2019,11:00,0.0,0j
11532,27.05.2019,12:00,0.0,0j
11533,27.05.2019,13:00,1.0,(2.845727130703496+0j)
11534,27.05.2019,14:00,0.0,0j
11535,27.05.2019,15:00,1.0,(2.845727130703496+0j)
11536,27.05.2019,16:00,11.0,(6.32884048187752+0j)
11537,27.05.2019,17:00,9.0,(5.919350969396254+0j)
11538,27.05.2019,18:00,1.0,(2.845727130703496+0j)
11539,27.05.2019,19:00,0.0,0j
11540,27.05.2019,20:00,2.0,(3.585391514230274+0j)
11541,27.05.2019,21:00,0.0,0j
11542,27.05.2019,22:00,0.0,0j
11543,27.05.2019,23:00,0.0,0j
11544,28.05.2019,00:00,2.0,(3.585391514230274+0j)
11545,28.05.2019,01:00,2.0,(3.585391514230274+0j)
11546,28.05.2019,02:00,1.0,(2.845727130703496+0j)
11547,28.05.2019,03:00,3.0,(4.1042487314692515+0j)
11548,28.05.2019,04:00,4.0,(4.517310240893176+0j)
11549,28.05.2019,05:00,3.0,(4.1042487314692515+0j)
11550,28.05.2019,06:00,5.0,(4.866124944308272+0j)
11551,28.05.2019,07:00,9.0,(5.919350969396254+0j)
11552,28.05.2019,08:00,3.0,(4.1042487314692515+0j)
11553,28.05.2019,09:00,3.0,(4.1042487314692515+0j)
11554,28.05.2019,10:00,4.0,(4.517310240893176+0j)
11555,28.05.2019,11:00,16.0,(7.170783028460548+0j)
11556,28.05.2019,12:00,20.0,(7.724491855603646+0j)
11557,28.05.2019,13:00,16.0,(7.170783028460548+0j)
11558,28.05.2019,14:00,15.0,(7.018166609990766+0j)
11559,28.05.2019,15:00,13.0,(6.691256914211192+0j)
11560,28.05.2019,16:00,9.0,(5.919350969396254+0j)
11561,28.05.2019,17:00,10.0,(6.130933248752508+0j)
11562,28.05.2019,18:00,39.0,(9.650462409337567+0j)
11563,28.05.2019,19:00,39.0,(9.650462409337567+0j)
11564,28.05.2019,20:00,22.0,(7.9738393445443+0j)
11565,28.05.2019,21:00,42.0,(9.891823330401618+0j)
11566,28.05.2019,22:00,45.0,(10.121947777604984+0j)
11567,28.05.2019,23:00,30.0,(8.84233584359671+0j)
11568,29.05.2019,00:00,21.0,(7.851145380281553+0j)
11569,29.05.2019,01:00,25.0,(8.320956608290626+0j)
11570,29.05.2019,02:00,14.0,(6.858607230018604+0j)
11571,29.05.2019,03:00,19.0,(7.593542967381978+0j)
11572,29.05.2019,04:00,20.0,(7.724491855603646+0j)
11573,29.05.2019,05:00,14.0,(6.858607230018604+0j)
11574,29.05.2019,06:00,6.0,(5.171029370782441+0j)
11575,29.05.2019,07:00,5.0,(4.866124944308272+0j)
11576,29.05.2019,08:00,5.0,(4.866124944308272+0j)
11577,29.05.2019,09:00,7.0,(5.443680165984116+0j)
11578,29.05.2019,10:00,11.0,(6.32884048187752+0j)
11579,29.05.2019,11:00,13.0,(6.691256914211192+0j)
11580,29.05.2019,12:00,15.0,(7.018166609990766+0j)
11581,29.05.2019,13:00,7.0,(5.443680165984116+0j)
11582,29.05.2019,14:00,7.0,(5.443680165984116+0j)
11583,29.05.2019,15:00,16.0,(7.170783028460548+0j)
11584,29.05.2019,16:00,17.0,(7.317165783214581+0j)
11585,29.05.2019,17:00,28.0,(8.641303622061608+0j)
11586,29.05.2019,18:00,24.0,(8.208497462938503+0j)
11587,29.05.2019,19:00,9.0,(5.919350969396254+0j)
11588,29.05.2019,20:00,8.0,(5.691454261406992+0j)
11589,29.05.2019,21:00,2.0,(3.585391514230274+0j)
11590,29.05.2019,22:00,6.0,(5.171029370782441+0j)
11591,29.05.2019,23:00,12.0,(6.515088753873438+0j)
11592,30.05.2019,00:00,6.0,(5.171029370782441+0j)
11593,30.05.2019,01:00,5.0,(4.866124944308272+0j)
11594,30.05.2019,02:00,0.0,0j
11595,30.05.2019,03:00,0.0,0j
11596,30.05.2019,04:00,1.0,(2.845727130703496+0j)
11597,30.05.2019,05:00,0.0,0j
11598,30.05.2019,06:00,0.0,0j
11599,30.05.2019,07:00,0.0,0j
11600,30.05.2019,08:00,0.0,0j
11601,30.05.2019,09:00,0.0,0j
11602,30.05.2019,10:00,0.0,0j
11603,30.05.2019,11:00,0.0,0j
11604,30.05.2019,12:00,0.0,0j
11605,30.05.2019,13:00,2.0,(3.585391514230274+0j)
11606,30.05.2019,14:00,14.0,(6.858607230018604+0j)
11607,30.05.2019,15:00,15.0,(7.018166609990766+0j)
11608,30.05.2019,16:00,13.0,(6.691256914211192+0j)
11609,30.05.2019,17:00,9.0,(5.919350969396254+0j)
11610,30.05.2019,18:00,5.0,(4.866124944308272+0j)
11611,30.05.2019,19:00,5.0,(4.866124944308272+0j)
11612,30.05.2019,20:00,3.0,(4.1042487314692515+0j)
11613,30.05.2019,21:00,0.0,0j
11614,30.05.2019,22:00,0.0,0j
11615,30.05.2019,23:00,1.0,(2.845727130703496+0j)
11616,31.05.2019,00:00,1.0,(2.845727130703496+0j)
11617,31.05.2019,01:00,1.0,(2.845727130703496+0j)
11618,31.05.2019,02:00,2.0,(3.585391514230274+0j)
11619,31.05.2019,03:00,2.0,(3.585391514230274+0j)
11620,31.05.2019,04:00,2.0,(3.585391514230274+0j)
11621,31.05.2019,05:00,5.0,(4.866124944308272+0j)
11622,31.05.2019,06:00,15.0,(7.018166609990766+0j)
11623,31.05.2019,07:00,22.0,(7.9738393445443+0j)
11624,31.05.2019,08:00,17.0,(7.317165783214581+0j)
11625,31.05.2019,09:00,19.0,(7.593542967381978+0j)
11626,31.05.2019,10:00,15.0,(7.018166609990766+0j)
11627,31.05.2019,11:00,13.0,(6.691256914211192+0j)
11628,31.05.2019,12:00,9.0,(5.919350969396254+0j)
11629,31.05.2019,13:00,2.0,(3.585391514230274+0j)
11630,31.05.2019,14:00,1.0,(2.845727130703496+0j)
11631,31.05.2019,15:00,8.0,(5.691454261406992+0j)
11632,31.05.2019,16:00,17.0,(7.317165783214581+0j)
11633,31.05.2019,17:00,16.0,(7.170783028460548+0j)
11634,31.05.2019,18:00,12.0,(6.515088753873438+0j)
11635,31.05.2019,19:00,14.0,(6.858607230018604+0j)
11636,31.05.2019,20:00,20.0,(7.724491855603646+0j)
11637,31.05.2019,21:00,14.0,(6.858607230018604+0j)
11638,31.05.2019,22:00,10.0,(6.130933248752508+0j)
11639,31.05.2019,23:00,3.0,(4.1042487314692515+0j)
11640,01.06.2019,00:00,13.0,(6.691256914211192+0j)
11641,01.06.2019,01:00,11.0,(6.32884048187752+0j)
11642,01.06.2019,02:00,8.0,(5.691454261406992+0j)
11643,01.06.2019,03:00,6.0,(5.171029370782441+0j)
11644,01.06.2019,04:00,7.0,(5.443680165984116+0j)
11645,01.06.2019,05:00,6.0,(5.171029370782441+0j)
11646,01.06.2019,06:00,11.0,(6.32884048187752+0j)
11647,01.06.2019,07:00,7.0,(5.443680165984116+0j)
11648,01.06.2019,08:00,4.0,(4.517310240893176+0j)
11649,01.06.2019,09:00,2.0,(3.585391514230274+0j)
11650,01.06.2019,10:00,0.0,0j
11651,01.06.2019,11:00,0.0,0j
11652,01.06.2019,12:00,0.0,0j
11653,01.06.2019,13:00,2.0,(3.585391514230274+0j)
11654,01.06.2019,14:00,8.0,(5.691454261406992+0j)
11655,01.06.2019,15:00,14.0,(6.858607230018604+0j)
11656,01.06.2019,16:00,6.0,(5.171029370782441+0j)
11657,01.06.2019,17:00,9.0,(5.919350969396254+0j)
11658,01.06.2019,18:00,10.0,(6.130933248752508+0j)
11659,01.06.2019,19:00,6.0,(5.171029370782441+0j)
11660,01.06.2019,20:00,4.0,(4.517310240893176+0j)
11661,01.06.2019,21:00,0.0,0j
11662,01.06.2019,22:00,0.0,0j
11663,01.06.2019,23:00,0.0,0j
11664,02.06.2019,00:00,0.0,0j
11665,02.06.2019,01:00,0.0,0j
11666,02.06.2019,02:00,0.0,0j
11667,02.06.2019,03:00,0.0,0j
11668,02.06.2019,04:00,0.0,0j
11669,02.06.2019,05:00,0.0,0j
11670,02.06.2019,06:00,0.0,0j
11671,02.06.2019,07:00,0.0,0j
11672,02.06.2019,08:00,0.0,0j
11673,02.06.2019,09:00,0.0,0j
11674,02.06.2019,10:00,0.0,0j
11675,02.06.2019,11:00,0.0,0j
11676,02.06.2019,12:00,11.0,(6.32884048187752+0j)
11677,02.06.2019,13:00,15.0,(7.018166609990766+0j)
11678,02.06.2019,14:00,15.0,(7.018166609990766+0j)
11679,02.06.2019,15:00,14.0,(6.858607230018604+0j)
11680,02.06.2019,16:00,7.0,(5.443680165984116+0j)
11681,02.06.2019,17:00,15.0,(7.018166609990766+0j)
11682,02.06.2019,18:00,9.0,(5.919350969396254+0j)
11683,02.06.2019,19:00,10.0,(6.130933248752508+0j)
11684,02.06.2019,20:00,9.0,(5.919350969396254+0j)
11685,02.06.2019,21:00,19.0,(7.593542967381978+0j)
11686,02.06.2019,22:00,16.0,(7.170783028460548+0j)
11687,02.06.2019,23:00,10.0,(6.130933248752508+0j)
11688,03.06.2019,00:00,6.0,(5.171029370782441+0j)
11689,03.06.2019,01:00,3.0,(4.1042487314692515+0j)
11690,03.06.2019,02:00,9.0,(5.919350969396254+0j)
11691,03.06.2019,03:00,16.0,(7.170783028460548+0j)
11692,03.06.2019,04:00,17.0,(7.317165783214581+0j)
11693,03.06.2019,05:00,31.0,(8.939512150377235+0j)
11694,03.06.2019,06:00,21.0,(7.851145380281553+0j)
11695,03.06.2019,07:00,3.0,(4.1042487314692515+0j)
11696,03.06.2019,08:00,12.0,(6.515088753873438+0j)
11697,03.06.2019,09:00,11.0,(6.32884048187752+0j)
11698,03.06.2019,10:00,20.0,(7.724491855603646+0j)
11699,03.06.2019,11:00,20.0,(7.724491855603646+0j)
11700,03.06.2019,12:00,30.0,(8.84233584359671+0j)
11701,03.06.2019,13:00,46.0,(10.19637653715948+0j)
11702,03.06.2019,14:00,54.0,(10.756174542690822+0j)
11703,03.06.2019,15:00,54.0,(10.756174542690822+0j)
11704,03.06.2019,16:00,33.0,(9.127767465531983+0j)
11705,03.06.2019,17:00,27.0,(8.537181392110488+0j)
11706,03.06.2019,18:00,24.0,(8.208497462938503+0j)
11707,03.06.2019,19:00,20.0,(7.724491855603646+0j)
11708,03.06.2019,20:00,15.0,(7.018166609990766+0j)
11709,03.06.2019,21:00,9.0,(5.919350969396254+0j)
11710,03.06.2019,22:00,13.0,(6.691256914211192+0j)
11711,03.06.2019,23:00,4.0,(4.517310240893176+0j)
11712,04.06.2019,00:00,2.0,(3.585391514230274+0j)
11713,04.06.2019,01:00,6.0,(5.171029370782441+0j)
11714,04.06.2019,02:00,2.0,(3.585391514230274+0j)
11715,04.06.2019,03:00,0.0,0j
11716,04.06.2019,04:00,0.0,0j
11717,04.06.2019,05:00,0.0,0j
11718,04.06.2019,06:00,0.0,0j
11719,04.06.2019,07:00,0.0,0j
11720,04.06.2019,08:00,0.0,0j
11721,04.06.2019,09:00,3.0,(4.1042487314692515+0j)
11722,04.06.2019,10:00,4.0,(4.517310240893176+0j)
11723,04.06.2019,11:00,8.0,(5.691454261406992+0j)
11724,04.06.2019,12:00,12.0,(6.515088753873438+0j)
11725,04.06.2019,13:00,10.0,(6.130933248752508+0j)
11726,04.06.2019,14:00,16.0,(7.170783028460548+0j)
11727,04.06.2019,15:00,21.0,(7.851145380281553+0j)
11728,04.06.2019,16:00,20.0,(7.724491855603646+0j)
11729,04.06.2019,17:00,16.0,(7.170783028460548+0j)
11730,04.06.2019,18:00,13.0,(6.691256914211192+0j)
11731,04.06.2019,19:00,10.0,(6.130933248752508+0j)
11732,04.06.2019,20:00,9.0,(5.919350969396254+0j)
11733,04.06.2019,21:00,7.0,(5.443680165984116+0j)
11734,04.06.2019,22:00,2.0,(3.585391514230274+0j)
11735,04.06.2019,23:00,0.0,0j
11736,05.06.2019,00:00,0.0,0j
11737,05.06.2019,01:00,0.0,0j
11738,05.06.2019,02:00,0.0,0j
11739,05.06.2019,03:00,0.0,0j
11740,05.06.2019,04:00,0.0,0j
11741,05.06.2019,05:00,0.0,0j
11742,05.06.2019,06:00,0.0,0j
11743,05.06.2019,07:00,0.0,0j
11744,05.06.2019,08:00,0.0,0j
11745,05.06.2019,09:00,0.0,0j
11746,05.06.2019,10:00,0.0,0j
11747,05.06.2019,11:00,0.0,0j
11748,05.06.2019,12:00,0.0,0j
11749,05.06.2019,13:00,2.0,(3.585391514230274+0j)
11750,05.06.2019,14:00,7.0,(5.443680165984116+0j)
11751,05.06.2019,15:00,14.0,(6.858607230018604+0j)
11752,05.06.2019,16:00,11.0,(6.32884048187752+0j)
11753,05.06.2019,17:00,7.0,(5.443680165984116+0j)
11754,05.06.2019,18:00,9.0,(5.919350969396254+0j)
11755,05.06.2019,19:00,6.0,(5.171029370782441+0j)
11756,05.06.2019,20:00,9.0,(5.919350969396254+0j)
11757,05.06.2019,21:00,7.0,(5.443680165984116+0j)
11758,05.06.2019,22:00,1.0,(2.845727130703496+0j)
11759,05.06.2019,23:00,6.0,(5.171029370782441+0j)
11760,06.06.2019,00:00,0.0,0j
11761,06.06.2019,01:00,0.0,0j
11762,06.06.2019,02:00,0.0,0j
11763,06.06.2019,03:00,0.0,0j
11764,06.06.2019,04:00,0.0,0j
11765,06.06.2019,05:00,0.0,0j
11766,06.06.2019,06:00,0.0,0j
11767,06.06.2019,07:00,0.0,0j
11768,06.06.2019,08:00,0.0,0j
11769,06.06.2019,09:00,0.0,0j
11770,06.06.2019,10:00,0.0,0j
11771,06.06.2019,11:00,0.0,0j
11772,06.06.2019,12:00,2.0,(3.585391514230274+0j)
11773,06.06.2019,13:00,3.0,(4.1042487314692515+0j)
11774,06.06.2019,14:00,6.0,(5.171029370782441+0j)
11775,06.06.2019,15:00,10.0,(6.130933248752508+0j)
11776,06.06.2019,16:00,16.0,(7.170783028460548+0j)
11777,06.06.2019,17:00,13.0,(6.691256914211192+0j)
11778,06.06.2019,18:00,7.0,(5.443680165984116+0j)
11779,06.06.2019,19:00,7.0,(5.443680165984116+0j)
11780,06.06.2019,20:00,8.0,(5.691454261406992+0j)
11781,06.06.2019,21:00,4.0,(4.517310240893176+0j)
11782,06.06.2019,22:00,1.0,(2.845727130703496+0j)
11783,06.06.2019,23:00,4.0,(4.517310240893176+0j)
11784,07.06.2019,00:00,5.0,(4.866124944308272+0j)
11785,07.06.2019,01:00,6.0,(5.171029370782441+0j)
11786,07.06.2019,02:00,5.0,(4.866124944308272+0j)
11787,07.06.2019,03:00,3.0,(4.1042487314692515+0j)
11788,07.06.2019,04:00,7.0,(5.443680165984116+0j)
11789,07.06.2019,05:00,7.0,(5.443680165984116+0j)
11790,07.06.2019,06:00,5.0,(4.866124944308272+0j)
11791,07.06.2019,07:00,6.0,(5.171029370782441+0j)
11792,07.06.2019,08:00,7.0,(5.443680165984116+0j)
11793,07.06.2019,09:00,9.0,(5.919350969396254+0j)
11794,07.06.2019,10:00,10.0,(6.130933248752508+0j)
11795,07.06.2019,11:00,10.0,(6.130933248752508+0j)
11796,07.06.2019,12:00,9.0,(5.919350969396254+0j)
11797,07.06.2019,13:00,9.0,(5.919350969396254+0j)
11798,07.06.2019,14:00,15.0,(7.018166609990766+0j)
11799,07.06.2019,15:00,11.0,(6.32884048187752+0j)
11800,07.06.2019,16:00,13.0,(6.691256914211192+0j)
11801,07.06.2019,17:00,15.0,(7.018166609990766+0j)
11802,07.06.2019,18:00,39.0,(9.650462409337567+0j)
11803,07.06.2019,19:00,40.0,(9.732249888616542+0j)
11804,07.06.2019,20:00,35.0,(9.308562145233848+0j)
11805,07.06.2019,21:00,48.0,(10.34205874156488+0j)
11806,07.06.2019,22:00,43.0,(9.969714910096506+0j)
11807,07.06.2019,23:00,49.0,(10.41338553855059+0j)
11808,08.06.2019,00:00,48.0,(10.34205874156488+0j)
11809,08.06.2019,01:00,40.0,(9.732249888616542+0j)
11810,08.06.2019,02:00,35.0,(9.308562145233848+0j)
11811,08.06.2019,03:00,20.0,(7.724491855603646+0j)
11812,08.06.2019,04:00,45.0,(10.121947777604984+0j)
11813,08.06.2019,05:00,38.0,(9.567264627885733+0j)
11814,08.06.2019,06:00,43.0,(9.969714910096506+0j)
11815,08.06.2019,07:00,40.0,(9.732249888616542+0j)
11816,08.06.2019,08:00,41.0,(9.812685353516676+0j)
11817,08.06.2019,09:00,56.0,(10.887360331968232+0j)
11818,08.06.2019,10:00,60.0,(11.140645059587433+0j)
11819,08.06.2019,11:00,60.0,(11.140645059587433+0j)
11820,08.06.2019,12:00,57.0,(10.9517840818175+0j)
11821,08.06.2019,13:00,52.0,(10.621708264608335+0j)
11822,08.06.2019,14:00,54.0,(10.756174542690822+0j)
11823,08.06.2019,15:00,53.0,(10.689364281461948+0j)
11824,08.06.2019,16:00,59.0,(11.078405520382008+0j)
11825,08.06.2019,17:00,58.0,(11.015458675840927+0j)
11826,08.06.2019,18:00,61.0,(11.202196833891742+0j)
11827,08.06.2019,19:00,62.0,(11.263079534051261+0j)
11828,08.06.2019,20:00,51.0,(10.5531792067093+0j)
11829,08.06.2019,21:00,55.0,(10.822164994364314+0j)
11830,08.06.2019,22:00,60.0,(11.140645059587433+0j)
11831,08.06.2019,23:00,64.0,(11.382908522813985+0j)
11832,09.06.2019,00:00,40.0,(9.732249888616542+0j)
11833,09.06.2019,01:00,40.0,(9.732249888616542+0j)
11834,09.06.2019,02:00,33.0,(9.127767465531983+0j)
11835,09.06.2019,03:00,31.0,(8.939512150377235+0j)
11836,09.06.2019,04:00,32.0,(9.034620481786352+0j)
11837,09.06.2019,05:00,46.0,(10.19637653715948+0j)
11838,09.06.2019,06:00,47.0,(10.269734286241032+0j)
11839,09.06.2019,07:00,47.0,(10.269734286241032+0j)
11840,09.06.2019,08:00,49.0,(10.41338553855059+0j)
11841,09.06.2019,09:00,55.0,(10.822164994364314+0j)
11842,09.06.2019,10:00,60.0,(11.140645059587433+0j)
11843,09.06.2019,11:00,63.0,(11.323311051132062+0j)
11844,09.06.2019,12:00,67.0,(11.55805762209552+0j)
11845,09.06.2019,13:00,66.0,(11.500266368369322+0j)
11846,09.06.2019,14:00,64.0,(11.382908522813985+0j)
11847,09.06.2019,15:00,67.0,(11.55805762209552+0j)
11848,09.06.2019,16:00,67.0,(11.55805762209552+0j)
11849,09.06.2019,17:00,69.0,(11.671937444523078+0j)
11850,09.06.2019,18:00,68.0,(11.615276661700541+0j)
11851,09.06.2019,19:00,67.0,(11.55805762209552+0j)
11852,09.06.2019,20:00,66.0,(11.500266368369322+0j)
11853,09.06.2019,21:00,66.0,(11.500266368369322+0j)
11854,09.06.2019,22:00,66.0,(11.500266368369322+0j)
11855,09.06.2019,23:00,66.0,(11.500266368369322+0j)
11856,10.06.2019,00:00,57.0,(10.9517840818175+0j)
11857,10.06.2019,01:00,56.0,(10.887360331968232+0j)
11858,10.06.2019,02:00,56.0,(10.887360331968232+0j)
11859,10.06.2019,03:00,62.0,(11.263079534051261+0j)
11860,10.06.2019,04:00,57.0,(10.9517840818175+0j)
11861,10.06.2019,05:00,54.0,(10.756174542690822+0j)
11862,10.06.2019,06:00,60.0,(11.140645059587433+0j)
11863,10.06.2019,07:00,58.0,(11.015458675840927+0j)
11864,10.06.2019,08:00,60.0,(11.140645059587433+0j)
11865,10.06.2019,09:00,58.0,(11.015458675840927+0j)
11866,10.06.2019,10:00,58.0,(11.015458675840927+0j)
11867,10.06.2019,11:00,61.0,(11.202196833891742+0j)
11868,10.06.2019,12:00,62.0,(11.263079534051261+0j)
11869,10.06.2019,13:00,64.0,(11.382908522813985+0j)
11870,10.06.2019,14:00,58.0,(11.015458675840927+0j)
11871,10.06.2019,15:00,50.0,(10.483748386047209+0j)
11872,10.06.2019,16:00,55.0,(10.822164994364314+0j)
11873,10.06.2019,17:00,54.0,(10.756174542690822+0j)
11874,10.06.2019,18:00,50.0,(10.483748386047209+0j)
11875,10.06.2019,19:00,55.0,(10.822164994364314+0j)
11876,10.06.2019,20:00,49.0,(10.41338553855059+0j)
11877,10.06.2019,21:00,45.0,(10.121947777604984+0j)
11878,10.06.2019,22:00,40.0,(9.732249888616542+0j)
11879,10.06.2019,23:00,14.0,(6.858607230018604+0j)
11880,11.06.2019,00:00,12.0,(6.515088753873438+0j)
11881,11.06.2019,01:00,10.0,(6.130933248752508+0j)
11882,11.06.2019,02:00,7.0,(5.443680165984116+0j)
11883,11.06.2019,03:00,8.0,(5.691454261406992+0j)
11884,11.06.2019,04:00,8.0,(5.691454261406992+0j)
11885,11.06.2019,05:00,7.0,(5.443680165984116+0j)
11886,11.06.2019,06:00,8.0,(5.691454261406992+0j)
11887,11.06.2019,07:00,2.0,(3.585391514230274+0j)
11888,11.06.2019,08:00,1.0,(2.845727130703496+0j)
11889,11.06.2019,09:00,5.0,(4.866124944308272+0j)
11890,11.06.2019,10:00,5.0,(4.866124944308272+0j)
11891,11.06.2019,11:00,5.0,(4.866124944308272+0j)
11892,11.06.2019,12:00,2.0,(3.585391514230274+0j)
11893,11.06.2019,13:00,2.0,(3.585391514230274+0j)
11894,11.06.2019,14:00,1.0,(2.845727130703496+0j)
11895,11.06.2019,15:00,6.0,(5.171029370782441+0j)
11896,11.06.2019,16:00,4.0,(4.517310240893176+0j)
11897,11.06.2019,17:00,0.0,0j
11898,11.06.2019,18:00,0.0,0j
11899,11.06.2019,19:00,0.0,0j
11900,11.06.2019,20:00,1.0,(2.845727130703496+0j)
11901,11.06.2019,21:00,5.0,(4.866124944308272+0j)
11902,11.06.2019,22:00,5.0,(4.866124944308272+0j)
11903,11.06.2019,23:00,5.0,(4.866124944308272+0j)
11904,12.06.2019,00:00,0.0,0j
11905,12.06.2019,01:00,0.0,0j
11906,12.06.2019,02:00,0.0,0j
11907,12.06.2019,03:00,0.0,0j
11908,12.06.2019,04:00,0.0,0j
11909,12.06.2019,05:00,0.0,0j
11910,12.06.2019,06:00,0.0,0j
11911,12.06.2019,07:00,0.0,0j
11912,12.06.2019,08:00,2.0,(3.585391514230274+0j)
11913,12.06.2019,09:00,0.0,0j
11914,12.06.2019,10:00,0.0,0j
11915,12.06.2019,11:00,1.0,(2.845727130703496+0j)
11916,12.06.2019,12:00,0.0,0j
11917,12.06.2019,13:00,13.0,(6.691256914211192+0j)
11918,12.06.2019,14:00,1.0,(2.845727130703496+0j)
11919,12.06.2019,15:00,14.0,(6.858607230018604+0j)
11920,12.06.2019,16:00,7.0,(5.443680165984116+0j)
11921,12.06.2019,17:00,6.0,(5.171029370782441+0j)
11922,12.06.2019,18:00,1.0,(2.845727130703496+0j)
11923,12.06.2019,19:00,0.0,0j
11924,12.06.2019,20:00,0.0,0j
11925,12.06.2019,21:00,2.0,(3.585391514230274+0j)
11926,12.06.2019,22:00,2.0,(3.585391514230274+0j)
11927,12.06.2019,23:00,6.0,(5.171029370782441+0j)
11928,13.06.2019,00:00,4.0,(4.517310240893176+0j)
11929,13.06.2019,01:00,1.0,(2.845727130703496+0j)
11930,13.06.2019,02:00,3.0,(4.1042487314692515+0j)
11931,13.06.2019,03:00,1.0,(2.845727130703496+0j)
11932,13.06.2019,04:00,1.0,(2.845727130703496+0j)
11933,13.06.2019,05:00,2.0,(3.585391514230274+0j)
11934,13.06.2019,06:00,1.0,(2.845727130703496+0j)
11935,13.06.2019,07:00,1.0,(2.845727130703496+0j)
11936,13.06.2019,08:00,1.0,(2.845727130703496+0j)
11937,13.06.2019,09:00,5.0,(4.866124944308272+0j)
11938,13.06.2019,10:00,7.0,(5.443680165984116+0j)
11939,13.06.2019,11:00,18.0,(7.457914888057963+0j)
11940,13.06.2019,12:00,24.0,(8.208497462938503+0j)
11941,13.06.2019,13:00,25.0,(8.320956608290626+0j)
11942,13.06.2019,14:00,19.0,(7.593542967381978+0j)
11943,13.06.2019,15:00,28.0,(8.641303622061608+0j)
11944,13.06.2019,16:00,45.0,(10.121947777604984+0j)
11945,13.06.2019,17:00,58.0,(11.015458675840927+0j)
11946,13.06.2019,18:00,59.0,(11.078405520382008+0j)
11947,13.06.2019,19:00,56.0,(10.887360331968232+0j)
11948,13.06.2019,20:00,46.0,(10.19637653715948+0j)
11949,13.06.2019,21:00,36.0,(9.396383955788593+0j)
11950,13.06.2019,22:00,17.0,(7.317165783214581+0j)
11951,13.06.2019,23:00,19.0,(7.593542967381978+0j)
11952,14.06.2019,00:00,11.0,(6.32884048187752+0j)
11953,14.06.2019,01:00,16.0,(7.170783028460548+0j)
11954,14.06.2019,02:00,15.0,(7.018166609990766+0j)
11955,14.06.2019,03:00,7.0,(5.443680165984116+0j)
11956,14.06.2019,04:00,7.0,(5.443680165984116+0j)
11957,14.06.2019,05:00,9.0,(5.919350969396254+0j)
11958,14.06.2019,06:00,8.0,(5.691454261406992+0j)
11959,14.06.2019,07:00,6.0,(5.171029370782441+0j)
11960,14.06.2019,08:00,5.0,(4.866124944308272+0j)
11961,14.06.2019,09:00,14.0,(6.858607230018604+0j)
11962,14.06.2019,10:00,38.0,(9.567264627885733+0j)
11963,14.06.2019,11:00,31.0,(8.939512150377235+0j)
11964,14.06.2019,12:00,37.0,(9.482594128751929+0j)
11965,14.06.2019,13:00,30.0,(8.84233584359671+0j)
11966,14.06.2019,14:00,35.0,(9.308562145233848+0j)
11967,14.06.2019,15:00,42.0,(9.891823330401618+0j)
11968,14.06.2019,16:00,48.0,(10.34205874156488+0j)
11969,14.06.2019,17:00,64.0,(11.382908522813985+0j)
11970,14.06.2019,18:00,60.0,(11.140645059587433+0j)
11971,14.06.2019,19:00,57.0,(10.9517840818175+0j)
11972,14.06.2019,20:00,53.0,(10.689364281461948+0j)
11973,14.06.2019,21:00,54.0,(10.756174542690822+0j)
11974,14.06.2019,22:00,46.0,(10.19637653715948+0j)
11975,14.06.2019,23:00,32.0,(9.034620481786352+0j)
11976,15.06.2019,00:00,55.0,(10.822164994364314+0j)
11977,15.06.2019,01:00,19.0,(7.593542967381978+0j)
11978,15.06.2019,02:00,23.0,(8.092869420675413+0j)
11979,15.06.2019,03:00,15.0,(7.018166609990766+0j)
11980,15.06.2019,04:00,39.0,(9.650462409337567+0j)
11981,15.06.2019,05:00,31.0,(8.939512150377235+0j)
11982,15.06.2019,06:00,21.0,(7.851145380281553+0j)
11983,15.06.2019,07:00,35.0,(9.308562145233848+0j)
11984,15.06.2019,08:00,36.0,(9.396383955788593+0j)
11985,15.06.2019,09:00,37.0,(9.482594128751929+0j)
11986,15.06.2019,10:00,29.0,(8.74297534497106+0j)
11987,15.06.2019,11:00,19.0,(7.593542967381978+0j)
11988,15.06.2019,12:00,21.0,(7.851145380281553+0j)
11989,15.06.2019,13:00,28.0,(8.641303622061608+0j)
11990,15.06.2019,14:00,26.0,(8.430455436469295+0j)
11991,15.06.2019,15:00,47.0,(10.269734286241032+0j)
11992,15.06.2019,16:00,62.0,(11.263079534051261+0j)
11993,15.06.2019,17:00,66.0,(11.500266368369322+0j)
11994,15.06.2019,18:00,64.0,(11.382908522813985+0j)
11995,15.06.2019,19:00,48.0,(10.34205874156488+0j)
11996,15.06.2019,20:00,35.0,(9.308562145233848+0j)
11997,15.06.2019,21:00,36.0,(9.396383955788593+0j)
11998,15.06.2019,22:00,44.0,(10.0464080386713+0j)
11999,15.06.2019,23:00,44.0,(10.0464080386713+0j)
12000,16.06.2019,00:00,38.0,(9.567264627885733+0j)
12001,16.06.2019,01:00,46.0,(10.19637653715948+0j)
12002,16.06.2019,02:00,46.0,(10.19637653715948+0j)
12003,16.06.2019,03:00,33.0,(9.127767465531983+0j)
12004,16.06.2019,04:00,54.0,(10.756174542690822+0j)
12005,16.06.2019,05:00,52.0,(10.621708264608335+0j)
12006,16.06.2019,06:00,46.0,(10.19637653715948+0j)
12007,16.06.2019,07:00,50.0,(10.483748386047209+0j)
12008,16.06.2019,08:00,43.0,(9.969714910096506+0j)
12009,16.06.2019,09:00,54.0,(10.756174542690822+0j)
12010,16.06.2019,10:00,36.0,(9.396383955788593+0j)
12011,16.06.2019,11:00,31.0,(8.939512150377235+0j)
12012,16.06.2019,12:00,47.0,(10.269734286241032+0j)
12013,16.06.2019,13:00,56.0,(10.887360331968232+0j)
12014,16.06.2019,14:00,45.0,(10.121947777604984+0j)
12015,16.06.2019,15:00,48.0,(10.34205874156488+0j)
12016,16.06.2019,16:00,56.0,(10.887360331968232+0j)
12017,16.06.2019,17:00,58.0,(11.015458675840927+0j)
12018,16.06.2019,18:00,58.0,(11.015458675840927+0j)
12019,16.06.2019,19:00,51.0,(10.5531792067093+0j)
12020,16.06.2019,20:00,46.0,(10.19637653715948+0j)
12021,16.06.2019,21:00,33.0,(9.127767465531983+0j)
12022,16.06.2019,22:00,17.0,(7.317165783214581+0j)
12023,16.06.2019,23:00,12.0,(6.515088753873438+0j)
12024,17.06.2019,00:00,27.0,(8.537181392110488+0j)
12025,17.06.2019,01:00,24.0,(8.208497462938503+0j)
12026,17.06.2019,02:00,27.0,(8.537181392110488+0j)
12027,17.06.2019,03:00,26.0,(8.430455436469295+0j)
12028,17.06.2019,04:00,26.0,(8.430455436469295+0j)
12029,17.06.2019,05:00,34.0,(9.219051195842558+0j)
12030,17.06.2019,06:00,31.0,(8.939512150377235+0j)
12031,17.06.2019,07:00,30.0,(8.84233584359671+0j)
12032,17.06.2019,08:00,29.0,(8.74297534497106+0j)
12033,17.06.2019,09:00,30.0,(8.84233584359671+0j)
12034,17.06.2019,10:00,31.0,(8.939512150377235+0j)
12035,17.06.2019,11:00,27.0,(8.537181392110488+0j)
12036,17.06.2019,12:00,11.0,(6.32884048187752+0j)
12037,17.06.2019,13:00,5.0,(4.866124944308272+0j)
12038,17.06.2019,14:00,13.0,(6.691256914211192+0j)
12039,17.06.2019,15:00,0.0,0j
12040,17.06.2019,16:00,20.0,(7.724491855603646+0j)
12041,17.06.2019,17:00,6.0,(5.171029370782441+0j)
12042,17.06.2019,18:00,35.0,(9.308562145233848+0j)
12043,17.06.2019,19:00,34.0,(9.219051195842558+0j)
12044,17.06.2019,20:00,24.0,(8.208497462938503+0j)
12045,17.06.2019,21:00,38.0,(9.567264627885733+0j)
12046,17.06.2019,22:00,36.0,(9.396383955788593+0j)
12047,17.06.2019,23:00,20.0,(7.724491855603646+0j)
12048,18.06.2019,00:00,14.0,(6.858607230018604+0j)
12049,18.06.2019,01:00,32.0,(9.034620481786352+0j)
12050,18.06.2019,02:00,26.0,(8.430455436469295+0j)
12051,18.06.2019,03:00,42.0,(9.891823330401618+0j)
12052,18.06.2019,04:00,42.0,(9.891823330401618+0j)
12053,18.06.2019,05:00,50.0,(10.483748386047209+0j)
12054,18.06.2019,06:00,51.0,(10.5531792067093+0j)
12055,18.06.2019,07:00,37.0,(9.482594128751929+0j)
12056,18.06.2019,08:00,27.0,(8.537181392110488+0j)
12057,18.06.2019,09:00,36.0,(9.396383955788593+0j)
12058,18.06.2019,10:00,34.0,(9.219051195842558+0j)
12059,18.06.2019,11:00,36.0,(9.396383955788593+0j)
12060,18.06.2019,12:00,31.0,(8.939512150377235+0j)
12061,18.06.2019,13:00,15.0,(7.018166609990766+0j)
12062,18.06.2019,14:00,16.0,(7.170783028460548+0j)
12063,18.06.2019,15:00,44.0,(10.0464080386713+0j)
12064,18.06.2019,16:00,33.0,(9.127767465531983+0j)
12065,18.06.2019,17:00,33.0,(9.127767465531983+0j)
12066,18.06.2019,18:00,54.0,(10.756174542690822+0j)
12067,18.06.2019,19:00,44.0,(10.0464080386713+0j)
12068,18.06.2019,20:00,39.0,(9.650462409337567+0j)
12069,18.06.2019,21:00,41.0,(9.812685353516676+0j)
12070,18.06.2019,22:00,36.0,(9.396383955788593+0j)
12071,18.06.2019,23:00,12.0,(6.515088753873438+0j)
12072,19.06.2019,00:00,7.0,(5.443680165984116+0j)
12073,19.06.2019,01:00,18.0,(7.457914888057963+0j)
12074,19.06.2019,02:00,34.0,(9.219051195842558+0j)
12075,19.06.2019,03:00,35.0,(9.308562145233848+0j)
12076,19.06.2019,04:00,38.0,(9.567264627885733+0j)
12077,19.06.2019,05:00,39.0,(9.650462409337567+0j)
12078,19.06.2019,06:00,44.0,(10.0464080386713+0j)
12079,19.06.2019,07:00,38.0,(9.567264627885733+0j)
12080,19.06.2019,08:00,16.0,(7.170783028460548+0j)
12081,19.06.2019,09:00,21.0,(7.851145380281553+0j)
12082,19.06.2019,10:00,15.0,(7.018166609990766+0j)
12083,19.06.2019,11:00,14.0,(6.858607230018604+0j)
12084,19.06.2019,12:00,12.0,(6.515088753873438+0j)
12085,19.06.2019,13:00,10.0,(6.130933248752508+0j)
12086,19.06.2019,14:00,10.0,(6.130933248752508+0j)
12087,19.06.2019,15:00,2.0,(3.585391514230274+0j)
12088,19.06.2019,16:00,5.0,(4.866124944308272+0j)
12089,19.06.2019,17:00,8.0,(5.691454261406992+0j)
12090,19.06.2019,18:00,24.0,(8.208497462938503+0j)
12091,19.06.2019,19:00,16.0,(7.170783028460548+0j)
12092,19.06.2019,20:00,12.0,(6.515088753873438+0j)
12093,19.06.2019,21:00,19.0,(7.593542967381978+0j)
12094,19.06.2019,22:00,15.0,(7.018166609990766+0j)
12095,19.06.2019,23:00,24.0,(8.208497462938503+0j)
12096,20.06.2019,00:00,17.0,(7.317165783214581+0j)
12097,20.06.2019,01:00,19.0,(7.593542967381978+0j)
12098,20.06.2019,02:00,28.0,(8.641303622061608+0j)
12099,20.06.2019,03:00,33.0,(9.127767465531983+0j)
12100,20.06.2019,04:00,28.0,(8.641303622061608+0j)
12101,20.06.2019,05:00,35.0,(9.308562145233848+0j)
12102,20.06.2019,06:00,19.0,(7.593542967381978+0j)
12103,20.06.2019,07:00,31.0,(8.939512150377235+0j)
12104,20.06.2019,08:00,29.0,(8.74297534497106+0j)
12105,20.06.2019,09:00,35.0,(9.308562145233848+0j)
12106,20.06.2019,10:00,24.0,(8.208497462938503+0j)
12107,20.06.2019,11:00,33.0,(9.127767465531983+0j)
12108,20.06.2019,12:00,33.0,(9.127767465531983+0j)
12109,20.06.2019,13:00,26.0,(8.430455436469295+0j)
12110,20.06.2019,14:00,15.0,(7.018166609990766+0j)
12111,20.06.2019,15:00,25.0,(8.320956608290626+0j)
12112,20.06.2019,16:00,17.0,(7.317165783214581+0j)
12113,20.06.2019,17:00,27.0,(8.537181392110488+0j)
12114,20.06.2019,18:00,20.0,(7.724491855603646+0j)
12115,20.06.2019,19:00,30.0,(8.84233584359671+0j)
12116,20.06.2019,20:00,30.0,(8.84233584359671+0j)
12117,20.06.2019,21:00,27.0,(8.537181392110488+0j)
12118,20.06.2019,22:00,26.0,(8.430455436469295+0j)
12119,20.06.2019,23:00,28.0,(8.641303622061608+0j)
12120,21.06.2019,00:00,32.0,(9.034620481786352+0j)
12121,21.06.2019,01:00,32.0,(9.034620481786352+0j)
12122,21.06.2019,02:00,29.0,(8.74297534497106+0j)
12123,21.06.2019,03:00,21.0,(7.851145380281553+0j)
12124,21.06.2019,04:00,26.0,(8.430455436469295+0j)
12125,21.06.2019,05:00,26.0,(8.430455436469295+0j)
12126,21.06.2019,06:00,25.0,(8.320956608290626+0j)
12127,21.06.2019,07:00,19.0,(7.593542967381978+0j)
12128,21.06.2019,08:00,21.0,(7.851145380281553+0j)
12129,21.06.2019,09:00,23.0,(8.092869420675413+0j)
12130,21.06.2019,10:00,23.0,(8.092869420675413+0j)
12131,21.06.2019,11:00,17.0,(7.317165783214581+0j)
12132,21.06.2019,12:00,14.0,(6.858607230018604+0j)
12133,21.06.2019,13:00,13.0,(6.691256914211192+0j)
12134,21.06.2019,14:00,13.0,(6.691256914211192+0j)
12135,21.06.2019,15:00,20.0,(7.724491855603646+0j)
12136,21.06.2019,16:00,19.0,(7.593542967381978+0j)
12137,21.06.2019,17:00,43.0,(9.969714910096506+0j)
12138,21.06.2019,18:00,37.0,(9.482594128751929+0j)
12139,21.06.2019,19:00,42.0,(9.891823330401618+0j)
12140,21.06.2019,20:00,34.0,(9.219051195842558+0j)
12141,21.06.2019,21:00,36.0,(9.396383955788593+0j)
12142,21.06.2019,22:00,44.0,(10.0464080386713+0j)
12143,21.06.2019,23:00,49.0,(10.41338553855059+0j)
12144,22.06.2019,00:00,50.0,(10.483748386047209+0j)
12145,22.06.2019,01:00,49.0,(10.41338553855059+0j)
12146,22.06.2019,02:00,59.0,(11.078405520382008+0j)
12147,22.06.2019,03:00,45.0,(10.121947777604984+0j)
12148,22.06.2019,04:00,30.0,(8.84233584359671+0j)
12149,22.06.2019,05:00,39.0,(9.650462409337567+0j)
12150,22.06.2019,06:00,30.0,(8.84233584359671+0j)
12151,22.06.2019,07:00,32.0,(9.034620481786352+0j)
12152,22.06.2019,08:00,35.0,(9.308562145233848+0j)
12153,22.06.2019,09:00,37.0,(9.482594128751929+0j)
12154,22.06.2019,10:00,48.0,(10.34205874156488+0j)
12155,22.06.2019,11:00,41.0,(9.812685353516676+0j)
12156,22.06.2019,12:00,44.0,(10.0464080386713+0j)
12157,22.06.2019,13:00,47.0,(10.269734286241032+0j)
12158,22.06.2019,14:00,43.0,(9.969714910096506+0j)
12159,22.06.2019,15:00,44.0,(10.0464080386713+0j)
12160,22.06.2019,16:00,47.0,(10.269734286241032+0j)
12161,22.06.2019,17:00,57.0,(10.9517840818175+0j)
12162,22.06.2019,18:00,49.0,(10.41338553855059+0j)
12163,22.06.2019,19:00,54.0,(10.756174542690822+0j)
12164,22.06.2019,20:00,48.0,(10.34205874156488+0j)
12165,22.06.2019,21:00,40.0,(9.732249888616542+0j)
12166,22.06.2019,22:00,49.0,(10.41338553855059+0j)
12167,22.06.2019,23:00,58.0,(11.015458675840927+0j)
12168,23.06.2019,00:00,58.0,(11.015458675840927+0j)
12169,23.06.2019,01:00,53.0,(10.689364281461948+0j)
12170,23.06.2019,02:00,25.0,(8.320956608290626+0j)
12171,23.06.2019,03:00,21.0,(7.851145380281553+0j)
12172,23.06.2019,04:00,17.0,(7.317165783214581+0j)
12173,23.06.2019,05:00,24.0,(8.208497462938503+0j)
12174,23.06.2019,06:00,25.0,(8.320956608290626+0j)
12175,23.06.2019,07:00,21.0,(7.851145380281553+0j)
12176,23.06.2019,08:00,15.0,(7.018166609990766+0j)
12177,23.06.2019,09:00,16.0,(7.170783028460548+0j)
12178,23.06.2019,10:00,13.0,(6.691256914211192+0j)
12179,23.06.2019,11:00,7.0,(5.443680165984116+0j)
12180,23.06.2019,12:00,12.0,(6.515088753873438+0j)
12181,23.06.2019,13:00,12.0,(6.515088753873438+0j)
12182,23.06.2019,14:00,11.0,(6.32884048187752+0j)
12183,23.06.2019,15:00,14.0,(6.858607230018604+0j)
12184,23.06.2019,16:00,12.0,(6.515088753873438+0j)
12185,23.06.2019,17:00,5.0,(4.866124944308272+0j)
12186,23.06.2019,18:00,6.0,(5.171029370782441+0j)
12187,23.06.2019,19:00,0.0,0j
12188,23.06.2019,20:00,16.0,(7.170783028460548+0j)
12189,23.06.2019,21:00,22.0,(7.9738393445443+0j)
12190,23.06.2019,22:00,11.0,(6.32884048187752+0j)
12191,23.06.2019,23:00,18.0,(7.457914888057963+0j)
12192,24.06.2019,00:00,12.0,(6.515088753873438+0j)
12193,24.06.2019,01:00,3.0,(4.1042487314692515+0j)
12194,24.06.2019,02:00,0.0,0j
12195,24.06.2019,03:00,1.0,(2.845727130703496+0j)
12196,24.06.2019,04:00,0.0,0j
12197,24.06.2019,05:00,0.0,0j
12198,24.06.2019,06:00,0.0,0j
12199,24.06.2019,07:00,0.0,0j
12200,24.06.2019,08:00,0.0,0j
12201,24.06.2019,09:00,0.0,0j
12202,24.06.2019,10:00,0.0,0j
12203,24.06.2019,11:00,0.0,0j
12204,24.06.2019,12:00,0.0,0j
12205,24.06.2019,13:00,0.0,0j
12206,24.06.2019,14:00,0.0,0j
12207,24.06.2019,15:00,0.0,0j
12208,24.06.2019,16:00,0.0,0j
12209,24.06.2019,17:00,0.0,0j
12210,24.06.2019,18:00,1.0,(2.845727130703496+0j)
12211,24.06.2019,19:00,18.0,(7.457914888057963+0j)
12212,24.06.2019,20:00,26.0,(8.430455436469295+0j)
12213,24.06.2019,21:00,36.0,(9.396383955788593+0j)
12214,24.06.2019,22:00,23.0,(8.092869420675413+0j)
12215,24.06.2019,23:00,23.0,(8.092869420675413+0j)
12216,25.06.2019,00:00,23.0,(8.092869420675413+0j)
12217,25.06.2019,01:00,26.0,(8.430455436469295+0j)
12218,25.06.2019,02:00,30.0,(8.84233584359671+0j)
12219,25.06.2019,03:00,36.0,(9.396383955788593+0j)
12220,25.06.2019,04:00,33.0,(9.127767465531983+0j)
12221,25.06.2019,05:00,46.0,(10.19637653715948+0j)
12222,25.06.2019,06:00,51.0,(10.5531792067093+0j)
12223,25.06.2019,07:00,59.0,(11.078405520382008+0j)
12224,25.06.2019,08:00,58.0,(11.015458675840927+0j)
12225,25.06.2019,09:00,56.0,(10.887360331968232+0j)
12226,25.06.2019,10:00,62.0,(11.263079534051261+0j)
12227,25.06.2019,11:00,63.0,(11.323311051132062+0j)
12228,25.06.2019,12:00,60.0,(11.140645059587433+0j)
12229,25.06.2019,13:00,62.0,(11.263079534051261+0j)
12230,25.06.2019,14:00,68.0,(11.615276661700541+0j)
12231,25.06.2019,15:00,66.0,(11.500266368369322+0j)
12232,25.06.2019,16:00,60.0,(11.140645059587433+0j)
12233,25.06.2019,17:00,66.0,(11.500266368369322+0j)
12234,25.06.2019,18:00,66.0,(11.500266368369322+0j)
12235,25.06.2019,19:00,64.0,(11.382908522813985+0j)
12236,25.06.2019,20:00,61.0,(11.202196833891742+0j)
12237,25.06.2019,21:00,64.0,(11.382908522813985+0j)
12238,25.06.2019,22:00,63.0,(11.323311051132062+0j)
12239,25.06.2019,23:00,35.0,(9.308562145233848+0j)
12240,26.06.2019,00:00,61.0,(11.202196833891742+0j)
12241,26.06.2019,01:00,58.0,(11.015458675840927+0j)
12242,26.06.2019,02:00,60.0,(11.140645059587433+0j)
12243,26.06.2019,03:00,62.0,(11.263079534051261+0j)
12244,26.06.2019,04:00,65.0,(11.441888376335278+0j)
12245,26.06.2019,05:00,63.0,(11.323311051132062+0j)
12246,26.06.2019,06:00,62.0,(11.263079534051261+0j)
12247,26.06.2019,07:00,56.0,(10.887360331968232+0j)
12248,26.06.2019,08:00,63.0,(11.323311051132062+0j)
12249,26.06.2019,09:00,52.0,(10.621708264608335+0j)
12250,26.06.2019,10:00,56.0,(10.887360331968232+0j)
12251,26.06.2019,11:00,55.0,(10.822164994364314+0j)
12252,26.06.2019,12:00,62.0,(11.263079534051261+0j)
12253,26.06.2019,13:00,58.0,(11.015458675840927+0j)
12254,26.06.2019,14:00,62.0,(11.263079534051261+0j)
12255,26.06.2019,15:00,68.0,(11.615276661700541+0j)
12256,26.06.2019,16:00,67.0,(11.55805762209552+0j)
12257,26.06.2019,17:00,69.0,(11.671937444523078+0j)
12258,26.06.2019,18:00,69.0,(11.671937444523078+0j)
12259,26.06.2019,19:00,66.0,(11.500266368369322+0j)
12260,26.06.2019,20:00,59.0,(11.078405520382008+0j)
12261,26.06.2019,21:00,54.0,(10.756174542690822+0j)
12262,26.06.2019,22:00,60.0,(11.140645059587433+0j)
12263,26.06.2019,23:00,66.0,(11.500266368369322+0j)
12264,27.06.2019,00:00,47.0,(10.269734286241032+0j)
12265,27.06.2019,01:00,30.0,(8.84233584359671+0j)
12266,27.06.2019,02:00,36.0,(9.396383955788593+0j)
12267,27.06.2019,03:00,47.0,(10.269734286241032+0j)
12268,27.06.2019,04:00,57.0,(10.9517840818175+0j)
12269,27.06.2019,05:00,64.0,(11.382908522813985+0j)
12270,27.06.2019,06:00,60.0,(11.140645059587433+0j)
12271,27.06.2019,07:00,65.0,(11.441888376335278+0j)
12272,27.06.2019,08:00,69.0,(11.671937444523078+0j)
12273,27.06.2019,09:00,64.0,(11.382908522813985+0j)
12274,27.06.2019,10:00,66.0,(11.500266368369322+0j)
12275,27.06.2019,11:00,65.0,(11.441888376335278+0j)
12276,27.06.2019,12:00,64.0,(11.382908522813985+0j)
12277,27.06.2019,13:00,57.0,(10.9517840818175+0j)
12278,27.06.2019,14:00,57.0,(10.9517840818175+0j)
12279,27.06.2019,15:00,58.0,(11.015458675840927+0j)
12280,27.06.2019,16:00,58.0,(11.015458675840927+0j)
12281,27.06.2019,17:00,60.0,(11.140645059587433+0j)
12282,27.06.2019,18:00,58.0,(11.015458675840927+0j)
12283,27.06.2019,19:00,61.0,(11.202196833891742+0j)
12284,27.06.2019,20:00,52.0,(10.621708264608335+0j)
12285,27.06.2019,21:00,50.0,(10.483748386047209+0j)
12286,27.06.2019,22:00,51.0,(10.5531792067093+0j)
12287,27.06.2019,23:00,52.0,(10.621708264608335+0j)
12288,28.06.2019,00:00,50.0,(10.483748386047209+0j)
12289,28.06.2019,01:00,53.0,(10.689364281461948+0j)
12290,28.06.2019,02:00,46.0,(10.19637653715948+0j)
12291,28.06.2019,03:00,44.0,(10.0464080386713+0j)
12292,28.06.2019,04:00,36.0,(9.396383955788593+0j)
12293,28.06.2019,05:00,36.0,(9.396383955788593+0j)
12294,28.06.2019,06:00,39.0,(9.650462409337567+0j)
12295,28.06.2019,07:00,28.0,(8.641303622061608+0j)
12296,28.06.2019,08:00,29.0,(8.74297534497106+0j)
12297,28.06.2019,09:00,53.0,(10.689364281461948+0j)
12298,28.06.2019,10:00,54.0,(10.756174542690822+0j)
12299,28.06.2019,11:00,58.0,(11.015458675840927+0j)
12300,28.06.2019,12:00,64.0,(11.382908522813985+0j)
12301,28.06.2019,13:00,63.0,(11.323311051132062+0j)
12302,28.06.2019,14:00,58.0,(11.015458675840927+0j)
12303,28.06.2019,15:00,60.0,(11.140645059587433+0j)
12304,28.06.2019,16:00,64.0,(11.382908522813985+0j)
12305,28.06.2019,17:00,65.0,(11.441888376335278+0j)
12306,28.06.2019,18:00,67.0,(11.55805762209552+0j)
12307,28.06.2019,19:00,68.0,(11.615276661700541+0j)
12308,28.06.2019,20:00,68.0,(11.615276661700541+0j)
12309,28.06.2019,21:00,69.0,(11.671937444523078+0j)
12310,28.06.2019,22:00,62.0,(11.263079534051261+0j)
12311,28.06.2019,23:00,62.0,(11.263079534051261+0j)
12312,29.06.2019,00:00,61.0,(11.202196833891742+0j)
12313,29.06.2019,01:00,64.0,(11.382908522813985+0j)
12314,29.06.2019,02:00,63.0,(11.323311051132062+0j)
12315,29.06.2019,03:00,62.0,(11.263079534051261+0j)
12316,29.06.2019,04:00,63.0,(11.323311051132062+0j)
12317,29.06.2019,05:00,57.0,(10.9517840818175+0j)
12318,29.06.2019,06:00,69.0,(11.671937444523078+0j)
12319,29.06.2019,07:00,69.0,(11.671937444523078+0j)
12320,29.06.2019,08:00,69.0,(11.671937444523078+0j)
12321,29.06.2019,09:00,69.0,(11.671937444523078+0j)
12322,29.06.2019,10:00,69.0,(11.671937444523078+0j)
12323,29.06.2019,11:00,69.0,(11.671937444523078+0j)
12324,29.06.2019,12:00,69.0,(11.671937444523078+0j)
12325,29.06.2019,13:00,69.0,(11.671937444523078+0j)
12326,29.06.2019,14:00,69.0,(11.671937444523078+0j)
12327,29.06.2019,15:00,69.0,(11.671937444523078+0j)
12328,29.06.2019,16:00,69.0,(11.671937444523078+0j)
12329,29.06.2019,17:00,69.0,(11.671937444523078+0j)
12330,29.06.2019,18:00,69.0,(11.671937444523078+0j)
12331,29.06.2019,19:00,69.0,(11.671937444523078+0j)
12332,29.06.2019,20:00,69.0,(11.671937444523078+0j)
12333,29.06.2019,21:00,69.0,(11.671937444523078+0j)
12334,29.06.2019,22:00,69.0,(11.671937444523078+0j)
12335,29.06.2019,23:00,51.0,(10.5531792067093+0j)
12336,30.06.2019,00:00,67.0,(11.55805762209552+0j)
12337,30.06.2019,01:00,69.0,(11.671937444523078+0j)
12338,30.06.2019,02:00,69.0,(11.671937444523078+0j)
12339,30.06.2019,03:00,69.0,(11.671937444523078+0j)
12340,30.06.2019,04:00,69.0,(11.671937444523078+0j)
12341,30.06.2019,05:00,69.0,(11.671937444523078+0j)
12342,30.06.2019,06:00,69.0,(11.671937444523078+0j)
12343,30.06.2019,07:00,69.0,(11.671937444523078+0j)
12344,30.06.2019,08:00,69.0,(11.671937444523078+0j)
12345,30.06.2019,09:00,69.0,(11.671937444523078+0j)
12346,30.06.2019,10:00,69.0,(11.671937444523078+0j)
12347,30.06.2019,11:00,69.0,(11.671937444523078+0j)
12348,30.06.2019,12:00,69.0,(11.671937444523078+0j)
12349,30.06.2019,13:00,69.0,(11.671937444523078+0j)
12350,30.06.2019,14:00,66.0,(11.500266368369322+0j)
12351,30.06.2019,15:00,66.0,(11.500266368369322+0j)
12352,30.06.2019,16:00,69.0,(11.671937444523078+0j)
12353,30.06.2019,17:00,69.0,(11.671937444523078+0j)
12354,30.06.2019,18:00,69.0,(11.671937444523078+0j)
12355,30.06.2019,19:00,69.0,(11.671937444523078+0j)
12356,30.06.2019,20:00,69.0,(11.671937444523078+0j)
12357,30.06.2019,21:00,69.0,(11.671937444523078+0j)
12358,30.06.2019,22:00,69.0,(11.671937444523078+0j)
12359,30.06.2019,23:00,69.0,(11.671937444523078+0j)
12360,01.07.2019,00:00,69.0,(11.671937444523078+0j)
12361,01.07.2019,01:00,55.0,(10.822164994364314+0j)
12362,01.07.2019,02:00,69.0,(11.671937444523078+0j)
12363,01.07.2019,03:00,67.0,(11.55805762209552+0j)
12364,01.07.2019,04:00,69.0,(11.671937444523078+0j)
12365,01.07.2019,05:00,61.0,(11.202196833891742+0j)
12366,01.07.2019,06:00,48.0,(10.34205874156488+0j)
12367,01.07.2019,07:00,36.0,(9.396383955788593+0j)
12368,01.07.2019,08:00,36.0,(9.396383955788593+0j)
12369,01.07.2019,09:00,43.0,(9.969714910096506+0j)
12370,01.07.2019,10:00,48.0,(10.34205874156488+0j)
12371,01.07.2019,11:00,56.0,(10.887360331968232+0j)
12372,01.07.2019,12:00,64.0,(11.382908522813985+0j)
12373,01.07.2019,13:00,51.0,(10.5531792067093+0j)
12374,01.07.2019,14:00,58.0,(11.015458675840927+0j)
12375,01.07.2019,15:00,68.0,(11.615276661700541+0j)
12376,01.07.2019,16:00,63.0,(11.323311051132062+0j)
12377,01.07.2019,17:00,67.0,(11.55805762209552+0j)
12378,01.07.2019,18:00,64.0,(11.382908522813985+0j)
12379,01.07.2019,19:00,63.0,(11.323311051132062+0j)
12380,01.07.2019,20:00,53.0,(10.689364281461948+0j)
12381,01.07.2019,21:00,36.0,(9.396383955788593+0j)
12382,01.07.2019,22:00,43.0,(9.969714910096506+0j)
12383,01.07.2019,23:00,26.0,(8.430455436469295+0j)
12384,02.07.2019,00:00,21.0,(7.851145380281553+0j)
12385,02.07.2019,01:00,21.0,(7.851145380281553+0j)
12386,02.07.2019,02:00,17.0,(7.317165783214581+0j)
12387,02.07.2019,03:00,14.0,(6.858607230018604+0j)
12388,02.07.2019,04:00,16.0,(7.170783028460548+0j)
12389,02.07.2019,05:00,13.0,(6.691256914211192+0j)
12390,02.07.2019,06:00,7.0,(5.443680165984116+0j)
12391,02.07.2019,07:00,6.0,(5.171029370782441+0j)
12392,02.07.2019,08:00,3.0,(4.1042487314692515+0j)
12393,02.07.2019,09:00,1.0,(2.845727130703496+0j)
12394,02.07.2019,10:00,4.0,(4.517310240893176+0j)
12395,02.07.2019,11:00,6.0,(5.171029370782441+0j)
12396,02.07.2019,12:00,8.0,(5.691454261406992+0j)
12397,02.07.2019,13:00,8.0,(5.691454261406992+0j)
12398,02.07.2019,14:00,11.0,(6.32884048187752+0j)
12399,02.07.2019,15:00,11.0,(6.32884048187752+0j)
12400,02.07.2019,16:00,15.0,(7.018166609990766+0j)
12401,02.07.2019,17:00,27.0,(8.537181392110488+0j)
12402,02.07.2019,18:00,25.0,(8.320956608290626+0j)
12403,02.07.2019,19:00,25.0,(8.320956608290626+0j)
12404,02.07.2019,20:00,26.0,(8.430455436469295+0j)
12405,02.07.2019,21:00,22.0,(7.9738393445443+0j)
12406,02.07.2019,22:00,15.0,(7.018166609990766+0j)
12407,02.07.2019,23:00,7.0,(5.443680165984116+0j)
12408,03.07.2019,00:00,8.0,(5.691454261406992+0j)
12409,03.07.2019,01:00,7.0,(5.443680165984116+0j)
12410,03.07.2019,02:00,12.0,(6.515088753873438+0j)
12411,03.07.2019,03:00,10.0,(6.130933248752508+0j)
12412,03.07.2019,04:00,12.0,(6.515088753873438+0j)
12413,03.07.2019,05:00,8.0,(5.691454261406992+0j)
12414,03.07.2019,06:00,6.0,(5.171029370782441+0j)
12415,03.07.2019,07:00,2.0,(3.585391514230274+0j)
12416,03.07.2019,08:00,0.0,0j
12417,03.07.2019,09:00,0.0,0j
12418,03.07.2019,10:00,0.0,0j
12419,03.07.2019,11:00,0.0,0j
12420,03.07.2019,12:00,0.0,0j
12421,03.07.2019,13:00,0.0,0j
12422,03.07.2019,14:00,2.0,(3.585391514230274+0j)
12423,03.07.2019,15:00,10.0,(6.130933248752508+0j)
12424,03.07.2019,16:00,3.0,(4.1042487314692515+0j)
12425,03.07.2019,17:00,1.0,(2.845727130703496+0j)
12426,03.07.2019,18:00,1.0,(2.845727130703496+0j)
12427,03.07.2019,19:00,10.0,(6.130933248752508+0j)
12428,03.07.2019,20:00,17.0,(7.317165783214581+0j)
12429,03.07.2019,21:00,26.0,(8.430455436469295+0j)
12430,03.07.2019,22:00,28.0,(8.641303622061608+0j)
12431,03.07.2019,23:00,28.0,(8.641303622061608+0j)
12432,04.07.2019,00:00,30.0,(8.84233584359671+0j)
12433,04.07.2019,01:00,35.0,(9.308562145233848+0j)
12434,04.07.2019,02:00,62.0,(11.263079534051261+0j)
12435,04.07.2019,03:00,52.0,(10.621708264608335+0j)
12436,04.07.2019,04:00,47.0,(10.269734286241032+0j)
12437,04.07.2019,05:00,56.0,(10.887360331968232+0j)
12438,04.07.2019,06:00,48.0,(10.34205874156488+0j)
12439,04.07.2019,07:00,50.0,(10.483748386047209+0j)
12440,04.07.2019,08:00,27.0,(8.537181392110488+0j)
12441,04.07.2019,09:00,16.0,(7.170783028460548+0j)
12442,04.07.2019,10:00,10.0,(6.130933248752508+0j)
12443,04.07.2019,11:00,18.0,(7.457914888057963+0j)
12444,04.07.2019,12:00,23.0,(8.092869420675413+0j)
12445,04.07.2019,13:00,23.0,(8.092869420675413+0j)
12446,04.07.2019,14:00,34.0,(9.219051195842558+0j)
12447,04.07.2019,15:00,39.0,(9.650462409337567+0j)
12448,04.07.2019,16:00,45.0,(10.121947777604984+0j)
12449,04.07.2019,17:00,50.0,(10.483748386047209+0j)
12450,04.07.2019,18:00,53.0,(10.689364281461948+0j)
12451,04.07.2019,19:00,49.0,(10.41338553855059+0j)
12452,04.07.2019,20:00,53.0,(10.689364281461948+0j)
12453,04.07.2019,21:00,43.0,(9.969714910096506+0j)
12454,04.07.2019,22:00,35.0,(9.308562145233848+0j)
12455,04.07.2019,23:00,40.0,(9.732249888616542+0j)
12456,05.07.2019,00:00,47.0,(10.269734286241032+0j)
12457,05.07.2019,01:00,36.0,(9.396383955788593+0j)
12458,05.07.2019,02:00,38.0,(9.567264627885733+0j)
12459,05.07.2019,03:00,35.0,(9.308562145233848+0j)
12460,05.07.2019,04:00,32.0,(9.034620481786352+0j)
12461,05.07.2019,05:00,34.0,(9.219051195842558+0j)
12462,05.07.2019,06:00,36.0,(9.396383955788593+0j)
12463,05.07.2019,07:00,28.0,(8.641303622061608+0j)
12464,05.07.2019,08:00,24.0,(8.208497462938503+0j)
12465,05.07.2019,09:00,16.0,(7.170783028460548+0j)
12466,05.07.2019,10:00,21.0,(7.851145380281553+0j)
12467,05.07.2019,11:00,24.0,(8.208497462938503+0j)
12468,05.07.2019,12:00,27.0,(8.537181392110488+0j)
12469,05.07.2019,13:00,19.0,(7.593542967381978+0j)
12470,05.07.2019,14:00,12.0,(6.515088753873438+0j)
12471,05.07.2019,15:00,8.0,(5.691454261406992+0j)
12472,05.07.2019,16:00,8.0,(5.691454261406992+0j)
12473,05.07.2019,17:00,14.0,(6.858607230018604+0j)
12474,05.07.2019,18:00,23.0,(8.092869420675413+0j)
12475,05.07.2019,19:00,45.0,(10.121947777604984+0j)
12476,05.07.2019,20:00,41.0,(9.812685353516676+0j)
12477,05.07.2019,21:00,42.0,(9.891823330401618+0j)
12478,05.07.2019,22:00,38.0,(9.567264627885733+0j)
12479,05.07.2019,23:00,31.0,(8.939512150377235+0j)
12480,06.07.2019,00:00,32.0,(9.034620481786352+0j)
12481,06.07.2019,01:00,28.0,(8.641303622061608+0j)
12482,06.07.2019,02:00,31.0,(8.939512150377235+0j)
12483,06.07.2019,03:00,33.0,(9.127767465531983+0j)
12484,06.07.2019,04:00,27.0,(8.537181392110488+0j)
12485,06.07.2019,05:00,30.0,(8.84233584359671+0j)
12486,06.07.2019,06:00,30.0,(8.84233584359671+0j)
12487,06.07.2019,07:00,34.0,(9.219051195842558+0j)
12488,06.07.2019,08:00,37.0,(9.482594128751929+0j)
12489,06.07.2019,09:00,39.0,(9.650462409337567+0j)
12490,06.07.2019,10:00,52.0,(10.621708264608335+0j)
12491,06.07.2019,11:00,41.0,(9.812685353516676+0j)
12492,06.07.2019,12:00,34.0,(9.219051195842558+0j)
12493,06.07.2019,13:00,33.0,(9.127767465531983+0j)
12494,06.07.2019,14:00,40.0,(9.732249888616542+0j)
12495,06.07.2019,15:00,44.0,(10.0464080386713+0j)
12496,06.07.2019,16:00,53.0,(10.689364281461948+0j)
12497,06.07.2019,17:00,59.0,(11.078405520382008+0j)
12498,06.07.2019,18:00,54.0,(10.756174542690822+0j)
12499,06.07.2019,19:00,44.0,(10.0464080386713+0j)
12500,06.07.2019,20:00,56.0,(10.887360331968232+0j)
12501,06.07.2019,21:00,56.0,(10.887360331968232+0j)
12502,06.07.2019,22:00,62.0,(11.263079534051261+0j)
12503,06.07.2019,23:00,54.0,(10.756174542690822+0j)
12504,07.07.2019,00:00,42.0,(9.891823330401618+0j)
12505,07.07.2019,01:00,35.0,(9.308562145233848+0j)
12506,07.07.2019,02:00,37.0,(9.482594128751929+0j)
12507,07.07.2019,03:00,47.0,(10.269734286241032+0j)
12508,07.07.2019,04:00,46.0,(10.19637653715948+0j)
12509,07.07.2019,05:00,34.0,(9.219051195842558+0j)
12510,07.07.2019,06:00,36.0,(9.396383955788593+0j)
12511,07.07.2019,07:00,45.0,(10.121947777604984+0j)
12512,07.07.2019,08:00,32.0,(9.034620481786352+0j)
12513,07.07.2019,09:00,37.0,(9.482594128751929+0j)
12514,07.07.2019,10:00,37.0,(9.482594128751929+0j)
12515,07.07.2019,11:00,40.0,(9.732249888616542+0j)
12516,07.07.2019,12:00,28.0,(8.641303622061608+0j)
12517,07.07.2019,13:00,14.0,(6.858607230018604+0j)
12518,07.07.2019,14:00,13.0,(6.691256914211192+0j)
12519,07.07.2019,15:00,18.0,(7.457914888057963+0j)
12520,07.07.2019,16:00,24.0,(8.208497462938503+0j)
12521,07.07.2019,17:00,34.0,(9.219051195842558+0j)
12522,07.07.2019,18:00,42.0,(9.891823330401618+0j)
12523,07.07.2019,19:00,35.0,(9.308562145233848+0j)
12524,07.07.2019,20:00,43.0,(9.969714910096506+0j)
12525,07.07.2019,21:00,43.0,(9.969714910096506+0j)
12526,07.07.2019,22:00,33.0,(9.127767465531983+0j)
12527,07.07.2019,23:00,19.0,(7.593542967381978+0j)
12528,08.07.2019,00:00,26.0,(8.430455436469295+0j)
12529,08.07.2019,01:00,24.0,(8.208497462938503+0j)
12530,08.07.2019,02:00,16.0,(7.170783028460548+0j)
12531,08.07.2019,03:00,14.0,(6.858607230018604+0j)
12532,08.07.2019,04:00,16.0,(7.170783028460548+0j)
12533,08.07.2019,05:00,19.0,(7.593542967381978+0j)
12534,08.07.2019,06:00,12.0,(6.515088753873438+0j)
12535,08.07.2019,07:00,6.0,(5.171029370782441+0j)
12536,08.07.2019,08:00,1.0,(2.845727130703496+0j)
12537,08.07.2019,09:00,1.0,(2.845727130703496+0j)
12538,08.07.2019,10:00,1.0,(2.845727130703496+0j)
12539,08.07.2019,11:00,7.0,(5.443680165984116+0j)
12540,08.07.2019,12:00,5.0,(4.866124944308272+0j)
12541,08.07.2019,13:00,1.0,(2.845727130703496+0j)
12542,08.07.2019,14:00,7.0,(5.443680165984116+0j)
12543,08.07.2019,15:00,3.0,(4.1042487314692515+0j)
12544,08.07.2019,16:00,10.0,(6.130933248752508+0j)
12545,08.07.2019,17:00,8.0,(5.691454261406992+0j)
12546,08.07.2019,18:00,10.0,(6.130933248752508+0j)
12547,08.07.2019,19:00,10.0,(6.130933248752508+0j)
12548,08.07.2019,20:00,5.0,(4.866124944308272+0j)
12549,08.07.2019,21:00,28.0,(8.641303622061608+0j)
12550,08.07.2019,22:00,37.0,(9.482594128751929+0j)
12551,08.07.2019,23:00,35.0,(9.308562145233848+0j)
12552,09.07.2019,00:00,22.0,(7.9738393445443+0j)
12553,09.07.2019,01:00,14.0,(6.858607230018604+0j)
12554,09.07.2019,02:00,18.0,(7.457914888057963+0j)
12555,09.07.2019,03:00,13.0,(6.691256914211192+0j)
12556,09.07.2019,04:00,10.0,(6.130933248752508+0j)
12557,09.07.2019,05:00,11.0,(6.32884048187752+0j)
12558,09.07.2019,06:00,15.0,(7.018166609990766+0j)
12559,09.07.2019,07:00,13.0,(6.691256914211192+0j)
12560,09.07.2019,08:00,6.0,(5.171029370782441+0j)
12561,09.07.2019,09:00,4.0,(4.517310240893176+0j)
12562,09.07.2019,10:00,3.0,(4.1042487314692515+0j)
12563,09.07.2019,11:00,4.0,(4.517310240893176+0j)
12564,09.07.2019,12:00,3.0,(4.1042487314692515+0j)
12565,09.07.2019,13:00,0.0,0j
12566,09.07.2019,14:00,0.0,0j
12567,09.07.2019,15:00,3.0,(4.1042487314692515+0j)
12568,09.07.2019,16:00,14.0,(6.858607230018604+0j)
12569,09.07.2019,17:00,9.0,(5.919350969396254+0j)
12570,09.07.2019,18:00,8.0,(5.691454261406992+0j)
12571,09.07.2019,19:00,6.0,(5.171029370782441+0j)
12572,09.07.2019,20:00,12.0,(6.515088753873438+0j)
12573,09.07.2019,21:00,5.0,(4.866124944308272+0j)
12574,09.07.2019,22:00,6.0,(5.171029370782441+0j)
12575,09.07.2019,23:00,2.0,(3.585391514230274+0j)
12576,10.07.2019,00:00,1.0,(2.845727130703496+0j)
12577,10.07.2019,01:00,0.0,0j
12578,10.07.2019,02:00,0.0,0j
12579,10.07.2019,03:00,0.0,0j
12580,10.07.2019,04:00,0.0,0j
12581,10.07.2019,05:00,0.0,0j
12582,10.07.2019,06:00,0.0,0j
12583,10.07.2019,07:00,1.0,(2.845727130703496+0j)
12584,10.07.2019,08:00,0.0,0j
12585,10.07.2019,09:00,0.0,0j
12586,10.07.2019,10:00,0.0,0j
12587,10.07.2019,11:00,8.0,(5.691454261406992+0j)
12588,10.07.2019,12:00,14.0,(6.858607230018604+0j)
12589,10.07.2019,13:00,16.0,(7.170783028460548+0j)
12590,10.07.2019,14:00,19.0,(7.593542967381978+0j)
12591,10.07.2019,15:00,24.0,(8.208497462938503+0j)
12592,10.07.2019,16:00,15.0,(7.018166609990766+0j)
12593,10.07.2019,17:00,7.0,(5.443680165984116+0j)
12594,10.07.2019,18:00,9.0,(5.919350969396254+0j)
12595,10.07.2019,19:00,5.0,(4.866124944308272+0j)
12596,10.07.2019,20:00,1.0,(2.845727130703496+0j)
12597,10.07.2019,21:00,0.0,0j
12598,10.07.2019,22:00,0.0,0j
12599,10.07.2019,23:00,0.0,0j
12600,11.07.2019,00:00,1.0,(2.845727130703496+0j)
12601,11.07.2019,01:00,36.0,(9.396383955788593+0j)
12602,11.07.2019,02:00,32.0,(9.034620481786352+0j)
12603,11.07.2019,03:00,14.0,(6.858607230018604+0j)
12604,11.07.2019,04:00,1.0,(2.845727130703496+0j)
12605,11.07.2019,05:00,42.0,(9.891823330401618+0j)
12606,11.07.2019,06:00,9.0,(5.919350969396254+0j)
12607,11.07.2019,07:00,7.0,(5.443680165984116+0j)
12608,11.07.2019,08:00,35.0,(9.308562145233848+0j)
12609,11.07.2019,09:00,56.0,(10.887360331968232+0j)
12610,11.07.2019,10:00,56.0,(10.887360331968232+0j)
12611,11.07.2019,11:00,50.0,(10.483748386047209+0j)
12612,11.07.2019,12:00,57.0,(10.9517840818175+0j)
12613,11.07.2019,13:00,51.0,(10.5531792067093+0j)
12614,11.07.2019,14:00,53.0,(10.689364281461948+0j)
12615,11.07.2019,15:00,61.0,(11.202196833891742+0j)
12616,11.07.2019,16:00,61.0,(11.202196833891742+0j)
12617,11.07.2019,17:00,65.0,(11.441888376335278+0j)
12618,11.07.2019,18:00,57.0,(10.9517840818175+0j)
12619,11.07.2019,19:00,59.0,(11.078405520382008+0j)
12620,11.07.2019,20:00,59.0,(11.078405520382008+0j)
12621,11.07.2019,21:00,61.0,(11.202196833891742+0j)
12622,11.07.2019,22:00,54.0,(10.756174542690822+0j)
12623,11.07.2019,23:00,50.0,(10.483748386047209+0j)
12624,12.07.2019,00:00,44.0,(10.0464080386713+0j)
12625,12.07.2019,01:00,46.0,(10.19637653715948+0j)
12626,12.07.2019,02:00,40.0,(9.732249888616542+0j)
12627,12.07.2019,03:00,41.0,(9.812685353516676+0j)
12628,12.07.2019,04:00,42.0,(9.891823330401618+0j)
12629,12.07.2019,05:00,41.0,(9.812685353516676+0j)
12630,12.07.2019,06:00,36.0,(9.396383955788593+0j)
12631,12.07.2019,07:00,41.0,(9.812685353516676+0j)
12632,12.07.2019,08:00,50.0,(10.483748386047209+0j)
12633,12.07.2019,09:00,53.0,(10.689364281461948+0j)
12634,12.07.2019,10:00,46.0,(10.19637653715948+0j)
12635,12.07.2019,11:00,57.0,(10.9517840818175+0j)
12636,12.07.2019,12:00,41.0,(9.812685353516676+0j)
12637,12.07.2019,13:00,33.0,(9.127767465531983+0j)
12638,12.07.2019,14:00,32.0,(9.034620481786352+0j)
12639,12.07.2019,15:00,30.0,(8.84233584359671+0j)
12640,12.07.2019,16:00,33.0,(9.127767465531983+0j)
12641,12.07.2019,17:00,42.0,(9.891823330401618+0j)
12642,12.07.2019,18:00,23.0,(8.092869420675413+0j)
12643,12.07.2019,19:00,20.0,(7.724491855603646+0j)
12644,12.07.2019,20:00,20.0,(7.724491855603646+0j)
12645,12.07.2019,21:00,16.0,(7.170783028460548+0j)
12646,12.07.2019,22:00,14.0,(6.858607230018604+0j)
12647,12.07.2019,23:00,44.0,(10.0464080386713+0j)
12648,13.07.2019,00:00,12.0,(6.515088753873438+0j)
12649,13.07.2019,01:00,18.0,(7.457914888057963+0j)
12650,13.07.2019,02:00,19.0,(7.593542967381978+0j)
12651,13.07.2019,03:00,19.0,(7.593542967381978+0j)
12652,13.07.2019,04:00,22.0,(7.9738393445443+0j)
12653,13.07.2019,05:00,18.0,(7.457914888057963+0j)
12654,13.07.2019,06:00,20.0,(7.724491855603646+0j)
12655,13.07.2019,07:00,12.0,(6.515088753873438+0j)
12656,13.07.2019,08:00,8.0,(5.691454261406992+0j)
12657,13.07.2019,09:00,9.0,(5.919350969396254+0j)
12658,13.07.2019,10:00,12.0,(6.515088753873438+0j)
12659,13.07.2019,11:00,19.0,(7.593542967381978+0j)
12660,13.07.2019,12:00,18.0,(7.457914888057963+0j)
12661,13.07.2019,13:00,15.0,(7.018166609990766+0j)
12662,13.07.2019,14:00,8.0,(5.691454261406992+0j)
12663,13.07.2019,15:00,4.0,(4.517310240893176+0j)
12664,13.07.2019,16:00,4.0,(4.517310240893176+0j)
12665,13.07.2019,17:00,1.0,(2.845727130703496+0j)
12666,13.07.2019,18:00,6.0,(5.171029370782441+0j)
12667,13.07.2019,19:00,4.0,(4.517310240893176+0j)
12668,13.07.2019,20:00,4.0,(4.517310240893176+0j)
12669,13.07.2019,21:00,4.0,(4.517310240893176+0j)
12670,13.07.2019,22:00,2.0,(3.585391514230274+0j)
12671,13.07.2019,23:00,2.0,(3.585391514230274+0j)
12672,14.07.2019,00:00,0.0,0j
12673,14.07.2019,01:00,0.0,0j
12674,14.07.2019,02:00,0.0,0j
12675,14.07.2019,03:00,0.0,0j
12676,14.07.2019,04:00,0.0,0j
12677,14.07.2019,05:00,0.0,0j
12678,14.07.2019,06:00,0.0,0j
12679,14.07.2019,07:00,0.0,0j
12680,14.07.2019,08:00,0.0,0j
12681,14.07.2019,09:00,8.0,(5.691454261406992+0j)
12682,14.07.2019,10:00,1.0,(2.845727130703496+0j)
12683,14.07.2019,11:00,11.0,(6.32884048187752+0j)
12684,14.07.2019,12:00,12.0,(6.515088753873438+0j)
12685,14.07.2019,13:00,28.0,(8.641303622061608+0j)
12686,14.07.2019,14:00,12.0,(6.515088753873438+0j)
12687,14.07.2019,15:00,0.0,0j
12688,14.07.2019,16:00,0.0,0j
12689,14.07.2019,17:00,0.0,0j
12690,14.07.2019,18:00,0.0,0j
12691,14.07.2019,19:00,0.0,0j
12692,14.07.2019,20:00,0.0,0j
12693,14.07.2019,21:00,0.0,0j
12694,14.07.2019,22:00,0.0,0j
12695,14.07.2019,23:00,11.0,(6.32884048187752+0j)
12696,15.07.2019,00:00,0.0,0j
12697,15.07.2019,01:00,0.0,0j
12698,15.07.2019,02:00,0.0,0j
12699,15.07.2019,03:00,0.0,0j
12700,15.07.2019,04:00,0.0,0j
12701,15.07.2019,05:00,0.0,0j
12702,15.07.2019,06:00,0.0,0j
12703,15.07.2019,07:00,3.0,(4.1042487314692515+0j)
12704,15.07.2019,08:00,2.0,(3.585391514230274+0j)
12705,15.07.2019,09:00,3.0,(4.1042487314692515+0j)
12706,15.07.2019,10:00,0.0,0j
12707,15.07.2019,11:00,0.0,0j
12708,15.07.2019,12:00,0.0,0j
12709,15.07.2019,13:00,0.0,0j
12710,15.07.2019,14:00,1.0,(2.845727130703496+0j)
12711,15.07.2019,15:00,0.0,0j
12712,15.07.2019,16:00,1.0,(2.845727130703496+0j)
12713,15.07.2019,17:00,6.0,(5.171029370782441+0j)
12714,15.07.2019,18:00,1.0,(2.845727130703496+0j)
12715,15.07.2019,19:00,1.0,(2.845727130703496+0j)
12716,15.07.2019,20:00,0.0,0j
12717,15.07.2019,21:00,0.0,0j
12718,15.07.2019,22:00,1.0,(2.845727130703496+0j)
12719,15.07.2019,23:00,9.0,(5.919350969396254+0j)
12720,16.07.2019,00:00,10.0,(6.130933248752508+0j)
12721,16.07.2019,01:00,18.0,(7.457914888057963+0j)
12722,16.07.2019,02:00,16.0,(7.170783028460548+0j)
12723,16.07.2019,03:00,18.0,(7.457914888057963+0j)
12724,16.07.2019,04:00,17.0,(7.317165783214581+0j)
12725,16.07.2019,05:00,11.0,(6.32884048187752+0j)
12726,16.07.2019,06:00,11.0,(6.32884048187752+0j)
12727,16.07.2019,07:00,10.0,(6.130933248752508+0j)
12728,16.07.2019,08:00,10.0,(6.130933248752508+0j)
12729,16.07.2019,09:00,10.0,(6.130933248752508+0j)
12730,16.07.2019,10:00,10.0,(6.130933248752508+0j)
12731,16.07.2019,11:00,11.0,(6.32884048187752+0j)
12732,16.07.2019,12:00,6.0,(5.171029370782441+0j)
12733,16.07.2019,13:00,7.0,(5.443680165984116+0j)
12734,16.07.2019,14:00,13.0,(6.691256914211192+0j)
12735,16.07.2019,15:00,15.0,(7.018166609990766+0j)
12736,16.07.2019,16:00,19.0,(7.593542967381978+0j)
12737,16.07.2019,17:00,24.0,(8.208497462938503+0j)
12738,16.07.2019,18:00,28.0,(8.641303622061608+0j)
12739,16.07.2019,19:00,40.0,(9.732249888616542+0j)
12740,16.07.2019,20:00,37.0,(9.482594128751929+0j)
12741,16.07.2019,21:00,38.0,(9.567264627885733+0j)
12742,16.07.2019,22:00,32.0,(9.034620481786352+0j)
12743,16.07.2019,23:00,31.0,(8.939512150377235+0j)
12744,17.07.2019,00:00,26.0,(8.430455436469295+0j)
12745,17.07.2019,01:00,20.0,(7.724491855603646+0j)
12746,17.07.2019,02:00,24.0,(8.208497462938503+0j)
12747,17.07.2019,03:00,19.0,(7.593542967381978+0j)
12748,17.07.2019,04:00,30.0,(8.84233584359671+0j)
12749,17.07.2019,05:00,40.0,(9.732249888616542+0j)
12750,17.07.2019,06:00,50.0,(10.483748386047209+0j)
12751,17.07.2019,07:00,35.0,(9.308562145233848+0j)
12752,17.07.2019,08:00,58.0,(11.015458675840927+0j)
12753,17.07.2019,09:00,58.0,(11.015458675840927+0j)
12754,17.07.2019,10:00,57.0,(10.9517840818175+0j)
12755,17.07.2019,11:00,50.0,(10.483748386047209+0j)
12756,17.07.2019,12:00,67.0,(11.55805762209552+0j)
12757,17.07.2019,13:00,64.0,(11.382908522813985+0j)
12758,17.07.2019,14:00,64.0,(11.382908522813985+0j)
12759,17.07.2019,15:00,68.0,(11.615276661700541+0j)
12760,17.07.2019,16:00,65.0,(11.441888376335278+0j)
12761,17.07.2019,17:00,64.0,(11.382908522813985+0j)
12762,17.07.2019,18:00,67.0,(11.55805762209552+0j)
12763,17.07.2019,19:00,66.0,(11.500266368369322+0j)
12764,17.07.2019,20:00,64.0,(11.382908522813985+0j)
12765,17.07.2019,21:00,67.0,(11.55805762209552+0j)
12766,17.07.2019,22:00,66.0,(11.500266368369322+0j)
12767,17.07.2019,23:00,69.0,(11.671937444523078+0j)
12768,18.07.2019,00:00,59.0,(11.078405520382008+0j)
12769,18.07.2019,01:00,56.0,(10.887360331968232+0j)
12770,18.07.2019,02:00,57.0,(10.9517840818175+0j)
12771,18.07.2019,03:00,60.0,(11.140645059587433+0j)
12772,18.07.2019,04:00,55.0,(10.822164994364314+0j)
12773,18.07.2019,05:00,58.0,(11.015458675840927+0j)
12774,18.07.2019,06:00,66.0,(11.500266368369322+0j)
12775,18.07.2019,07:00,59.0,(11.078405520382008+0j)
12776,18.07.2019,08:00,57.0,(10.9517840818175+0j)
12777,18.07.2019,09:00,66.0,(11.500266368369322+0j)
12778,18.07.2019,10:00,66.0,(11.500266368369322+0j)
12779,18.07.2019,11:00,64.0,(11.382908522813985+0j)
12780,18.07.2019,12:00,61.0,(11.202196833891742+0j)
12781,18.07.2019,13:00,52.0,(10.621708264608335+0j)
12782,18.07.2019,14:00,43.0,(9.969714910096506+0j)
12783,18.07.2019,15:00,41.0,(9.812685353516676+0j)
12784,18.07.2019,16:00,43.0,(9.969714910096506+0j)
12785,18.07.2019,17:00,54.0,(10.756174542690822+0j)
12786,18.07.2019,18:00,55.0,(10.822164994364314+0j)
12787,18.07.2019,19:00,51.0,(10.5531792067093+0j)
12788,18.07.2019,20:00,41.0,(9.812685353516676+0j)
12789,18.07.2019,21:00,28.0,(8.641303622061608+0j)
12790,18.07.2019,22:00,18.0,(7.457914888057963+0j)
12791,18.07.2019,23:00,13.0,(6.691256914211192+0j)
12792,19.07.2019,00:00,13.0,(6.691256914211192+0j)
12793,19.07.2019,01:00,12.0,(6.515088753873438+0j)
12794,19.07.2019,02:00,9.0,(5.919350969396254+0j)
12795,19.07.2019,03:00,14.0,(6.858607230018604+0j)
12796,19.07.2019,04:00,14.0,(6.858607230018604+0j)
12797,19.07.2019,05:00,15.0,(7.018166609990766+0j)
12798,19.07.2019,06:00,21.0,(7.851145380281553+0j)
12799,19.07.2019,07:00,27.0,(8.537181392110488+0j)
12800,19.07.2019,08:00,22.0,(7.9738393445443+0j)
12801,19.07.2019,09:00,21.0,(7.851145380281553+0j)
12802,19.07.2019,10:00,22.0,(7.9738393445443+0j)
12803,19.07.2019,11:00,16.0,(7.170783028460548+0j)
12804,19.07.2019,12:00,13.0,(6.691256914211192+0j)
12805,19.07.2019,13:00,15.0,(7.018166609990766+0j)
12806,19.07.2019,14:00,20.0,(7.724491855603646+0j)
12807,19.07.2019,15:00,14.0,(6.858607230018604+0j)
12808,19.07.2019,16:00,17.0,(7.317165783214581+0j)
12809,19.07.2019,17:00,42.0,(9.891823330401618+0j)
12810,19.07.2019,18:00,46.0,(10.19637653715948+0j)
12811,19.07.2019,19:00,43.0,(9.969714910096506+0j)
12812,19.07.2019,20:00,35.0,(9.308562145233848+0j)
12813,19.07.2019,21:00,32.0,(9.034620481786352+0j)
12814,19.07.2019,22:00,34.0,(9.219051195842558+0j)
12815,19.07.2019,23:00,12.0,(6.515088753873438+0j)
12816,20.07.2019,00:00,27.0,(8.537181392110488+0j)
12817,20.07.2019,01:00,24.0,(8.208497462938503+0j)
12818,20.07.2019,02:00,24.0,(8.208497462938503+0j)
12819,20.07.2019,03:00,20.0,(7.724491855603646+0j)
12820,20.07.2019,04:00,24.0,(8.208497462938503+0j)
12821,20.07.2019,05:00,22.0,(7.9738393445443+0j)
12822,20.07.2019,06:00,12.0,(6.515088753873438+0j)
12823,20.07.2019,07:00,13.0,(6.691256914211192+0j)
12824,20.07.2019,08:00,17.0,(7.317165783214581+0j)
12825,20.07.2019,09:00,16.0,(7.170783028460548+0j)
12826,20.07.2019,10:00,16.0,(7.170783028460548+0j)
12827,20.07.2019,11:00,20.0,(7.724491855603646+0j)
12828,20.07.2019,12:00,14.0,(6.858607230018604+0j)
12829,20.07.2019,13:00,15.0,(7.018166609990766+0j)
12830,20.07.2019,14:00,25.0,(8.320956608290626+0j)
12831,20.07.2019,15:00,20.0,(7.724491855603646+0j)
12832,20.07.2019,16:00,28.0,(8.641303622061608+0j)
12833,20.07.2019,17:00,53.0,(10.689364281461948+0j)
12834,20.07.2019,18:00,60.0,(11.140645059587433+0j)
12835,20.07.2019,19:00,50.0,(10.483748386047209+0j)
12836,20.07.2019,20:00,43.0,(9.969714910096506+0j)
12837,20.07.2019,21:00,44.0,(10.0464080386713+0j)
12838,20.07.2019,22:00,49.0,(10.41338553855059+0j)
12839,20.07.2019,23:00,38.0,(9.567264627885733+0j)
12840,21.07.2019,00:00,50.0,(10.483748386047209+0j)
12841,21.07.2019,01:00,43.0,(9.969714910096506+0j)
12842,21.07.2019,02:00,44.0,(10.0464080386713+0j)
12843,21.07.2019,03:00,53.0,(10.689364281461948+0j)
12844,21.07.2019,04:00,43.0,(9.969714910096506+0j)
12845,21.07.2019,05:00,45.0,(10.121947777604984+0j)
12846,21.07.2019,06:00,43.0,(9.969714910096506+0j)
12847,21.07.2019,07:00,62.0,(11.263079534051261+0j)
12848,21.07.2019,08:00,59.0,(11.078405520382008+0j)
12849,21.07.2019,09:00,64.0,(11.382908522813985+0j)
12850,21.07.2019,10:00,57.0,(10.9517840818175+0j)
12851,21.07.2019,11:00,60.0,(11.140645059587433+0j)
12852,21.07.2019,12:00,65.0,(11.441888376335278+0j)
12853,21.07.2019,13:00,55.0,(10.822164994364314+0j)
12854,21.07.2019,14:00,62.0,(11.263079534051261+0j)
12855,21.07.2019,15:00,60.0,(11.140645059587433+0j)
12856,21.07.2019,16:00,60.0,(11.140645059587433+0j)
12857,21.07.2019,17:00,64.0,(11.382908522813985+0j)
12858,21.07.2019,18:00,65.0,(11.441888376335278+0j)
12859,21.07.2019,19:00,65.0,(11.441888376335278+0j)
12860,21.07.2019,20:00,66.0,(11.500266368369322+0j)
12861,21.07.2019,21:00,64.0,(11.382908522813985+0j)
12862,21.07.2019,22:00,47.0,(10.269734286241032+0j)
12863,21.07.2019,23:00,59.0,(11.078405520382008+0j)
12864,22.07.2019,00:00,57.0,(10.9517840818175+0j)
12865,22.07.2019,01:00,56.0,(10.887360331968232+0j)
12866,22.07.2019,02:00,60.0,(11.140645059587433+0j)
12867,22.07.2019,03:00,60.0,(11.140645059587433+0j)
12868,22.07.2019,04:00,55.0,(10.822164994364314+0j)
12869,22.07.2019,05:00,60.0,(11.140645059587433+0j)
12870,22.07.2019,06:00,68.0,(11.615276661700541+0j)
12871,22.07.2019,07:00,65.0,(11.441888376335278+0j)
12872,22.07.2019,08:00,64.0,(11.382908522813985+0j)
12873,22.07.2019,09:00,57.0,(10.9517840818175+0j)
12874,22.07.2019,10:00,48.0,(10.34205874156488+0j)
12875,22.07.2019,11:00,44.0,(10.0464080386713+0j)
12876,22.07.2019,12:00,48.0,(10.34205874156488+0j)
12877,22.07.2019,13:00,55.0,(10.822164994364314+0j)
12878,22.07.2019,14:00,65.0,(11.441888376335278+0j)
12879,22.07.2019,15:00,65.0,(11.441888376335278+0j)
12880,22.07.2019,16:00,67.0,(11.55805762209552+0j)
12881,22.07.2019,17:00,65.0,(11.441888376335278+0j)
12882,22.07.2019,18:00,65.0,(11.441888376335278+0j)
12883,22.07.2019,19:00,62.0,(11.263079534051261+0j)
12884,22.07.2019,20:00,53.0,(10.689364281461948+0j)
12885,22.07.2019,21:00,56.0,(10.887360331968232+0j)
12886,22.07.2019,22:00,51.0,(10.5531792067093+0j)
12887,22.07.2019,23:00,48.0,(10.34205874156488+0j)
12888,23.07.2019,00:00,47.0,(10.269734286241032+0j)
12889,23.07.2019,01:00,35.0,(9.308562145233848+0j)
12890,23.07.2019,02:00,41.0,(9.812685353516676+0j)
12891,23.07.2019,03:00,43.0,(9.969714910096506+0j)
12892,23.07.2019,04:00,28.0,(8.641303622061608+0j)
12893,23.07.2019,05:00,31.0,(8.939512150377235+0j)
12894,23.07.2019,06:00,20.0,(7.724491855603646+0j)
12895,23.07.2019,07:00,19.0,(7.593542967381978+0j)
12896,23.07.2019,08:00,19.0,(7.593542967381978+0j)
12897,23.07.2019,09:00,22.0,(7.9738393445443+0j)
12898,23.07.2019,10:00,20.0,(7.724491855603646+0j)
12899,23.07.2019,11:00,24.0,(8.208497462938503+0j)
12900,23.07.2019,12:00,47.0,(10.269734286241032+0j)
12901,23.07.2019,13:00,52.0,(10.621708264608335+0j)
12902,23.07.2019,14:00,44.0,(10.0464080386713+0j)
12903,23.07.2019,15:00,55.0,(10.822164994364314+0j)
12904,23.07.2019,16:00,52.0,(10.621708264608335+0j)
12905,23.07.2019,17:00,61.0,(11.202196833891742+0j)
12906,23.07.2019,18:00,61.0,(11.202196833891742+0j)
12907,23.07.2019,19:00,55.0,(10.822164994364314+0j)
12908,23.07.2019,20:00,50.0,(10.483748386047209+0j)
12909,23.07.2019,21:00,49.0,(10.41338553855059+0j)
12910,23.07.2019,22:00,36.0,(9.396383955788593+0j)
12911,23.07.2019,23:00,45.0,(10.121947777604984+0j)
12912,24.07.2019,00:00,30.0,(8.84233584359671+0j)
12913,24.07.2019,01:00,40.0,(9.732249888616542+0j)
12914,24.07.2019,02:00,47.0,(10.269734286241032+0j)
12915,24.07.2019,03:00,49.0,(10.41338553855059+0j)
12916,24.07.2019,04:00,48.0,(10.34205874156488+0j)
12917,24.07.2019,05:00,54.0,(10.756174542690822+0j)
12918,24.07.2019,06:00,37.0,(9.482594128751929+0j)
12919,24.07.2019,07:00,53.0,(10.689364281461948+0j)
12920,24.07.2019,08:00,50.0,(10.483748386047209+0j)
12921,24.07.2019,09:00,50.0,(10.483748386047209+0j)
12922,24.07.2019,10:00,44.0,(10.0464080386713+0j)
12923,24.07.2019,11:00,40.0,(9.732249888616542+0j)
12924,24.07.2019,12:00,40.0,(9.732249888616542+0j)
12925,24.07.2019,13:00,47.0,(10.269734286241032+0j)
12926,24.07.2019,14:00,60.0,(11.140645059587433+0j)
12927,24.07.2019,15:00,57.0,(10.9517840818175+0j)
12928,24.07.2019,16:00,60.0,(11.140645059587433+0j)
12929,24.07.2019,17:00,61.0,(11.202196833891742+0j)
12930,24.07.2019,18:00,66.0,(11.500266368369322+0j)
12931,24.07.2019,19:00,68.0,(11.615276661700541+0j)
12932,24.07.2019,20:00,67.0,(11.55805762209552+0j)
12933,24.07.2019,21:00,67.0,(11.55805762209552+0j)
12934,24.07.2019,22:00,61.0,(11.202196833891742+0j)
12935,24.07.2019,23:00,60.0,(11.140645059587433+0j)
12936,25.07.2019,00:00,66.0,(11.500266368369322+0j)
12937,25.07.2019,01:00,67.0,(11.55805762209552+0j)
12938,25.07.2019,02:00,65.0,(11.441888376335278+0j)
12939,25.07.2019,03:00,63.0,(11.323311051132062+0j)
12940,25.07.2019,04:00,55.0,(10.822164994364314+0j)
12941,25.07.2019,05:00,58.0,(11.015458675840927+0j)
12942,25.07.2019,06:00,63.0,(11.323311051132062+0j)
12943,25.07.2019,07:00,66.0,(11.500266368369322+0j)
12944,25.07.2019,08:00,68.0,(11.615276661700541+0j)
12945,25.07.2019,09:00,67.0,(11.55805762209552+0j)
12946,25.07.2019,10:00,62.0,(11.263079534051261+0j)
12947,25.07.2019,11:00,67.0,(11.55805762209552+0j)
12948,25.07.2019,12:00,67.0,(11.55805762209552+0j)
12949,25.07.2019,13:00,65.0,(11.441888376335278+0j)
12950,25.07.2019,14:00,65.0,(11.441888376335278+0j)
12951,25.07.2019,15:00,63.0,(11.323311051132062+0j)
12952,25.07.2019,16:00,67.0,(11.55805762209552+0j)
12953,25.07.2019,17:00,67.0,(11.55805762209552+0j)
12954,25.07.2019,18:00,64.0,(11.382908522813985+0j)
12955,25.07.2019,19:00,61.0,(11.202196833891742+0j)
12956,25.07.2019,20:00,63.0,(11.323311051132062+0j)
12957,25.07.2019,21:00,53.0,(10.689364281461948+0j)
12958,25.07.2019,22:00,49.0,(10.41338553855059+0j)
12959,25.07.2019,23:00,56.0,(10.887360331968232+0j)
12960,26.07.2019,00:00,58.0,(11.015458675840927+0j)
12961,26.07.2019,01:00,47.0,(10.269734286241032+0j)
12962,26.07.2019,02:00,42.0,(9.891823330401618+0j)
12963,26.07.2019,03:00,35.0,(9.308562145233848+0j)
12964,26.07.2019,04:00,31.0,(8.939512150377235+0j)
12965,26.07.2019,05:00,30.0,(8.84233584359671+0j)
12966,26.07.2019,06:00,35.0,(9.308562145233848+0j)
12967,26.07.2019,07:00,37.0,(9.482594128751929+0j)
12968,26.07.2019,08:00,41.0,(9.812685353516676+0j)
12969,26.07.2019,09:00,41.0,(9.812685353516676+0j)
12970,26.07.2019,10:00,34.0,(9.219051195842558+0j)
12971,26.07.2019,11:00,22.0,(7.9738393445443+0j)
12972,26.07.2019,12:00,25.0,(8.320956608290626+0j)
12973,26.07.2019,13:00,24.0,(8.208497462938503+0j)
12974,26.07.2019,14:00,17.0,(7.317165783214581+0j)
12975,26.07.2019,15:00,22.0,(7.9738393445443+0j)
12976,26.07.2019,16:00,21.0,(7.851145380281553+0j)
12977,26.07.2019,17:00,26.0,(8.430455436469295+0j)
12978,26.07.2019,18:00,35.0,(9.308562145233848+0j)
12979,26.07.2019,19:00,41.0,(9.812685353516676+0j)
12980,26.07.2019,20:00,44.0,(10.0464080386713+0j)
12981,26.07.2019,21:00,46.0,(10.19637653715948+0j)
12982,26.07.2019,22:00,30.0,(8.84233584359671+0j)
12983,26.07.2019,23:00,20.0,(7.724491855603646+0j)
12984,27.07.2019,00:00,16.0,(7.170783028460548+0j)
12985,27.07.2019,01:00,21.0,(7.851145380281553+0j)
12986,27.07.2019,02:00,25.0,(8.320956608290626+0j)
12987,27.07.2019,03:00,15.0,(7.018166609990766+0j)
12988,27.07.2019,04:00,15.0,(7.018166609990766+0j)
12989,27.07.2019,05:00,10.0,(6.130933248752508+0j)
12990,27.07.2019,06:00,11.0,(6.32884048187752+0j)
12991,27.07.2019,07:00,5.0,(4.866124944308272+0j)
12992,27.07.2019,08:00,4.0,(4.517310240893176+0j)
12993,27.07.2019,09:00,3.0,(4.1042487314692515+0j)
12994,27.07.2019,10:00,9.0,(5.919350969396254+0j)
12995,27.07.2019,11:00,8.0,(5.691454261406992+0j)
12996,27.07.2019,12:00,12.0,(6.515088753873438+0j)
12997,27.07.2019,13:00,10.0,(6.130933248752508+0j)
12998,27.07.2019,14:00,18.0,(7.457914888057963+0j)
12999,27.07.2019,15:00,15.0,(7.018166609990766+0j)
13000,27.07.2019,16:00,18.0,(7.457914888057963+0j)
13001,27.07.2019,17:00,30.0,(8.84233584359671+0j)
13002,27.07.2019,18:00,40.0,(9.732249888616542+0j)
13003,27.07.2019,19:00,38.0,(9.567264627885733+0j)
13004,27.07.2019,20:00,39.0,(9.650462409337567+0j)
13005,27.07.2019,21:00,33.0,(9.127767465531983+0j)
13006,27.07.2019,22:00,29.0,(8.74297534497106+0j)
13007,27.07.2019,23:00,27.0,(8.537181392110488+0j)
13008,28.07.2019,00:00,34.0,(9.219051195842558+0j)
13009,28.07.2019,01:00,30.0,(8.84233584359671+0j)
13010,28.07.2019,02:00,22.0,(7.9738393445443+0j)
13011,28.07.2019,03:00,13.0,(6.691256914211192+0j)
13012,28.07.2019,04:00,17.0,(7.317165783214581+0j)
13013,28.07.2019,05:00,16.0,(7.170783028460548+0j)
13014,28.07.2019,06:00,16.0,(7.170783028460548+0j)
13015,28.07.2019,07:00,15.0,(7.018166609990766+0j)
13016,28.07.2019,08:00,16.0,(7.170783028460548+0j)
13017,28.07.2019,09:00,10.0,(6.130933248752508+0j)
13018,28.07.2019,10:00,8.0,(5.691454261406992+0j)
13019,28.07.2019,11:00,13.0,(6.691256914211192+0j)
13020,28.07.2019,12:00,12.0,(6.515088753873438+0j)
13021,28.07.2019,13:00,8.0,(5.691454261406992+0j)
13022,28.07.2019,14:00,9.0,(5.919350969396254+0j)
13023,28.07.2019,15:00,9.0,(5.919350969396254+0j)
13024,28.07.2019,16:00,7.0,(5.443680165984116+0j)
13025,28.07.2019,17:00,15.0,(7.018166609990766+0j)
13026,28.07.2019,18:00,18.0,(7.457914888057963+0j)
13027,28.07.2019,19:00,15.0,(7.018166609990766+0j)
13028,28.07.2019,20:00,20.0,(7.724491855603646+0j)
13029,28.07.2019,21:00,18.0,(7.457914888057963+0j)
13030,28.07.2019,22:00,15.0,(7.018166609990766+0j)
13031,28.07.2019,23:00,6.0,(5.171029370782441+0j)
13032,29.07.2019,00:00,2.0,(3.585391514230274+0j)
13033,29.07.2019,01:00,1.0,(2.845727130703496+0j)
13034,29.07.2019,02:00,0.0,0j
13035,29.07.2019,03:00,0.0,0j
13036,29.07.2019,04:00,0.0,0j
13037,29.07.2019,05:00,0.0,0j
13038,29.07.2019,06:00,0.0,0j
13039,29.07.2019,07:00,0.0,0j
13040,29.07.2019,08:00,0.0,0j
13041,29.07.2019,09:00,0.0,0j
13042,29.07.2019,10:00,0.0,0j
13043,29.07.2019,11:00,2.0,(3.585391514230274+0j)
13044,29.07.2019,12:00,2.0,(3.585391514230274+0j)
13045,29.07.2019,13:00,7.0,(5.443680165984116+0j)
13046,29.07.2019,14:00,20.0,(7.724491855603646+0j)
13047,29.07.2019,15:00,13.0,(6.691256914211192+0j)
13048,29.07.2019,16:00,12.0,(6.515088753873438+0j)
13049,29.07.2019,17:00,8.0,(5.691454261406992+0j)
13050,29.07.2019,18:00,13.0,(6.691256914211192+0j)
13051,29.07.2019,19:00,7.0,(5.443680165984116+0j)
13052,29.07.2019,20:00,22.0,(7.9738393445443+0j)
13053,29.07.2019,21:00,14.0,(6.858607230018604+0j)
13054,29.07.2019,22:00,27.0,(8.537181392110488+0j)
13055,29.07.2019,23:00,9.0,(5.919350969396254+0j)
13056,30.07.2019,00:00,9.0,(5.919350969396254+0j)
13057,30.07.2019,01:00,11.0,(6.32884048187752+0j)
13058,30.07.2019,02:00,12.0,(6.515088753873438+0j)
13059,30.07.2019,03:00,5.0,(4.866124944308272+0j)
13060,30.07.2019,04:00,2.0,(3.585391514230274+0j)
13061,30.07.2019,05:00,1.0,(2.845727130703496+0j)
13062,30.07.2019,06:00,0.0,0j
13063,30.07.2019,07:00,0.0,0j
13064,30.07.2019,08:00,0.0,0j
13065,30.07.2019,09:00,0.0,0j
13066,30.07.2019,10:00,0.0,0j
13067,30.07.2019,11:00,0.0,0j
13068,30.07.2019,12:00,3.0,(4.1042487314692515+0j)
13069,30.07.2019,13:00,3.0,(4.1042487314692515+0j)
13070,30.07.2019,14:00,8.0,(5.691454261406992+0j)
13071,30.07.2019,15:00,10.0,(6.130933248752508+0j)
13072,30.07.2019,16:00,14.0,(6.858607230018604+0j)
13073,30.07.2019,17:00,19.0,(7.593542967381978+0j)
13074,30.07.2019,18:00,13.0,(6.691256914211192+0j)
13075,30.07.2019,19:00,5.0,(4.866124944308272+0j)
13076,30.07.2019,20:00,3.0,(4.1042487314692515+0j)
13077,30.07.2019,21:00,1.0,(2.845727130703496+0j)
13078,30.07.2019,22:00,11.0,(6.32884048187752+0j)
13079,30.07.2019,23:00,14.0,(6.858607230018604+0j)
13080,31.07.2019,00:00,18.0,(7.457914888057963+0j)
13081,31.07.2019,01:00,20.0,(7.724491855603646+0j)
13082,31.07.2019,02:00,18.0,(7.457914888057963+0j)
13083,31.07.2019,03:00,20.0,(7.724491855603646+0j)
13084,31.07.2019,04:00,24.0,(8.208497462938503+0j)
13085,31.07.2019,05:00,22.0,(7.9738393445443+0j)
13086,31.07.2019,06:00,20.0,(7.724491855603646+0j)
13087,31.07.2019,07:00,19.0,(7.593542967381978+0j)
13088,31.07.2019,08:00,16.0,(7.170783028460548+0j)
13089,31.07.2019,09:00,19.0,(7.593542967381978+0j)
13090,31.07.2019,10:00,16.0,(7.170783028460548+0j)
13091,31.07.2019,11:00,20.0,(7.724491855603646+0j)
13092,31.07.2019,12:00,20.0,(7.724491855603646+0j)
13093,31.07.2019,13:00,11.0,(6.32884048187752+0j)
13094,31.07.2019,14:00,17.0,(7.317165783214581+0j)
13095,31.07.2019,15:00,14.0,(6.858607230018604+0j)
13096,31.07.2019,16:00,32.0,(9.034620481786352+0j)
13097,31.07.2019,17:00,43.0,(9.969714910096506+0j)
13098,31.07.2019,18:00,54.0,(10.756174542690822+0j)
13099,31.07.2019,19:00,57.0,(10.9517840818175+0j)
13100,31.07.2019,20:00,46.0,(10.19637653715948+0j)
13101,31.07.2019,21:00,46.0,(10.19637653715948+0j)
13102,31.07.2019,22:00,37.0,(9.482594128751929+0j)
13103,31.07.2019,23:00,33.0,(9.127767465531983+0j)
13104,01.08.2019,00:00,36.0,(9.396383955788593+0j)
13105,01.08.2019,01:00,36.0,(9.396383955788593+0j)
13106,01.08.2019,02:00,35.0,(9.308562145233848+0j)
13107,01.08.2019,03:00,41.0,(9.812685353516676+0j)
13108,01.08.2019,04:00,43.0,(9.969714910096506+0j)
13109,01.08.2019,05:00,44.0,(10.0464080386713+0j)
13110,01.08.2019,06:00,44.0,(10.0464080386713+0j)
13111,01.08.2019,07:00,44.0,(10.0464080386713+0j)
13112,01.08.2019,08:00,42.0,(9.891823330401618+0j)
13113,01.08.2019,09:00,46.0,(10.19637653715948+0j)
13114,01.08.2019,10:00,47.0,(10.269734286241032+0j)
13115,01.08.2019,11:00,47.0,(10.269734286241032+0j)
13116,01.08.2019,12:00,48.0,(10.34205874156488+0j)
13117,01.08.2019,13:00,40.0,(9.732249888616542+0j)
13118,01.08.2019,14:00,39.0,(9.650462409337567+0j)
13119,01.08.2019,15:00,42.0,(9.891823330401618+0j)
13120,01.08.2019,16:00,52.0,(10.621708264608335+0j)
13121,01.08.2019,17:00,53.0,(10.689364281461948+0j)
13122,01.08.2019,18:00,54.0,(10.756174542690822+0j)
13123,01.08.2019,19:00,47.0,(10.269734286241032+0j)
13124,01.08.2019,20:00,60.0,(11.140645059587433+0j)
13125,01.08.2019,21:00,56.0,(10.887360331968232+0j)
13126,01.08.2019,22:00,42.0,(9.891823330401618+0j)
13127,01.08.2019,23:00,42.0,(9.891823330401618+0j)
13128,02.08.2019,00:00,50.0,(10.483748386047209+0j)
13129,02.08.2019,01:00,43.0,(9.969714910096506+0j)
13130,02.08.2019,02:00,42.0,(9.891823330401618+0j)
13131,02.08.2019,03:00,39.0,(9.650462409337567+0j)
13132,02.08.2019,04:00,45.0,(10.121947777604984+0j)
13133,02.08.2019,05:00,54.0,(10.756174542690822+0j)
13134,02.08.2019,06:00,52.0,(10.621708264608335+0j)
13135,02.08.2019,07:00,52.0,(10.621708264608335+0j)
13136,02.08.2019,08:00,52.0,(10.621708264608335+0j)
13137,02.08.2019,09:00,60.0,(11.140645059587433+0j)
13138,02.08.2019,10:00,59.0,(11.078405520382008+0j)
13139,02.08.2019,11:00,62.0,(11.263079534051261+0j)
13140,02.08.2019,12:00,62.0,(11.263079534051261+0j)
13141,02.08.2019,13:00,51.0,(10.5531792067093+0j)
13142,02.08.2019,14:00,36.0,(9.396383955788593+0j)
13143,02.08.2019,15:00,33.0,(9.127767465531983+0j)
13144,02.08.2019,16:00,33.0,(9.127767465531983+0j)
13145,02.08.2019,17:00,46.0,(10.19637653715948+0j)
13146,02.08.2019,18:00,50.0,(10.483748386047209+0j)
13147,02.08.2019,19:00,48.0,(10.34205874156488+0j)
13148,02.08.2019,20:00,45.0,(10.121947777604984+0j)
13149,02.08.2019,21:00,44.0,(10.0464080386713+0j)
13150,02.08.2019,22:00,30.0,(8.84233584359671+0j)
13151,02.08.2019,23:00,28.0,(8.641303622061608+0j)
13152,03.08.2019,00:00,20.0,(7.724491855603646+0j)
13153,03.08.2019,01:00,27.0,(8.537181392110488+0j)
13154,03.08.2019,02:00,34.0,(9.219051195842558+0j)
13155,03.08.2019,03:00,24.0,(8.208497462938503+0j)
13156,03.08.2019,04:00,37.0,(9.482594128751929+0j)
13157,03.08.2019,05:00,37.0,(9.482594128751929+0j)
13158,03.08.2019,06:00,22.0,(7.9738393445443+0j)
13159,03.08.2019,07:00,12.0,(6.515088753873438+0j)
13160,03.08.2019,08:00,8.0,(5.691454261406992+0j)
13161,03.08.2019,09:00,4.0,(4.517310240893176+0j)
13162,03.08.2019,10:00,2.0,(3.585391514230274+0j)
13163,03.08.2019,11:00,0.0,0j
13164,03.08.2019,12:00,0.0,0j
13165,03.08.2019,13:00,0.0,0j
13166,03.08.2019,14:00,5.0,(4.866124944308272+0j)
13167,03.08.2019,15:00,6.0,(5.171029370782441+0j)
13168,03.08.2019,16:00,6.0,(5.171029370782441+0j)
13169,03.08.2019,17:00,9.0,(5.919350969396254+0j)
13170,03.08.2019,18:00,9.0,(5.919350969396254+0j)
13171,03.08.2019,19:00,5.0,(4.866124944308272+0j)
13172,03.08.2019,20:00,3.0,(4.1042487314692515+0j)
13173,03.08.2019,21:00,1.0,(2.845727130703496+0j)
13174,03.08.2019,22:00,0.0,0j
13175,03.08.2019,23:00,3.0,(4.1042487314692515+0j)
13176,04.08.2019,00:00,8.0,(5.691454261406992+0j)
13177,04.08.2019,01:00,4.0,(4.517310240893176+0j)
13178,04.08.2019,02:00,7.0,(5.443680165984116+0j)
13179,04.08.2019,03:00,8.0,(5.691454261406992+0j)
13180,04.08.2019,04:00,8.0,(5.691454261406992+0j)
13181,04.08.2019,05:00,12.0,(6.515088753873438+0j)
13182,04.08.2019,06:00,10.0,(6.130933248752508+0j)
13183,04.08.2019,07:00,24.0,(8.208497462938503+0j)
13184,04.08.2019,08:00,34.0,(9.219051195842558+0j)
13185,04.08.2019,09:00,35.0,(9.308562145233848+0j)
13186,04.08.2019,10:00,42.0,(9.891823330401618+0j)
13187,04.08.2019,11:00,29.0,(8.74297534497106+0j)
13188,04.08.2019,12:00,28.0,(8.641303622061608+0j)
13189,04.08.2019,13:00,30.0,(8.84233584359671+0j)
13190,04.08.2019,14:00,31.0,(8.939512150377235+0j)
13191,04.08.2019,15:00,38.0,(9.567264627885733+0j)
13192,04.08.2019,16:00,51.0,(10.5531792067093+0j)
13193,04.08.2019,17:00,57.0,(10.9517840818175+0j)
13194,04.08.2019,18:00,60.0,(11.140645059587433+0j)
13195,04.08.2019,19:00,57.0,(10.9517840818175+0j)
13196,04.08.2019,20:00,58.0,(11.015458675840927+0j)
13197,04.08.2019,21:00,54.0,(10.756174542690822+0j)
13198,04.08.2019,22:00,48.0,(10.34205874156488+0j)
13199,04.08.2019,23:00,53.0,(10.689364281461948+0j)
13200,05.08.2019,00:00,52.0,(10.621708264608335+0j)
13201,05.08.2019,01:00,63.0,(11.323311051132062+0j)
13202,05.08.2019,02:00,57.0,(10.9517840818175+0j)
13203,05.08.2019,03:00,61.0,(11.202196833891742+0j)
13204,05.08.2019,04:00,48.0,(10.34205874156488+0j)
13205,05.08.2019,05:00,55.0,(10.822164994364314+0j)
13206,05.08.2019,06:00,55.0,(10.822164994364314+0j)
13207,05.08.2019,07:00,52.0,(10.621708264608335+0j)
13208,05.08.2019,08:00,59.0,(11.078405520382008+0j)
13209,05.08.2019,09:00,60.0,(11.140645059587433+0j)
13210,05.08.2019,10:00,62.0,(11.263079534051261+0j)
13211,05.08.2019,11:00,63.0,(11.323311051132062+0j)
13212,05.08.2019,12:00,61.0,(11.202196833891742+0j)
13213,05.08.2019,13:00,62.0,(11.263079534051261+0j)
13214,05.08.2019,14:00,64.0,(11.382908522813985+0j)
13215,05.08.2019,15:00,66.0,(11.500266368369322+0j)
13216,05.08.2019,16:00,68.0,(11.615276661700541+0j)
13217,05.08.2019,17:00,67.0,(11.55805762209552+0j)
13218,05.08.2019,18:00,69.0,(11.671937444523078+0j)
13219,05.08.2019,19:00,60.0,(11.140645059587433+0j)
13220,05.08.2019,20:00,62.0,(11.263079534051261+0j)
13221,05.08.2019,21:00,61.0,(11.202196833891742+0j)
13222,05.08.2019,22:00,63.0,(11.323311051132062+0j)
13223,05.08.2019,23:00,64.0,(11.382908522813985+0j)
13224,06.08.2019,00:00,61.0,(11.202196833891742+0j)
13225,06.08.2019,01:00,63.0,(11.323311051132062+0j)
13226,06.08.2019,02:00,63.0,(11.323311051132062+0j)
13227,06.08.2019,03:00,57.0,(10.9517840818175+0j)
13228,06.08.2019,04:00,57.0,(10.9517840818175+0j)
13229,06.08.2019,05:00,60.0,(11.140645059587433+0j)
13230,06.08.2019,06:00,58.0,(11.015458675840927+0j)
13231,06.08.2019,07:00,68.0,(11.615276661700541+0j)
13232,06.08.2019,08:00,69.0,(11.671937444523078+0j)
13233,06.08.2019,09:00,69.0,(11.671937444523078+0j)
13234,06.08.2019,10:00,69.0,(11.671937444523078+0j)
13235,06.08.2019,11:00,67.0,(11.55805762209552+0j)
13236,06.08.2019,12:00,64.0,(11.382908522813985+0j)
13237,06.08.2019,13:00,63.0,(11.323311051132062+0j)
13238,06.08.2019,14:00,60.0,(11.140645059587433+0j)
13239,06.08.2019,15:00,63.0,(11.323311051132062+0j)
13240,06.08.2019,16:00,66.0,(11.500266368369322+0j)
13241,06.08.2019,17:00,63.0,(11.323311051132062+0j)
13242,06.08.2019,18:00,55.0,(10.822164994364314+0j)
13243,06.08.2019,19:00,52.0,(10.621708264608335+0j)
13244,06.08.2019,20:00,53.0,(10.689364281461948+0j)
13245,06.08.2019,21:00,55.0,(10.822164994364314+0j)
13246,06.08.2019,22:00,48.0,(10.34205874156488+0j)
13247,06.08.2019,23:00,48.0,(10.34205874156488+0j)
13248,07.08.2019,00:00,40.0,(9.732249888616542+0j)
13249,07.08.2019,01:00,42.0,(9.891823330401618+0j)
13250,07.08.2019,02:00,42.0,(9.891823330401618+0j)
13251,07.08.2019,03:00,40.0,(9.732249888616542+0j)
13252,07.08.2019,04:00,38.0,(9.567264627885733+0j)
13253,07.08.2019,05:00,38.0,(9.567264627885733+0j)
13254,07.08.2019,06:00,41.0,(9.812685353516676+0j)
13255,07.08.2019,07:00,35.0,(9.308562145233848+0j)
13256,07.08.2019,08:00,26.0,(8.430455436469295+0j)
13257,07.08.2019,09:00,24.0,(8.208497462938503+0j)
13258,07.08.2019,10:00,21.0,(7.851145380281553+0j)
13259,07.08.2019,11:00,17.0,(7.317165783214581+0j)
13260,07.08.2019,12:00,12.0,(6.515088753873438+0j)
13261,07.08.2019,13:00,18.0,(7.457914888057963+0j)
13262,07.08.2019,14:00,20.0,(7.724491855603646+0j)
13263,07.08.2019,15:00,18.0,(7.457914888057963+0j)
13264,07.08.2019,16:00,24.0,(8.208497462938503+0j)
13265,07.08.2019,17:00,48.0,(10.34205874156488+0j)
13266,07.08.2019,18:00,45.0,(10.121947777604984+0j)
13267,07.08.2019,19:00,45.0,(10.121947777604984+0j)
13268,07.08.2019,20:00,45.0,(10.121947777604984+0j)
13269,07.08.2019,21:00,43.0,(9.969714910096506+0j)
13270,07.08.2019,22:00,40.0,(9.732249888616542+0j)
13271,07.08.2019,23:00,32.0,(9.034620481786352+0j)
13272,08.08.2019,00:00,32.0,(9.034620481786352+0j)
13273,08.08.2019,01:00,19.0,(7.593542967381978+0j)
13274,08.08.2019,02:00,18.0,(7.457914888057963+0j)
13275,08.08.2019,03:00,15.0,(7.018166609990766+0j)
13276,08.08.2019,04:00,14.0,(6.858607230018604+0j)
13277,08.08.2019,05:00,15.0,(7.018166609990766+0j)
13278,08.08.2019,06:00,15.0,(7.018166609990766+0j)
13279,08.08.2019,07:00,7.0,(5.443680165984116+0j)
13280,08.08.2019,08:00,2.0,(3.585391514230274+0j)
13281,08.08.2019,09:00,0.0,0j
13282,08.08.2019,10:00,2.0,(3.585391514230274+0j)
13283,08.08.2019,11:00,6.0,(5.171029370782441+0j)
13284,08.08.2019,12:00,12.0,(6.515088753873438+0j)
13285,08.08.2019,13:00,15.0,(7.018166609990766+0j)
13286,08.08.2019,14:00,17.0,(7.317165783214581+0j)
13287,08.08.2019,15:00,13.0,(6.691256914211192+0j)
13288,08.08.2019,16:00,7.0,(5.443680165984116+0j)
13289,08.08.2019,17:00,13.0,(6.691256914211192+0j)
13290,08.08.2019,18:00,20.0,(7.724491855603646+0j)
13291,08.08.2019,19:00,22.0,(7.9738393445443+0j)
13292,08.08.2019,20:00,38.0,(9.567264627885733+0j)
13293,08.08.2019,21:00,37.0,(9.482594128751929+0j)
13294,08.08.2019,22:00,35.0,(9.308562145233848+0j)
13295,08.08.2019,23:00,32.0,(9.034620481786352+0j)
13296,09.08.2019,00:00,33.0,(9.127767465531983+0j)
13297,09.08.2019,01:00,34.0,(9.219051195842558+0j)
13298,09.08.2019,02:00,23.0,(8.092869420675413+0j)
13299,09.08.2019,03:00,20.0,(7.724491855603646+0j)
13300,09.08.2019,04:00,18.0,(7.457914888057963+0j)
13301,09.08.2019,05:00,14.0,(6.858607230018604+0j)
13302,09.08.2019,06:00,10.0,(6.130933248752508+0j)
13303,09.08.2019,07:00,12.0,(6.515088753873438+0j)
13304,09.08.2019,08:00,5.0,(4.866124944308272+0j)
13305,09.08.2019,09:00,5.0,(4.866124944308272+0j)
13306,09.08.2019,10:00,8.0,(5.691454261406992+0j)
13307,09.08.2019,11:00,10.0,(6.130933248752508+0j)
13308,09.08.2019,12:00,17.0,(7.317165783214581+0j)
13309,09.08.2019,13:00,15.0,(7.018166609990766+0j)
13310,09.08.2019,14:00,17.0,(7.317165783214581+0j)
13311,09.08.2019,15:00,21.0,(7.851145380281553+0j)
13312,09.08.2019,16:00,46.0,(10.19637653715948+0j)
13313,09.08.2019,17:00,57.0,(10.9517840818175+0j)
13314,09.08.2019,18:00,59.0,(11.078405520382008+0j)
13315,09.08.2019,19:00,61.0,(11.202196833891742+0j)
13316,09.08.2019,20:00,57.0,(10.9517840818175+0j)
13317,09.08.2019,21:00,59.0,(11.078405520382008+0j)
13318,09.08.2019,22:00,56.0,(10.887360331968232+0j)
13319,09.08.2019,23:00,51.0,(10.5531792067093+0j)
13320,10.08.2019,00:00,50.0,(10.483748386047209+0j)
13321,10.08.2019,01:00,51.0,(10.5531792067093+0j)
13322,10.08.2019,02:00,46.0,(10.19637653715948+0j)
13323,10.08.2019,03:00,50.0,(10.483748386047209+0j)
13324,10.08.2019,04:00,44.0,(10.0464080386713+0j)
13325,10.08.2019,05:00,56.0,(10.887360331968232+0j)
13326,10.08.2019,06:00,52.0,(10.621708264608335+0j)
13327,10.08.2019,07:00,54.0,(10.756174542690822+0j)
13328,10.08.2019,08:00,53.0,(10.689364281461948+0j)
13329,10.08.2019,09:00,60.0,(11.140645059587433+0j)
13330,10.08.2019,10:00,58.0,(11.015458675840927+0j)
13331,10.08.2019,11:00,59.0,(11.078405520382008+0j)
13332,10.08.2019,12:00,62.0,(11.263079534051261+0j)
13333,10.08.2019,13:00,65.0,(11.441888376335278+0j)
13334,10.08.2019,14:00,63.0,(11.323311051132062+0j)
13335,10.08.2019,15:00,59.0,(11.078405520382008+0j)
13336,10.08.2019,16:00,66.0,(11.500266368369322+0j)
13337,10.08.2019,17:00,67.0,(11.55805762209552+0j)
13338,10.08.2019,18:00,68.0,(11.615276661700541+0j)
13339,10.08.2019,19:00,67.0,(11.55805762209552+0j)
13340,10.08.2019,20:00,62.0,(11.263079534051261+0j)
13341,10.08.2019,21:00,65.0,(11.441888376335278+0j)
13342,10.08.2019,22:00,59.0,(11.078405520382008+0j)
13343,10.08.2019,23:00,60.0,(11.140645059587433+0j)
13344,11.08.2019,00:00,57.0,(10.9517840818175+0j)
13345,11.08.2019,01:00,55.0,(10.822164994364314+0j)
13346,11.08.2019,02:00,57.0,(10.9517840818175+0j)
13347,11.08.2019,03:00,45.0,(10.121947777604984+0j)
13348,11.08.2019,04:00,32.0,(9.034620481786352+0j)
13349,11.08.2019,05:00,31.0,(8.939512150377235+0j)
13350,11.08.2019,06:00,33.0,(9.127767465531983+0j)
13351,11.08.2019,07:00,27.0,(8.537181392110488+0j)
13352,11.08.2019,08:00,24.0,(8.208497462938503+0j)
13353,11.08.2019,09:00,29.0,(8.74297534497106+0j)
13354,11.08.2019,10:00,22.0,(7.9738393445443+0j)
13355,11.08.2019,11:00,38.0,(9.567264627885733+0j)
13356,11.08.2019,12:00,45.0,(10.121947777604984+0j)
13357,11.08.2019,13:00,57.0,(10.9517840818175+0j)
13358,11.08.2019,14:00,59.0,(11.078405520382008+0j)
13359,11.08.2019,15:00,58.0,(11.015458675840927+0j)
13360,11.08.2019,16:00,62.0,(11.263079534051261+0j)
13361,11.08.2019,17:00,63.0,(11.323311051132062+0j)
13362,11.08.2019,18:00,60.0,(11.140645059587433+0j)
13363,11.08.2019,19:00,62.0,(11.263079534051261+0j)
13364,11.08.2019,20:00,54.0,(10.756174542690822+0j)
13365,11.08.2019,21:00,50.0,(10.483748386047209+0j)
13366,11.08.2019,22:00,49.0,(10.41338553855059+0j)
13367,11.08.2019,23:00,55.0,(10.822164994364314+0j)
13368,12.08.2019,00:00,47.0,(10.269734286241032+0j)
13369,12.08.2019,01:00,46.0,(10.19637653715948+0j)
13370,12.08.2019,02:00,45.0,(10.121947777604984+0j)
13371,12.08.2019,03:00,44.0,(10.0464080386713+0j)
13372,12.08.2019,04:00,42.0,(9.891823330401618+0j)
13373,12.08.2019,05:00,31.0,(8.939512150377235+0j)
13374,12.08.2019,06:00,29.0,(8.74297534497106+0j)
13375,12.08.2019,07:00,22.0,(7.9738393445443+0j)
13376,12.08.2019,08:00,21.0,(7.851145380281553+0j)
13377,12.08.2019,09:00,20.0,(7.724491855603646+0j)
13378,12.08.2019,10:00,25.0,(8.320956608290626+0j)
13379,12.08.2019,11:00,40.0,(9.732249888616542+0j)
13380,12.08.2019,12:00,53.0,(10.689364281461948+0j)
13381,12.08.2019,13:00,51.0,(10.5531792067093+0j)
13382,12.08.2019,14:00,48.0,(10.34205874156488+0j)
13383,12.08.2019,15:00,52.0,(10.621708264608335+0j)
13384,12.08.2019,16:00,56.0,(10.887360331968232+0j)
13385,12.08.2019,17:00,58.0,(11.015458675840927+0j)
13386,12.08.2019,18:00,58.0,(11.015458675840927+0j)
13387,12.08.2019,19:00,56.0,(10.887360331968232+0j)
13388,12.08.2019,20:00,52.0,(10.621708264608335+0j)
13389,12.08.2019,21:00,51.0,(10.5531792067093+0j)
13390,12.08.2019,22:00,48.0,(10.34205874156488+0j)
13391,12.08.2019,23:00,44.0,(10.0464080386713+0j)
13392,13.08.2019,00:00,47.0,(10.269734286241032+0j)
13393,13.08.2019,01:00,44.0,(10.0464080386713+0j)
13394,13.08.2019,02:00,43.0,(9.969714910096506+0j)
13395,13.08.2019,03:00,38.0,(9.567264627885733+0j)
13396,13.08.2019,04:00,24.0,(8.208497462938503+0j)
13397,13.08.2019,05:00,24.0,(8.208497462938503+0j)
13398,13.08.2019,06:00,22.0,(7.9738393445443+0j)
13399,13.08.2019,07:00,19.0,(7.593542967381978+0j)
13400,13.08.2019,08:00,18.0,(7.457914888057963+0j)
13401,13.08.2019,09:00,15.0,(7.018166609990766+0j)
13402,13.08.2019,10:00,21.0,(7.851145380281553+0j)
13403,13.08.2019,11:00,21.0,(7.851145380281553+0j)
13404,13.08.2019,12:00,25.0,(8.320956608290626+0j)
13405,13.08.2019,13:00,21.0,(7.851145380281553+0j)
13406,13.08.2019,14:00,27.0,(8.537181392110488+0j)
13407,13.08.2019,15:00,26.0,(8.430455436469295+0j)
13408,13.08.2019,16:00,40.0,(9.732249888616542+0j)
13409,13.08.2019,17:00,42.0,(9.891823330401618+0j)
13410,13.08.2019,18:00,52.0,(10.621708264608335+0j)
13411,13.08.2019,19:00,42.0,(9.891823330401618+0j)
13412,13.08.2019,20:00,47.0,(10.269734286241032+0j)
13413,13.08.2019,21:00,36.0,(9.396383955788593+0j)
13414,13.08.2019,22:00,37.0,(9.482594128751929+0j)
13415,13.08.2019,23:00,44.0,(10.0464080386713+0j)
13416,14.08.2019,00:00,35.0,(9.308562145233848+0j)
13417,14.08.2019,01:00,18.0,(7.457914888057963+0j)
13418,14.08.2019,02:00,23.0,(8.092869420675413+0j)
13419,14.08.2019,03:00,22.0,(7.9738393445443+0j)
13420,14.08.2019,04:00,22.0,(7.9738393445443+0j)
13421,14.08.2019,05:00,23.0,(8.092869420675413+0j)
13422,14.08.2019,06:00,20.0,(7.724491855603646+0j)
13423,14.08.2019,07:00,18.0,(7.457914888057963+0j)
13424,14.08.2019,08:00,6.0,(5.171029370782441+0j)
13425,14.08.2019,09:00,4.0,(4.517310240893176+0j)
13426,14.08.2019,10:00,3.0,(4.1042487314692515+0j)
13427,14.08.2019,11:00,2.0,(3.585391514230274+0j)
13428,14.08.2019,12:00,2.0,(3.585391514230274+0j)
13429,14.08.2019,13:00,2.0,(3.585391514230274+0j)
13430,14.08.2019,14:00,1.0,(2.845727130703496+0j)
13431,14.08.2019,15:00,1.0,(2.845727130703496+0j)
13432,14.08.2019,16:00,1.0,(2.845727130703496+0j)
13433,14.08.2019,17:00,0.0,0j
13434,14.08.2019,18:00,1.0,(2.845727130703496+0j)
13435,14.08.2019,19:00,1.0,(2.845727130703496+0j)
13436,14.08.2019,20:00,1.0,(2.845727130703496+0j)
13437,14.08.2019,21:00,10.0,(6.130933248752508+0j)
13438,14.08.2019,22:00,11.0,(6.32884048187752+0j)
13439,14.08.2019,23:00,16.0,(7.170783028460548+0j)
13440,15.08.2019,00:00,1.0,(2.845727130703496+0j)
13441,15.08.2019,01:00,0.0,0j
13442,15.08.2019,02:00,1.0,(2.845727130703496+0j)
13443,15.08.2019,03:00,1.0,(2.845727130703496+0j)
13444,15.08.2019,04:00,5.0,(4.866124944308272+0j)
13445,15.08.2019,05:00,15.0,(7.018166609990766+0j)
13446,15.08.2019,06:00,31.0,(8.939512150377235+0j)
13447,15.08.2019,07:00,30.0,(8.84233584359671+0j)
13448,15.08.2019,08:00,12.0,(6.515088753873438+0j)
13449,15.08.2019,09:00,10.0,(6.130933248752508+0j)
13450,15.08.2019,10:00,8.0,(5.691454261406992+0j)
13451,15.08.2019,11:00,9.0,(5.919350969396254+0j)
13452,15.08.2019,12:00,8.0,(5.691454261406992+0j)
13453,15.08.2019,13:00,10.0,(6.130933248752508+0j)
13454,15.08.2019,14:00,8.0,(5.691454261406992+0j)
13455,15.08.2019,15:00,6.0,(5.171029370782441+0j)
13456,15.08.2019,16:00,8.0,(5.691454261406992+0j)
13457,15.08.2019,17:00,15.0,(7.018166609990766+0j)
13458,15.08.2019,18:00,27.0,(8.537181392110488+0j)
13459,15.08.2019,19:00,27.0,(8.537181392110488+0j)
13460,15.08.2019,20:00,25.0,(8.320956608290626+0j)
13461,15.08.2019,21:00,23.0,(8.092869420675413+0j)
13462,15.08.2019,22:00,22.0,(7.9738393445443+0j)
13463,15.08.2019,23:00,19.0,(7.593542967381978+0j)
13464,16.08.2019,00:00,13.0,(6.691256914211192+0j)
13465,16.08.2019,01:00,15.0,(7.018166609990766+0j)
13466,16.08.2019,02:00,23.0,(8.092869420675413+0j)
13467,16.08.2019,03:00,30.0,(8.84233584359671+0j)
13468,16.08.2019,04:00,34.0,(9.219051195842558+0j)
13469,16.08.2019,05:00,53.0,(10.689364281461948+0j)
13470,16.08.2019,06:00,45.0,(10.121947777604984+0j)
13471,16.08.2019,07:00,53.0,(10.689364281461948+0j)
13472,16.08.2019,08:00,35.0,(9.308562145233848+0j)
13473,16.08.2019,09:00,30.0,(8.84233584359671+0j)
13474,16.08.2019,10:00,26.0,(8.430455436469295+0j)
13475,16.08.2019,11:00,15.0,(7.018166609990766+0j)
13476,16.08.2019,12:00,15.0,(7.018166609990766+0j)
13477,16.08.2019,13:00,6.0,(5.171029370782441+0j)
13478,16.08.2019,14:00,10.0,(6.130933248752508+0j)
13479,16.08.2019,15:00,9.0,(5.919350969396254+0j)
13480,16.08.2019,16:00,4.0,(4.517310240893176+0j)
13481,16.08.2019,17:00,2.0,(3.585391514230274+0j)
13482,16.08.2019,18:00,15.0,(7.018166609990766+0j)
13483,16.08.2019,19:00,18.0,(7.457914888057963+0j)
13484,16.08.2019,20:00,34.0,(9.219051195842558+0j)
13485,16.08.2019,21:00,24.0,(8.208497462938503+0j)
13486,16.08.2019,22:00,28.0,(8.641303622061608+0j)
13487,16.08.2019,23:00,25.0,(8.320956608290626+0j)
13488,17.08.2019,00:00,25.0,(8.320956608290626+0j)
13489,17.08.2019,01:00,24.0,(8.208497462938503+0j)
13490,17.08.2019,02:00,25.0,(8.320956608290626+0j)
13491,17.08.2019,03:00,25.0,(8.320956608290626+0j)
13492,17.08.2019,04:00,33.0,(9.127767465531983+0j)
13493,17.08.2019,05:00,29.0,(8.74297534497106+0j)
13494,17.08.2019,06:00,28.0,(8.641303622061608+0j)
13495,17.08.2019,07:00,34.0,(9.219051195842558+0j)
13496,17.08.2019,08:00,37.0,(9.482594128751929+0j)
13497,17.08.2019,09:00,30.0,(8.84233584359671+0j)
13498,17.08.2019,10:00,23.0,(8.092869420675413+0j)
13499,17.08.2019,11:00,11.0,(6.32884048187752+0j)
13500,17.08.2019,12:00,12.0,(6.515088753873438+0j)
13501,17.08.2019,13:00,25.0,(8.320956608290626+0j)
13502,17.08.2019,14:00,12.0,(6.515088753873438+0j)
13503,17.08.2019,15:00,36.0,(9.396383955788593+0j)
13504,17.08.2019,16:00,57.0,(10.9517840818175+0j)
13505,17.08.2019,17:00,62.0,(11.263079534051261+0j)
13506,17.08.2019,18:00,56.0,(10.887360331968232+0j)
13507,17.08.2019,19:00,48.0,(10.34205874156488+0j)
13508,17.08.2019,20:00,46.0,(10.19637653715948+0j)
13509,17.08.2019,21:00,48.0,(10.34205874156488+0j)
13510,17.08.2019,22:00,61.0,(11.202196833891742+0j)
13511,17.08.2019,23:00,59.0,(11.078405520382008+0j)
13512,18.08.2019,00:00,61.0,(11.202196833891742+0j)
13513,18.08.2019,01:00,54.0,(10.756174542690822+0j)
13514,18.08.2019,02:00,62.0,(11.263079534051261+0j)
13515,18.08.2019,03:00,54.0,(10.756174542690822+0j)
13516,18.08.2019,04:00,60.0,(11.140645059587433+0j)
13517,18.08.2019,05:00,47.0,(10.269734286241032+0j)
13518,18.08.2019,06:00,29.0,(8.74297534497106+0j)
13519,18.08.2019,07:00,30.0,(8.84233584359671+0j)
13520,18.08.2019,08:00,53.0,(10.689364281461948+0j)
13521,18.08.2019,09:00,58.0,(11.015458675840927+0j)
13522,18.08.2019,10:00,63.0,(11.323311051132062+0j)
13523,18.08.2019,11:00,65.0,(11.441888376335278+0j)
13524,18.08.2019,12:00,65.0,(11.441888376335278+0j)
13525,18.08.2019,13:00,65.0,(11.441888376335278+0j)
13526,18.08.2019,14:00,64.0,(11.382908522813985+0j)
13527,18.08.2019,15:00,65.0,(11.441888376335278+0j)
13528,18.08.2019,16:00,65.0,(11.441888376335278+0j)
13529,18.08.2019,17:00,64.0,(11.382908522813985+0j)
13530,18.08.2019,18:00,65.0,(11.441888376335278+0j)
13531,18.08.2019,19:00,66.0,(11.500266368369322+0j)
13532,18.08.2019,20:00,66.0,(11.500266368369322+0j)
13533,18.08.2019,21:00,64.0,(11.382908522813985+0j)
13534,18.08.2019,22:00,39.0,(9.650462409337567+0j)
13535,18.08.2019,23:00,27.0,(8.537181392110488+0j)
13536,19.08.2019,00:00,34.0,(9.219051195842558+0j)
13537,19.08.2019,01:00,37.0,(9.482594128751929+0j)
13538,19.08.2019,02:00,49.0,(10.41338553855059+0j)
13539,19.08.2019,03:00,40.0,(9.732249888616542+0j)
13540,19.08.2019,04:00,33.0,(9.127767465531983+0j)
13541,19.08.2019,05:00,29.0,(8.74297534497106+0j)
13542,19.08.2019,06:00,14.0,(6.858607230018604+0j)
13543,19.08.2019,07:00,33.0,(9.127767465531983+0j)
13544,19.08.2019,08:00,38.0,(9.567264627885733+0j)
13545,19.08.2019,09:00,50.0,(10.483748386047209+0j)
13546,19.08.2019,10:00,58.0,(11.015458675840927+0j)
13547,19.08.2019,11:00,60.0,(11.140645059587433+0j)
13548,19.08.2019,12:00,64.0,(11.382908522813985+0j)
13549,19.08.2019,13:00,63.0,(11.323311051132062+0j)
13550,19.08.2019,14:00,63.0,(11.323311051132062+0j)
13551,19.08.2019,15:00,62.0,(11.263079534051261+0j)
13552,19.08.2019,16:00,65.0,(11.441888376335278+0j)
13553,19.08.2019,17:00,66.0,(11.500266368369322+0j)
13554,19.08.2019,18:00,61.0,(11.202196833891742+0j)
13555,19.08.2019,19:00,65.0,(11.441888376335278+0j)
13556,19.08.2019,20:00,60.0,(11.140645059587433+0j)
13557,19.08.2019,21:00,65.0,(11.441888376335278+0j)
13558,19.08.2019,22:00,54.0,(10.756174542690822+0j)
13559,19.08.2019,23:00,54.0,(10.756174542690822+0j)
13560,20.08.2019,00:00,62.0,(11.263079534051261+0j)
13561,20.08.2019,01:00,49.0,(10.41338553855059+0j)
13562,20.08.2019,02:00,56.0,(10.887360331968232+0j)
13563,20.08.2019,03:00,52.0,(10.621708264608335+0j)
13564,20.08.2019,04:00,51.0,(10.5531792067093+0j)
13565,20.08.2019,05:00,56.0,(10.887360331968232+0j)
13566,20.08.2019,06:00,54.0,(10.756174542690822+0j)
13567,20.08.2019,07:00,50.0,(10.483748386047209+0j)
13568,20.08.2019,08:00,50.0,(10.483748386047209+0j)
13569,20.08.2019,09:00,54.0,(10.756174542690822+0j)
13570,20.08.2019,10:00,55.0,(10.822164994364314+0j)
13571,20.08.2019,11:00,50.0,(10.483748386047209+0j)
13572,20.08.2019,12:00,37.0,(9.482594128751929+0j)
13573,20.08.2019,13:00,47.0,(10.269734286241032+0j)
13574,20.08.2019,14:00,53.0,(10.689364281461948+0j)
13575,20.08.2019,15:00,56.0,(10.887360331968232+0j)
13576,20.08.2019,16:00,59.0,(11.078405520382008+0j)
13577,20.08.2019,17:00,56.0,(10.887360331968232+0j)
13578,20.08.2019,18:00,57.0,(10.9517840818175+0j)
13579,20.08.2019,19:00,59.0,(11.078405520382008+0j)
13580,20.08.2019,20:00,58.0,(11.015458675840927+0j)
13581,20.08.2019,21:00,57.0,(10.9517840818175+0j)
13582,20.08.2019,22:00,52.0,(10.621708264608335+0j)
13583,20.08.2019,23:00,53.0,(10.689364281461948+0j)
13584,21.08.2019,00:00,43.0,(9.969714910096506+0j)
13585,21.08.2019,01:00,42.0,(9.891823330401618+0j)
13586,21.08.2019,02:00,44.0,(10.0464080386713+0j)
13587,21.08.2019,03:00,37.0,(9.482594128751929+0j)
13588,21.08.2019,04:00,37.0,(9.482594128751929+0j)
13589,21.08.2019,05:00,32.0,(9.034620481786352+0j)
13590,21.08.2019,06:00,27.0,(8.537181392110488+0j)
13591,21.08.2019,07:00,53.0,(10.689364281461948+0j)
13592,21.08.2019,08:00,56.0,(10.887360331968232+0j)
13593,21.08.2019,09:00,40.0,(9.732249888616542+0j)
13594,21.08.2019,10:00,29.0,(8.74297534497106+0j)
13595,21.08.2019,11:00,44.0,(10.0464080386713+0j)
13596,21.08.2019,12:00,49.0,(10.41338553855059+0j)
13597,21.08.2019,13:00,42.0,(9.891823330401618+0j)
13598,21.08.2019,14:00,38.0,(9.567264627885733+0j)
13599,21.08.2019,15:00,55.0,(10.822164994364314+0j)
13600,21.08.2019,16:00,58.0,(11.015458675840927+0j)
13601,21.08.2019,17:00,58.0,(11.015458675840927+0j)
13602,21.08.2019,18:00,51.0,(10.5531792067093+0j)
13603,21.08.2019,19:00,64.0,(11.382908522813985+0j)
13604,21.08.2019,20:00,52.0,(10.621708264608335+0j)
13605,21.08.2019,21:00,60.0,(11.140645059587433+0j)
13606,21.08.2019,22:00,62.0,(11.263079534051261+0j)
13607,21.08.2019,23:00,61.0,(11.202196833891742+0j)
13608,22.08.2019,00:00,52.0,(10.621708264608335+0j)
13609,22.08.2019,01:00,35.0,(9.308562145233848+0j)
13610,22.08.2019,02:00,33.0,(9.127767465531983+0j)
13611,22.08.2019,03:00,31.0,(8.939512150377235+0j)
13612,22.08.2019,04:00,40.0,(9.732249888616542+0j)
13613,22.08.2019,05:00,38.0,(9.567264627885733+0j)
13614,22.08.2019,06:00,42.0,(9.891823330401618+0j)
13615,22.08.2019,07:00,47.0,(10.269734286241032+0j)
13616,22.08.2019,08:00,44.0,(10.0464080386713+0j)
13617,22.08.2019,09:00,53.0,(10.689364281461948+0j)
13618,22.08.2019,10:00,49.0,(10.41338553855059+0j)
13619,22.08.2019,11:00,45.0,(10.121947777604984+0j)
13620,22.08.2019,12:00,57.0,(10.9517840818175+0j)
13621,22.08.2019,13:00,60.0,(11.140645059587433+0j)
13622,22.08.2019,14:00,62.0,(11.263079534051261+0j)
13623,22.08.2019,15:00,65.0,(11.441888376335278+0j)
13624,22.08.2019,16:00,61.0,(11.202196833891742+0j)
13625,22.08.2019,17:00,63.0,(11.323311051132062+0j)
13626,22.08.2019,18:00,63.0,(11.323311051132062+0j)
13627,22.08.2019,19:00,65.0,(11.441888376335278+0j)
13628,22.08.2019,20:00,65.0,(11.441888376335278+0j)
13629,22.08.2019,21:00,63.0,(11.323311051132062+0j)
13630,22.08.2019,22:00,61.0,(11.202196833891742+0j)
13631,22.08.2019,23:00,65.0,(11.441888376335278+0j)
13632,23.08.2019,00:00,64.0,(11.382908522813985+0j)
13633,23.08.2019,01:00,66.0,(11.500266368369322+0j)
13634,23.08.2019,02:00,37.0,(9.482594128751929+0j)
13635,23.08.2019,03:00,44.0,(10.0464080386713+0j)
13636,23.08.2019,04:00,41.0,(9.812685353516676+0j)
13637,23.08.2019,05:00,47.0,(10.269734286241032+0j)
13638,23.08.2019,06:00,43.0,(9.969714910096506+0j)
13639,23.08.2019,07:00,49.0,(10.41338553855059+0j)
13640,23.08.2019,08:00,48.0,(10.34205874156488+0j)
13641,23.08.2019,09:00,54.0,(10.756174542690822+0j)
13642,23.08.2019,10:00,58.0,(11.015458675840927+0j)
13643,23.08.2019,11:00,63.0,(11.323311051132062+0j)
13644,23.08.2019,12:00,66.0,(11.500266368369322+0j)
13645,23.08.2019,13:00,65.0,(11.441888376335278+0j)
13646,23.08.2019,14:00,64.0,(11.382908522813985+0j)
13647,23.08.2019,15:00,64.0,(11.382908522813985+0j)
13648,23.08.2019,16:00,65.0,(11.441888376335278+0j)
13649,23.08.2019,17:00,65.0,(11.441888376335278+0j)
13650,23.08.2019,18:00,60.0,(11.140645059587433+0j)
13651,23.08.2019,19:00,60.0,(11.140645059587433+0j)
13652,23.08.2019,20:00,49.0,(10.41338553855059+0j)
13653,23.08.2019,21:00,48.0,(10.34205874156488+0j)
13654,23.08.2019,22:00,39.0,(9.650462409337567+0j)
13655,23.08.2019,23:00,32.0,(9.034620481786352+0j)
13656,24.08.2019,00:00,38.0,(9.567264627885733+0j)
13657,24.08.2019,01:00,34.0,(9.219051195842558+0j)
13658,24.08.2019,02:00,34.0,(9.219051195842558+0j)
13659,24.08.2019,03:00,37.0,(9.482594128751929+0j)
13660,24.08.2019,04:00,30.0,(8.84233584359671+0j)
13661,24.08.2019,05:00,33.0,(9.127767465531983+0j)
13662,24.08.2019,06:00,44.0,(10.0464080386713+0j)
13663,24.08.2019,07:00,33.0,(9.127767465531983+0j)
13664,24.08.2019,08:00,44.0,(10.0464080386713+0j)
13665,24.08.2019,09:00,18.0,(7.457914888057963+0j)
13666,24.08.2019,10:00,19.0,(7.593542967381978+0j)
13667,24.08.2019,11:00,25.0,(8.320956608290626+0j)
13668,24.08.2019,12:00,46.0,(10.19637653715948+0j)
13669,24.08.2019,13:00,55.0,(10.822164994364314+0j)
13670,24.08.2019,14:00,60.0,(11.140645059587433+0j)
13671,24.08.2019,15:00,61.0,(11.202196833891742+0j)
13672,24.08.2019,16:00,61.0,(11.202196833891742+0j)
13673,24.08.2019,17:00,64.0,(11.382908522813985+0j)
13674,24.08.2019,18:00,65.0,(11.441888376335278+0j)
13675,24.08.2019,19:00,57.0,(10.9517840818175+0j)
13676,24.08.2019,20:00,56.0,(10.887360331968232+0j)
13677,24.08.2019,21:00,52.0,(10.621708264608335+0j)
13678,24.08.2019,22:00,52.0,(10.621708264608335+0j)
13679,24.08.2019,23:00,33.0,(9.127767465531983+0j)
13680,25.08.2019,00:00,39.0,(9.650462409337567+0j)
13681,25.08.2019,01:00,32.0,(9.034620481786352+0j)
13682,25.08.2019,02:00,27.0,(8.537181392110488+0j)
13683,25.08.2019,03:00,27.0,(8.537181392110488+0j)
13684,25.08.2019,04:00,21.0,(7.851145380281553+0j)
13685,25.08.2019,05:00,28.0,(8.641303622061608+0j)
13686,25.08.2019,06:00,32.0,(9.034620481786352+0j)
13687,25.08.2019,07:00,27.0,(8.537181392110488+0j)
13688,25.08.2019,08:00,22.0,(7.9738393445443+0j)
13689,25.08.2019,09:00,21.0,(7.851145380281553+0j)
13690,25.08.2019,10:00,20.0,(7.724491855603646+0j)
13691,25.08.2019,11:00,15.0,(7.018166609990766+0j)
13692,25.08.2019,12:00,12.0,(6.515088753873438+0j)
13693,25.08.2019,13:00,20.0,(7.724491855603646+0j)
13694,25.08.2019,14:00,31.0,(8.939512150377235+0j)
13695,25.08.2019,15:00,40.0,(9.732249888616542+0j)
13696,25.08.2019,16:00,48.0,(10.34205874156488+0j)
13697,25.08.2019,17:00,43.0,(9.969714910096506+0j)
13698,25.08.2019,18:00,45.0,(10.121947777604984+0j)
13699,25.08.2019,19:00,41.0,(9.812685353516676+0j)
13700,25.08.2019,20:00,48.0,(10.34205874156488+0j)
13701,25.08.2019,21:00,42.0,(9.891823330401618+0j)
13702,25.08.2019,22:00,43.0,(9.969714910096506+0j)
13703,25.08.2019,23:00,37.0,(9.482594128751929+0j)
13704,26.08.2019,00:00,35.0,(9.308562145233848+0j)
13705,26.08.2019,01:00,34.0,(9.219051195842558+0j)
13706,26.08.2019,02:00,37.0,(9.482594128751929+0j)
13707,26.08.2019,03:00,35.0,(9.308562145233848+0j)
13708,26.08.2019,04:00,36.0,(9.396383955788593+0j)
13709,26.08.2019,05:00,32.0,(9.034620481786352+0j)
13710,26.08.2019,06:00,24.0,(8.208497462938503+0j)
13711,26.08.2019,07:00,24.0,(8.208497462938503+0j)
13712,26.08.2019,08:00,17.0,(7.317165783214581+0j)
13713,26.08.2019,09:00,14.0,(6.858607230018604+0j)
13714,26.08.2019,10:00,16.0,(7.170783028460548+0j)
13715,26.08.2019,11:00,21.0,(7.851145380281553+0j)
13716,26.08.2019,12:00,32.0,(9.034620481786352+0j)
13717,26.08.2019,13:00,38.0,(9.567264627885733+0j)
13718,26.08.2019,14:00,44.0,(10.0464080386713+0j)
13719,26.08.2019,15:00,50.0,(10.483748386047209+0j)
13720,26.08.2019,16:00,49.0,(10.41338553855059+0j)
13721,26.08.2019,17:00,63.0,(11.323311051132062+0j)
13722,26.08.2019,18:00,55.0,(10.822164994364314+0j)
13723,26.08.2019,19:00,50.0,(10.483748386047209+0j)
13724,26.08.2019,20:00,39.0,(9.650462409337567+0j)
13725,26.08.2019,21:00,44.0,(10.0464080386713+0j)
13726,26.08.2019,22:00,44.0,(10.0464080386713+0j)
13727,26.08.2019,23:00,50.0,(10.483748386047209+0j)
13728,27.08.2019,00:00,50.0,(10.483748386047209+0j)
13729,27.08.2019,01:00,45.0,(10.121947777604984+0j)
13730,27.08.2019,02:00,40.0,(9.732249888616542+0j)
13731,27.08.2019,03:00,37.0,(9.482594128751929+0j)
13732,27.08.2019,04:00,41.0,(9.812685353516676+0j)
13733,27.08.2019,05:00,51.0,(10.5531792067093+0j)
13734,27.08.2019,06:00,51.0,(10.5531792067093+0j)
13735,27.08.2019,07:00,49.0,(10.41338553855059+0j)
13736,27.08.2019,08:00,47.0,(10.269734286241032+0j)
13737,27.08.2019,09:00,55.0,(10.822164994364314+0j)
13738,27.08.2019,10:00,60.0,(11.140645059587433+0j)
13739,27.08.2019,11:00,58.0,(11.015458675840927+0j)
13740,27.08.2019,12:00,58.0,(11.015458675840927+0j)
13741,27.08.2019,13:00,57.0,(10.9517840818175+0j)
13742,27.08.2019,14:00,61.0,(11.202196833891742+0j)
13743,27.08.2019,15:00,55.0,(10.822164994364314+0j)
13744,27.08.2019,16:00,59.0,(11.078405520382008+0j)
13745,27.08.2019,17:00,59.0,(11.078405520382008+0j)
13746,27.08.2019,18:00,58.0,(11.015458675840927+0j)
13747,27.08.2019,19:00,55.0,(10.822164994364314+0j)
13748,27.08.2019,20:00,55.0,(10.822164994364314+0j)
13749,27.08.2019,21:00,49.0,(10.41338553855059+0j)
13750,27.08.2019,22:00,49.0,(10.41338553855059+0j)
13751,27.08.2019,23:00,48.0,(10.34205874156488+0j)
13752,28.08.2019,00:00,46.0,(10.19637653715948+0j)
13753,28.08.2019,01:00,48.0,(10.34205874156488+0j)
13754,28.08.2019,02:00,48.0,(10.34205874156488+0j)
13755,28.08.2019,03:00,47.0,(10.269734286241032+0j)
13756,28.08.2019,04:00,47.0,(10.269734286241032+0j)
13757,28.08.2019,05:00,46.0,(10.19637653715948+0j)
13758,28.08.2019,06:00,49.0,(10.41338553855059+0j)
13759,28.08.2019,07:00,52.0,(10.621708264608335+0j)
13760,28.08.2019,08:00,56.0,(10.887360331968232+0j)
13761,28.08.2019,09:00,52.0,(10.621708264608335+0j)
13762,28.08.2019,10:00,56.0,(10.887360331968232+0j)
13763,28.08.2019,11:00,57.0,(10.9517840818175+0j)
13764,28.08.2019,12:00,52.0,(10.621708264608335+0j)
13765,28.08.2019,13:00,55.0,(10.822164994364314+0j)
13766,28.08.2019,14:00,54.0,(10.756174542690822+0j)
13767,28.08.2019,15:00,55.0,(10.822164994364314+0j)
13768,28.08.2019,16:00,59.0,(11.078405520382008+0j)
13769,28.08.2019,17:00,63.0,(11.323311051132062+0j)
13770,28.08.2019,18:00,59.0,(11.078405520382008+0j)
13771,28.08.2019,19:00,59.0,(11.078405520382008+0j)
13772,28.08.2019,20:00,58.0,(11.015458675840927+0j)
13773,28.08.2019,21:00,58.0,(11.015458675840927+0j)
13774,28.08.2019,22:00,56.0,(10.887360331968232+0j)
13775,28.08.2019,23:00,52.0,(10.621708264608335+0j)
13776,29.08.2019,00:00,53.0,(10.689364281461948+0j)
13777,29.08.2019,01:00,54.0,(10.756174542690822+0j)
13778,29.08.2019,02:00,45.0,(10.121947777604984+0j)
13779,29.08.2019,03:00,47.0,(10.269734286241032+0j)
13780,29.08.2019,04:00,40.0,(9.732249888616542+0j)
13781,29.08.2019,05:00,33.0,(9.127767465531983+0j)
13782,29.08.2019,06:00,40.0,(9.732249888616542+0j)
13783,29.08.2019,07:00,42.0,(9.891823330401618+0j)
13784,29.08.2019,08:00,47.0,(10.269734286241032+0j)
13785,29.08.2019,09:00,46.0,(10.19637653715948+0j)
13786,29.08.2019,10:00,44.0,(10.0464080386713+0j)
13787,29.08.2019,11:00,34.0,(9.219051195842558+0j)
13788,29.08.2019,12:00,33.0,(9.127767465531983+0j)
13789,29.08.2019,13:00,36.0,(9.396383955788593+0j)
13790,29.08.2019,14:00,41.0,(9.812685353516676+0j)
13791,29.08.2019,15:00,38.0,(9.567264627885733+0j)
13792,29.08.2019,16:00,45.0,(10.121947777604984+0j)
13793,29.08.2019,17:00,53.0,(10.689364281461948+0j)
13794,29.08.2019,18:00,54.0,(10.756174542690822+0j)
13795,29.08.2019,19:00,55.0,(10.822164994364314+0j)
13796,29.08.2019,20:00,52.0,(10.621708264608335+0j)
13797,29.08.2019,21:00,53.0,(10.689364281461948+0j)
13798,29.08.2019,22:00,54.0,(10.756174542690822+0j)
13799,29.08.2019,23:00,50.0,(10.483748386047209+0j)
13800,30.08.2019,00:00,53.0,(10.689364281461948+0j)
13801,30.08.2019,01:00,50.0,(10.483748386047209+0j)
13802,30.08.2019,02:00,48.0,(10.34205874156488+0j)
13803,30.08.2019,03:00,52.0,(10.621708264608335+0j)
13804,30.08.2019,04:00,55.0,(10.822164994364314+0j)
13805,30.08.2019,05:00,50.0,(10.483748386047209+0j)
13806,30.08.2019,06:00,55.0,(10.822164994364314+0j)
13807,30.08.2019,07:00,60.0,(11.140645059587433+0j)
13808,30.08.2019,08:00,59.0,(11.078405520382008+0j)
13809,30.08.2019,09:00,59.0,(11.078405520382008+0j)
13810,30.08.2019,10:00,66.0,(11.500266368369322+0j)
13811,30.08.2019,11:00,64.0,(11.382908522813985+0j)
13812,30.08.2019,12:00,62.0,(11.263079534051261+0j)
13813,30.08.2019,13:00,61.0,(11.202196833891742+0j)
13814,30.08.2019,14:00,62.0,(11.263079534051261+0j)
13815,30.08.2019,15:00,62.0,(11.263079534051261+0j)
13816,30.08.2019,16:00,63.0,(11.323311051132062+0j)
13817,30.08.2019,17:00,66.0,(11.500266368369322+0j)
13818,30.08.2019,18:00,66.0,(11.500266368369322+0j)
13819,30.08.2019,19:00,64.0,(11.382908522813985+0j)
13820,30.08.2019,20:00,64.0,(11.382908522813985+0j)
13821,30.08.2019,21:00,58.0,(11.015458675840927+0j)
13822,30.08.2019,22:00,55.0,(10.822164994364314+0j)
13823,30.08.2019,23:00,50.0,(10.483748386047209+0j)
13824,31.08.2019,00:00,55.0,(10.822164994364314+0j)
13825,31.08.2019,01:00,56.0,(10.887360331968232+0j)
13826,31.08.2019,02:00,57.0,(10.9517840818175+0j)
13827,31.08.2019,03:00,59.0,(11.078405520382008+0j)
13828,31.08.2019,04:00,58.0,(11.015458675840927+0j)
13829,31.08.2019,05:00,56.0,(10.887360331968232+0j)
13830,31.08.2019,06:00,53.0,(10.689364281461948+0j)
13831,31.08.2019,07:00,56.0,(10.887360331968232+0j)
13832,31.08.2019,08:00,60.0,(11.140645059587433+0j)
13833,31.08.2019,09:00,58.0,(11.015458675840927+0j)
13834,31.08.2019,10:00,59.0,(11.078405520382008+0j)
13835,31.08.2019,11:00,55.0,(10.822164994364314+0j)
13836,31.08.2019,12:00,53.0,(10.689364281461948+0j)
13837,31.08.2019,13:00,47.0,(10.269734286241032+0j)
13838,31.08.2019,14:00,49.0,(10.41338553855059+0j)
13839,31.08.2019,15:00,47.0,(10.269734286241032+0j)
13840,31.08.2019,16:00,60.0,(11.140645059587433+0j)
13841,31.08.2019,17:00,60.0,(11.140645059587433+0j)
13842,31.08.2019,18:00,63.0,(11.323311051132062+0j)
13843,31.08.2019,19:00,55.0,(10.822164994364314+0j)
13844,31.08.2019,20:00,54.0,(10.756174542690822+0j)
13845,31.08.2019,21:00,53.0,(10.689364281461948+0j)
13846,31.08.2019,22:00,50.0,(10.483748386047209+0j)
13847,31.08.2019,23:00,42.0,(9.891823330401618+0j)
13848,01.09.2019,00:00,39.0,(9.650462409337567+0j)
13849,01.09.2019,01:00,39.0,(9.650462409337567+0j)
13850,01.09.2019,02:00,37.0,(9.482594128751929+0j)
13851,01.09.2019,03:00,42.0,(9.891823330401618+0j)
13852,01.09.2019,04:00,39.0,(9.650462409337567+0j)
13853,01.09.2019,05:00,42.0,(9.891823330401618+0j)
13854,01.09.2019,06:00,43.0,(9.969714910096506+0j)
13855,01.09.2019,07:00,47.0,(10.269734286241032+0j)
13856,01.09.2019,08:00,46.0,(10.19637653715948+0j)
13857,01.09.2019,09:00,51.0,(10.5531792067093+0j)
13858,01.09.2019,10:00,40.0,(9.732249888616542+0j)
13859,01.09.2019,11:00,36.0,(9.396383955788593+0j)
13860,01.09.2019,12:00,34.0,(9.219051195842558+0j)
13861,01.09.2019,13:00,28.0,(8.641303622061608+0j)
13862,01.09.2019,14:00,24.0,(8.208497462938503+0j)
13863,01.09.2019,15:00,28.0,(8.641303622061608+0j)
13864,01.09.2019,16:00,28.0,(8.641303622061608+0j)
13865,01.09.2019,17:00,33.0,(9.127767465531983+0j)
13866,01.09.2019,18:00,48.0,(10.34205874156488+0j)
13867,01.09.2019,19:00,54.0,(10.756174542690822+0j)
13868,01.09.2019,20:00,47.0,(10.269734286241032+0j)
13869,01.09.2019,21:00,50.0,(10.483748386047209+0j)
13870,01.09.2019,22:00,52.0,(10.621708264608335+0j)
13871,01.09.2019,23:00,50.0,(10.483748386047209+0j)
13872,02.09.2019,00:00,36.0,(9.396383955788593+0j)
13873,02.09.2019,01:00,33.0,(9.127767465531983+0j)
13874,02.09.2019,02:00,34.0,(9.219051195842558+0j)
13875,02.09.2019,03:00,37.0,(9.482594128751929+0j)
13876,02.09.2019,04:00,43.0,(9.969714910096506+0j)
13877,02.09.2019,05:00,44.0,(10.0464080386713+0j)
13878,02.09.2019,06:00,46.0,(10.19637653715948+0j)
13879,02.09.2019,07:00,54.0,(10.756174542690822+0j)
13880,02.09.2019,08:00,49.0,(10.41338553855059+0j)
13881,02.09.2019,09:00,54.0,(10.756174542690822+0j)
13882,02.09.2019,10:00,34.0,(9.219051195842558+0j)
13883,02.09.2019,11:00,24.0,(8.208497462938503+0j)
13884,02.09.2019,12:00,20.0,(7.724491855603646+0j)
13885,02.09.2019,13:00,16.0,(7.170783028460548+0j)
13886,02.09.2019,14:00,22.0,(7.9738393445443+0j)
13887,02.09.2019,15:00,16.0,(7.170783028460548+0j)
13888,02.09.2019,16:00,22.0,(7.9738393445443+0j)
13889,02.09.2019,17:00,39.0,(9.650462409337567+0j)
13890,02.09.2019,18:00,43.0,(9.969714910096506+0j)
13891,02.09.2019,19:00,43.0,(9.969714910096506+0j)
13892,02.09.2019,20:00,42.0,(9.891823330401618+0j)
13893,02.09.2019,21:00,40.0,(9.732249888616542+0j)
13894,02.09.2019,22:00,42.0,(9.891823330401618+0j)
13895,02.09.2019,23:00,44.0,(10.0464080386713+0j)
13896,03.09.2019,00:00,40.0,(9.732249888616542+0j)
13897,03.09.2019,01:00,35.0,(9.308562145233848+0j)
13898,03.09.2019,02:00,37.0,(9.482594128751929+0j)
13899,03.09.2019,03:00,37.0,(9.482594128751929+0j)
13900,03.09.2019,04:00,30.0,(8.84233584359671+0j)
13901,03.09.2019,05:00,38.0,(9.567264627885733+0j)
13902,03.09.2019,06:00,41.0,(9.812685353516676+0j)
13903,03.09.2019,07:00,37.0,(9.482594128751929+0j)
13904,03.09.2019,08:00,37.0,(9.482594128751929+0j)
13905,03.09.2019,09:00,40.0,(9.732249888616542+0j)
13906,03.09.2019,10:00,34.0,(9.219051195842558+0j)
13907,03.09.2019,11:00,34.0,(9.219051195842558+0j)
13908,03.09.2019,12:00,32.0,(9.034620481786352+0j)
13909,03.09.2019,13:00,30.0,(8.84233584359671+0j)
13910,03.09.2019,14:00,36.0,(9.396383955788593+0j)
13911,03.09.2019,15:00,35.0,(9.308562145233848+0j)
13912,03.09.2019,16:00,56.0,(10.887360331968232+0j)
13913,03.09.2019,17:00,56.0,(10.887360331968232+0j)
13914,03.09.2019,18:00,60.0,(11.140645059587433+0j)
13915,03.09.2019,19:00,55.0,(10.822164994364314+0j)
13916,03.09.2019,20:00,45.0,(10.121947777604984+0j)
13917,03.09.2019,21:00,45.0,(10.121947777604984+0j)
13918,03.09.2019,22:00,48.0,(10.34205874156488+0j)
13919,03.09.2019,23:00,52.0,(10.621708264608335+0j)
13920,04.09.2019,00:00,45.0,(10.121947777604984+0j)
13921,04.09.2019,01:00,48.0,(10.34205874156488+0j)
13922,04.09.2019,02:00,53.0,(10.689364281461948+0j)
13923,04.09.2019,03:00,52.0,(10.621708264608335+0j)
13924,04.09.2019,04:00,53.0,(10.689364281461948+0j)
13925,04.09.2019,05:00,52.0,(10.621708264608335+0j)
13926,04.09.2019,06:00,55.0,(10.822164994364314+0j)
13927,04.09.2019,07:00,62.0,(11.263079534051261+0j)
13928,04.09.2019,08:00,56.0,(10.887360331968232+0j)
13929,04.09.2019,09:00,60.0,(11.140645059587433+0j)
13930,04.09.2019,10:00,63.0,(11.323311051132062+0j)
13931,04.09.2019,11:00,60.0,(11.140645059587433+0j)
13932,04.09.2019,12:00,59.0,(11.078405520382008+0j)
13933,04.09.2019,13:00,63.0,(11.323311051132062+0j)
13934,04.09.2019,14:00,58.0,(11.015458675840927+0j)
13935,04.09.2019,15:00,62.0,(11.263079534051261+0j)
13936,04.09.2019,16:00,63.0,(11.323311051132062+0j)
13937,04.09.2019,17:00,62.0,(11.263079534051261+0j)
13938,04.09.2019,18:00,60.0,(11.140645059587433+0j)
13939,04.09.2019,19:00,60.0,(11.140645059587433+0j)
13940,04.09.2019,20:00,60.0,(11.140645059587433+0j)
13941,04.09.2019,21:00,49.0,(10.41338553855059+0j)
13942,04.09.2019,22:00,45.0,(10.121947777604984+0j)
13943,04.09.2019,23:00,48.0,(10.34205874156488+0j)
13944,05.09.2019,00:00,44.0,(10.0464080386713+0j)
13945,05.09.2019,01:00,37.0,(9.482594128751929+0j)
13946,05.09.2019,02:00,34.0,(9.219051195842558+0j)
13947,05.09.2019,03:00,43.0,(9.969714910096506+0j)
13948,05.09.2019,04:00,42.0,(9.891823330401618+0j)
13949,05.09.2019,05:00,41.0,(9.812685353516676+0j)
13950,05.09.2019,06:00,49.0,(10.41338553855059+0j)
13951,05.09.2019,07:00,47.0,(10.269734286241032+0j)
13952,05.09.2019,08:00,51.0,(10.5531792067093+0j)
13953,05.09.2019,09:00,46.0,(10.19637653715948+0j)
13954,05.09.2019,10:00,57.0,(10.9517840818175+0j)
13955,05.09.2019,11:00,58.0,(11.015458675840927+0j)
13956,05.09.2019,12:00,43.0,(9.969714910096506+0j)
13957,05.09.2019,13:00,34.0,(9.219051195842558+0j)
13958,05.09.2019,14:00,27.0,(8.537181392110488+0j)
13959,05.09.2019,15:00,40.0,(9.732249888616542+0j)
13960,05.09.2019,16:00,56.0,(10.887360331968232+0j)
13961,05.09.2019,17:00,55.0,(10.822164994364314+0j)
13962,05.09.2019,18:00,56.0,(10.887360331968232+0j)
13963,05.09.2019,19:00,52.0,(10.621708264608335+0j)
13964,05.09.2019,20:00,52.0,(10.621708264608335+0j)
13965,05.09.2019,21:00,58.0,(11.015458675840927+0j)
13966,05.09.2019,22:00,45.0,(10.121947777604984+0j)
13967,05.09.2019,23:00,37.0,(9.482594128751929+0j)
13968,06.09.2019,00:00,27.0,(8.537181392110488+0j)
13969,06.09.2019,01:00,21.0,(7.851145380281553+0j)
13970,06.09.2019,02:00,20.0,(7.724491855603646+0j)
13971,06.09.2019,03:00,19.0,(7.593542967381978+0j)
13972,06.09.2019,04:00,27.0,(8.537181392110488+0j)
13973,06.09.2019,05:00,33.0,(9.127767465531983+0j)
13974,06.09.2019,06:00,37.0,(9.482594128751929+0j)
13975,06.09.2019,07:00,47.0,(10.269734286241032+0j)
13976,06.09.2019,08:00,47.0,(10.269734286241032+0j)
13977,06.09.2019,09:00,54.0,(10.756174542690822+0j)
13978,06.09.2019,10:00,46.0,(10.19637653715948+0j)
13979,06.09.2019,11:00,46.0,(10.19637653715948+0j)
13980,06.09.2019,12:00,49.0,(10.41338553855059+0j)
13981,06.09.2019,13:00,42.0,(9.891823330401618+0j)
13982,06.09.2019,14:00,31.0,(8.939512150377235+0j)
13983,06.09.2019,15:00,38.0,(9.567264627885733+0j)
13984,06.09.2019,16:00,53.0,(10.689364281461948+0j)
13985,06.09.2019,17:00,50.0,(10.483748386047209+0j)
13986,06.09.2019,18:00,56.0,(10.887360331968232+0j)
13987,06.09.2019,19:00,58.0,(11.015458675840927+0j)
13988,06.09.2019,20:00,55.0,(10.822164994364314+0j)
13989,06.09.2019,21:00,52.0,(10.621708264608335+0j)
13990,06.09.2019,22:00,51.0,(10.5531792067093+0j)
13991,06.09.2019,23:00,44.0,(10.0464080386713+0j)
13992,07.09.2019,00:00,48.0,(10.34205874156488+0j)
13993,07.09.2019,01:00,40.0,(9.732249888616542+0j)
13994,07.09.2019,02:00,38.0,(9.567264627885733+0j)
13995,07.09.2019,03:00,38.0,(9.567264627885733+0j)
13996,07.09.2019,04:00,47.0,(10.269734286241032+0j)
13997,07.09.2019,05:00,44.0,(10.0464080386713+0j)
13998,07.09.2019,06:00,50.0,(10.483748386047209+0j)
13999,07.09.2019,07:00,56.0,(10.887360331968232+0j)
14000,07.09.2019,08:00,60.0,(11.140645059587433+0j)
14001,07.09.2019,09:00,54.0,(10.756174542690822+0j)
14002,07.09.2019,10:00,47.0,(10.269734286241032+0j)
14003,07.09.2019,11:00,50.0,(10.483748386047209+0j)
14004,07.09.2019,12:00,35.0,(9.308562145233848+0j)
14005,07.09.2019,13:00,33.0,(9.127767465531983+0j)
14006,07.09.2019,14:00,34.0,(9.219051195842558+0j)
14007,07.09.2019,15:00,40.0,(9.732249888616542+0j)
14008,07.09.2019,16:00,41.0,(9.812685353516676+0j)
14009,07.09.2019,17:00,56.0,(10.887360331968232+0j)
14010,07.09.2019,18:00,52.0,(10.621708264608335+0j)
14011,07.09.2019,19:00,50.0,(10.483748386047209+0j)
14012,07.09.2019,20:00,49.0,(10.41338553855059+0j)
14013,07.09.2019,21:00,55.0,(10.822164994364314+0j)
14014,07.09.2019,22:00,48.0,(10.34205874156488+0j)
14015,07.09.2019,23:00,42.0,(9.891823330401618+0j)
14016,08.09.2019,00:00,41.0,(9.812685353516676+0j)
14017,08.09.2019,01:00,43.0,(9.969714910096506+0j)
14018,08.09.2019,02:00,39.0,(9.650462409337567+0j)
14019,08.09.2019,03:00,39.0,(9.650462409337567+0j)
14020,08.09.2019,04:00,41.0,(9.812685353516676+0j)
14021,08.09.2019,05:00,47.0,(10.269734286241032+0j)
14022,08.09.2019,06:00,51.0,(10.5531792067093+0j)
14023,08.09.2019,07:00,47.0,(10.269734286241032+0j)
14024,08.09.2019,08:00,47.0,(10.269734286241032+0j)
14025,08.09.2019,09:00,53.0,(10.689364281461948+0j)
14026,08.09.2019,10:00,53.0,(10.689364281461948+0j)
14027,08.09.2019,11:00,52.0,(10.621708264608335+0j)
14028,08.09.2019,12:00,54.0,(10.756174542690822+0j)
14029,08.09.2019,13:00,30.0,(8.84233584359671+0j)
14030,08.09.2019,14:00,47.0,(10.269734286241032+0j)
14031,08.09.2019,15:00,52.0,(10.621708264608335+0j)
14032,08.09.2019,16:00,59.0,(11.078405520382008+0j)
14033,08.09.2019,17:00,59.0,(11.078405520382008+0j)
14034,08.09.2019,18:00,62.0,(11.263079534051261+0j)
14035,08.09.2019,19:00,58.0,(11.015458675840927+0j)
14036,08.09.2019,20:00,58.0,(11.015458675840927+0j)
14037,08.09.2019,21:00,56.0,(10.887360331968232+0j)
14038,08.09.2019,22:00,58.0,(11.015458675840927+0j)
14039,08.09.2019,23:00,61.0,(11.202196833891742+0j)
14040,09.09.2019,00:00,54.0,(10.756174542690822+0j)
14041,09.09.2019,01:00,59.0,(11.078405520382008+0j)
14042,09.09.2019,02:00,52.0,(10.621708264608335+0j)
14043,09.09.2019,03:00,50.0,(10.483748386047209+0j)
14044,09.09.2019,04:00,49.0,(10.41338553855059+0j)
14045,09.09.2019,05:00,50.0,(10.483748386047209+0j)
14046,09.09.2019,06:00,54.0,(10.756174542690822+0j)
14047,09.09.2019,07:00,51.0,(10.5531792067093+0j)
14048,09.09.2019,08:00,53.0,(10.689364281461948+0j)
14049,09.09.2019,09:00,50.0,(10.483748386047209+0j)
14050,09.09.2019,10:00,45.0,(10.121947777604984+0j)
14051,09.09.2019,11:00,43.0,(9.969714910096506+0j)
14052,09.09.2019,12:00,38.0,(9.567264627885733+0j)
14053,09.09.2019,13:00,24.0,(8.208497462938503+0j)
14054,09.09.2019,14:00,24.0,(8.208497462938503+0j)
14055,09.09.2019,15:00,32.0,(9.034620481786352+0j)
14056,09.09.2019,16:00,45.0,(10.121947777604984+0j)
14057,09.09.2019,17:00,61.0,(11.202196833891742+0j)
14058,09.09.2019,18:00,55.0,(10.822164994364314+0j)
14059,09.09.2019,19:00,57.0,(10.9517840818175+0j)
14060,09.09.2019,20:00,50.0,(10.483748386047209+0j)
14061,09.09.2019,21:00,50.0,(10.483748386047209+0j)
14062,09.09.2019,22:00,43.0,(9.969714910096506+0j)
14063,09.09.2019,23:00,43.0,(9.969714910096506+0j)
14064,10.09.2019,00:00,44.0,(10.0464080386713+0j)
14065,10.09.2019,01:00,43.0,(9.969714910096506+0j)
14066,10.09.2019,02:00,44.0,(10.0464080386713+0j)
14067,10.09.2019,03:00,30.0,(8.84233584359671+0j)
14068,10.09.2019,04:00,29.0,(8.74297534497106+0j)
14069,10.09.2019,05:00,32.0,(9.034620481786352+0j)
14070,10.09.2019,06:00,41.0,(9.812685353516676+0j)
14071,10.09.2019,07:00,44.0,(10.0464080386713+0j)
14072,10.09.2019,08:00,43.0,(9.969714910096506+0j)
14073,10.09.2019,09:00,55.0,(10.822164994364314+0j)
14074,10.09.2019,10:00,53.0,(10.689364281461948+0j)
14075,10.09.2019,11:00,30.0,(8.84233584359671+0j)
14076,10.09.2019,12:00,40.0,(9.732249888616542+0j)
14077,10.09.2019,13:00,36.0,(9.396383955788593+0j)
14078,10.09.2019,14:00,41.0,(9.812685353516676+0j)
14079,10.09.2019,15:00,34.0,(9.219051195842558+0j)
14080,10.09.2019,16:00,41.0,(9.812685353516676+0j)
14081,10.09.2019,17:00,52.0,(10.621708264608335+0j)
14082,10.09.2019,18:00,55.0,(10.822164994364314+0j)
14083,10.09.2019,19:00,46.0,(10.19637653715948+0j)
14084,10.09.2019,20:00,42.0,(9.891823330401618+0j)
14085,10.09.2019,21:00,40.0,(9.732249888616542+0j)
14086,10.09.2019,22:00,39.0,(9.650462409337567+0j)
14087,10.09.2019,23:00,33.0,(9.127767465531983+0j)
14088,11.09.2019,00:00,23.0,(8.092869420675413+0j)
14089,11.09.2019,01:00,23.0,(8.092869420675413+0j)
14090,11.09.2019,02:00,42.0,(9.891823330401618+0j)
14091,11.09.2019,03:00,37.0,(9.482594128751929+0j)
14092,11.09.2019,04:00,33.0,(9.127767465531983+0j)
14093,11.09.2019,05:00,42.0,(9.891823330401618+0j)
14094,11.09.2019,06:00,41.0,(9.812685353516676+0j)
14095,11.09.2019,07:00,35.0,(9.308562145233848+0j)
14096,11.09.2019,08:00,33.0,(9.127767465531983+0j)
14097,11.09.2019,09:00,25.0,(8.320956608290626+0j)
14098,11.09.2019,10:00,20.0,(7.724491855603646+0j)
14099,11.09.2019,11:00,14.0,(6.858607230018604+0j)
14100,11.09.2019,12:00,22.0,(7.9738393445443+0j)
14101,11.09.2019,13:00,12.0,(6.515088753873438+0j)
14102,11.09.2019,14:00,15.0,(7.018166609990766+0j)
14103,11.09.2019,15:00,19.0,(7.593542967381978+0j)
14104,11.09.2019,16:00,35.0,(9.308562145233848+0j)
14105,11.09.2019,17:00,45.0,(10.121947777604984+0j)
14106,11.09.2019,18:00,44.0,(10.0464080386713+0j)
14107,11.09.2019,19:00,45.0,(10.121947777604984+0j)
14108,11.09.2019,20:00,43.0,(9.969714910096506+0j)
14109,11.09.2019,21:00,47.0,(10.269734286241032+0j)
14110,11.09.2019,22:00,51.0,(10.5531792067093+0j)
14111,11.09.2019,23:00,41.0,(9.812685353516676+0j)
14112,12.09.2019,00:00,49.0,(10.41338553855059+0j)
14113,12.09.2019,01:00,40.0,(9.732249888616542+0j)
14114,12.09.2019,02:00,37.0,(9.482594128751929+0j)
14115,12.09.2019,03:00,33.0,(9.127767465531983+0j)
14116,12.09.2019,04:00,40.0,(9.732249888616542+0j)
14117,12.09.2019,05:00,49.0,(10.41338553855059+0j)
14118,12.09.2019,06:00,58.0,(11.015458675840927+0j)
14119,12.09.2019,07:00,52.0,(10.621708264608335+0j)
14120,12.09.2019,08:00,56.0,(10.887360331968232+0j)
14121,12.09.2019,09:00,55.0,(10.822164994364314+0j)
14122,12.09.2019,10:00,45.0,(10.121947777604984+0j)
14123,12.09.2019,11:00,35.0,(9.308562145233848+0j)
14124,12.09.2019,12:00,42.0,(9.891823330401618+0j)
14125,12.09.2019,13:00,36.0,(9.396383955788593+0j)
14126,12.09.2019,14:00,49.0,(10.41338553855059+0j)
14127,12.09.2019,15:00,52.0,(10.621708264608335+0j)
14128,12.09.2019,16:00,65.0,(11.441888376335278+0j)
14129,12.09.2019,17:00,67.0,(11.55805762209552+0j)
14130,12.09.2019,18:00,64.0,(11.382908522813985+0j)
14131,12.09.2019,19:00,64.0,(11.382908522813985+0j)
14132,12.09.2019,20:00,62.0,(11.263079534051261+0j)
14133,12.09.2019,21:00,63.0,(11.323311051132062+0j)
14134,12.09.2019,22:00,63.0,(11.323311051132062+0j)
14135,12.09.2019,23:00,67.0,(11.55805762209552+0j)
14136,13.09.2019,00:00,67.0,(11.55805762209552+0j)
14137,13.09.2019,01:00,60.0,(11.140645059587433+0j)
14138,13.09.2019,02:00,62.0,(11.263079534051261+0j)
14139,13.09.2019,03:00,61.0,(11.202196833891742+0j)
14140,13.09.2019,04:00,60.0,(11.140645059587433+0j)
14141,13.09.2019,05:00,68.0,(11.615276661700541+0j)
14142,13.09.2019,06:00,67.0,(11.55805762209552+0j)
14143,13.09.2019,07:00,67.0,(11.55805762209552+0j)
14144,13.09.2019,08:00,67.0,(11.55805762209552+0j)
14145,13.09.2019,09:00,60.0,(11.140645059587433+0j)
14146,13.09.2019,10:00,61.0,(11.202196833891742+0j)
14147,13.09.2019,11:00,60.0,(11.140645059587433+0j)
14148,13.09.2019,12:00,52.0,(10.621708264608335+0j)
14149,13.09.2019,13:00,54.0,(10.756174542690822+0j)
14150,13.09.2019,14:00,57.0,(10.9517840818175+0j)
14151,13.09.2019,15:00,61.0,(11.202196833891742+0j)
14152,13.09.2019,16:00,66.0,(11.500266368369322+0j)
14153,13.09.2019,17:00,67.0,(11.55805762209552+0j)
14154,13.09.2019,18:00,65.0,(11.441888376335278+0j)
14155,13.09.2019,19:00,67.0,(11.55805762209552+0j)
14156,13.09.2019,20:00,65.0,(11.441888376335278+0j)
14157,13.09.2019,21:00,59.0,(11.078405520382008+0j)
14158,13.09.2019,22:00,65.0,(11.441888376335278+0j)
14159,13.09.2019,23:00,67.0,(11.55805762209552+0j)
14160,14.09.2019,00:00,66.0,(11.500266368369322+0j)
14161,14.09.2019,01:00,65.0,(11.441888376335278+0j)
14162,14.09.2019,02:00,69.0,(11.671937444523078+0j)
14163,14.09.2019,03:00,67.0,(11.55805762209552+0j)
14164,14.09.2019,04:00,57.0,(10.9517840818175+0j)
14165,14.09.2019,05:00,54.0,(10.756174542690822+0j)
14166,14.09.2019,06:00,61.0,(11.202196833891742+0j)
14167,14.09.2019,07:00,69.0,(11.671937444523078+0j)
14168,14.09.2019,08:00,69.0,(11.671937444523078+0j)
14169,14.09.2019,09:00,69.0,(11.671937444523078+0j)
14170,14.09.2019,10:00,62.0,(11.263079534051261+0j)
14171,14.09.2019,11:00,67.0,(11.55805762209552+0j)
14172,14.09.2019,12:00,67.0,(11.55805762209552+0j)
14173,14.09.2019,13:00,68.0,(11.615276661700541+0j)
14174,14.09.2019,14:00,69.0,(11.671937444523078+0j)
14175,14.09.2019,15:00,69.0,(11.671937444523078+0j)
14176,14.09.2019,16:00,69.0,(11.671937444523078+0j)
14177,14.09.2019,17:00,63.0,(11.323311051132062+0j)
14178,14.09.2019,18:00,52.0,(10.621708264608335+0j)
14179,14.09.2019,19:00,56.0,(10.887360331968232+0j)
14180,14.09.2019,20:00,64.0,(11.382908522813985+0j)
14181,14.09.2019,21:00,68.0,(11.615276661700541+0j)
14182,14.09.2019,22:00,69.0,(11.671937444523078+0j)
14183,14.09.2019,23:00,67.0,(11.55805762209552+0j)
14184,15.09.2019,00:00,68.0,(11.615276661700541+0j)
14185,15.09.2019,01:00,69.0,(11.671937444523078+0j)
14186,15.09.2019,02:00,63.0,(11.323311051132062+0j)
14187,15.09.2019,03:00,69.0,(11.671937444523078+0j)
14188,15.09.2019,04:00,68.0,(11.615276661700541+0j)
14189,15.09.2019,05:00,69.0,(11.671937444523078+0j)
14190,15.09.2019,06:00,68.0,(11.615276661700541+0j)
14191,15.09.2019,07:00,69.0,(11.671937444523078+0j)
14192,15.09.2019,08:00,64.0,(11.382908522813985+0j)
14193,15.09.2019,09:00,66.0,(11.500266368369322+0j)
14194,15.09.2019,10:00,67.0,(11.55805762209552+0j)
14195,15.09.2019,11:00,68.0,(11.615276661700541+0j)
14196,15.09.2019,12:00,68.0,(11.615276661700541+0j)
14197,15.09.2019,13:00,69.0,(11.671937444523078+0j)
14198,15.09.2019,14:00,65.0,(11.441888376335278+0j)
14199,15.09.2019,15:00,69.0,(11.671937444523078+0j)
14200,15.09.2019,16:00,69.0,(11.671937444523078+0j)
14201,15.09.2019,17:00,69.0,(11.671937444523078+0j)
14202,15.09.2019,18:00,68.0,(11.615276661700541+0j)
14203,15.09.2019,19:00,69.0,(11.671937444523078+0j)
14204,15.09.2019,20:00,69.0,(11.671937444523078+0j)
14205,15.09.2019,21:00,68.0,(11.615276661700541+0j)
14206,15.09.2019,22:00,65.0,(11.441888376335278+0j)
14207,15.09.2019,23:00,60.0,(11.140645059587433+0j)
14208,16.09.2019,00:00,52.0,(10.621708264608335+0j)
14209,16.09.2019,01:00,53.0,(10.689364281461948+0j)
14210,16.09.2019,02:00,47.0,(10.269734286241032+0j)
14211,16.09.2019,03:00,23.0,(8.092869420675413+0j)
14212,16.09.2019,04:00,49.0,(10.41338553855059+0j)
14213,16.09.2019,05:00,44.0,(10.0464080386713+0j)
14214,16.09.2019,06:00,38.0,(9.567264627885733+0j)
14215,16.09.2019,07:00,35.0,(9.308562145233848+0j)
14216,16.09.2019,08:00,40.0,(9.732249888616542+0j)
14217,16.09.2019,09:00,37.0,(9.482594128751929+0j)
14218,16.09.2019,10:00,24.0,(8.208497462938503+0j)
14219,16.09.2019,11:00,6.0,(5.171029370782441+0j)
14220,16.09.2019,12:00,8.0,(5.691454261406992+0j)
14221,16.09.2019,13:00,24.0,(8.208497462938503+0j)
14222,16.09.2019,14:00,18.0,(7.457914888057963+0j)
14223,16.09.2019,15:00,20.0,(7.724491855603646+0j)
14224,16.09.2019,16:00,13.0,(6.691256914211192+0j)
14225,16.09.2019,17:00,21.0,(7.851145380281553+0j)
14226,16.09.2019,18:00,15.0,(7.018166609990766+0j)
14227,16.09.2019,19:00,22.0,(7.9738393445443+0j)
14228,16.09.2019,20:00,36.0,(9.396383955788593+0j)
14229,16.09.2019,21:00,28.0,(8.641303622061608+0j)
14230,16.09.2019,22:00,19.0,(7.593542967381978+0j)
14231,16.09.2019,23:00,29.0,(8.74297534497106+0j)
14232,17.09.2019,00:00,31.0,(8.939512150377235+0j)
14233,17.09.2019,01:00,23.0,(8.092869420675413+0j)
14234,17.09.2019,02:00,20.0,(7.724491855603646+0j)
14235,17.09.2019,03:00,15.0,(7.018166609990766+0j)
14236,17.09.2019,04:00,2.0,(3.585391514230274+0j)
14237,17.09.2019,05:00,2.0,(3.585391514230274+0j)
14238,17.09.2019,06:00,0.0,0j
14239,17.09.2019,07:00,1.0,(2.845727130703496+0j)
14240,17.09.2019,08:00,0.0,0j
14241,17.09.2019,09:00,0.0,0j
14242,17.09.2019,10:00,0.0,0j
14243,17.09.2019,11:00,0.0,0j
14244,17.09.2019,12:00,0.0,0j
14245,17.09.2019,13:00,0.0,0j
14246,17.09.2019,14:00,0.0,0j
14247,17.09.2019,15:00,0.0,0j
14248,17.09.2019,16:00,1.0,(2.845727130703496+0j)
14249,17.09.2019,17:00,3.0,(4.1042487314692515+0j)
14250,17.09.2019,18:00,1.0,(2.845727130703496+0j)
14251,17.09.2019,19:00,5.0,(4.866124944308272+0j)
14252,17.09.2019,20:00,0.0,0j
14253,17.09.2019,21:00,0.0,0j
14254,17.09.2019,22:00,0.0,0j
14255,17.09.2019,23:00,0.0,0j
14256,18.09.2019,00:00,0.0,0j
14257,18.09.2019,01:00,0.0,0j
14258,18.09.2019,02:00,0.0,0j
14259,18.09.2019,03:00,0.0,0j
14260,18.09.2019,04:00,0.0,0j
14261,18.09.2019,05:00,0.0,0j
14262,18.09.2019,06:00,0.0,0j
14263,18.09.2019,07:00,0.0,0j
14264,18.09.2019,08:00,0.0,0j
14265,18.09.2019,09:00,0.0,0j
14266,18.09.2019,10:00,0.0,0j
14267,18.09.2019,11:00,0.0,0j
14268,18.09.2019,12:00,0.0,0j
14269,18.09.2019,13:00,0.0,0j
14270,18.09.2019,14:00,0.0,0j
14271,18.09.2019,15:00,0.0,0j
14272,18.09.2019,16:00,6.0,(5.171029370782441+0j)
14273,18.09.2019,17:00,6.0,(5.171029370782441+0j)
14274,18.09.2019,18:00,3.0,(4.1042487314692515+0j)
14275,18.09.2019,19:00,3.0,(4.1042487314692515+0j)
14276,18.09.2019,20:00,1.0,(2.845727130703496+0j)
14277,18.09.2019,21:00,0.0,0j
14278,18.09.2019,22:00,0.0,0j
14279,18.09.2019,23:00,0.0,0j
14280,19.09.2019,00:00,0.0,0j
14281,19.09.2019,01:00,0.0,0j
14282,19.09.2019,02:00,0.0,0j
14283,19.09.2019,03:00,10.0,(6.130933248752508+0j)
14284,19.09.2019,04:00,20.0,(7.724491855603646+0j)
14285,19.09.2019,05:00,20.0,(7.724491855603646+0j)
14286,19.09.2019,06:00,12.0,(6.515088753873438+0j)
14287,19.09.2019,07:00,8.0,(5.691454261406992+0j)
14288,19.09.2019,08:00,7.0,(5.443680165984116+0j)
14289,19.09.2019,09:00,4.0,(4.517310240893176+0j)
14290,19.09.2019,10:00,1.0,(2.845727130703496+0j)
14291,19.09.2019,11:00,1.0,(2.845727130703496+0j)
14292,19.09.2019,12:00,2.0,(3.585391514230274+0j)
14293,19.09.2019,13:00,2.0,(3.585391514230274+0j)
14294,19.09.2019,14:00,10.0,(6.130933248752508+0j)
14295,19.09.2019,15:00,5.0,(4.866124944308272+0j)
14296,19.09.2019,16:00,8.0,(5.691454261406992+0j)
14297,19.09.2019,17:00,6.0,(5.171029370782441+0j)
14298,19.09.2019,18:00,8.0,(5.691454261406992+0j)
14299,19.09.2019,19:00,30.0,(8.84233584359671+0j)
14300,19.09.2019,20:00,34.0,(9.219051195842558+0j)
14301,19.09.2019,21:00,35.0,(9.308562145233848+0j)
14302,19.09.2019,22:00,32.0,(9.034620481786352+0j)
14303,19.09.2019,23:00,32.0,(9.034620481786352+0j)
14304,20.09.2019,00:00,27.0,(8.537181392110488+0j)
14305,20.09.2019,01:00,18.0,(7.457914888057963+0j)
14306,20.09.2019,02:00,18.0,(7.457914888057963+0j)
14307,20.09.2019,03:00,10.0,(6.130933248752508+0j)
14308,20.09.2019,04:00,10.0,(6.130933248752508+0j)
14309,20.09.2019,05:00,12.0,(6.515088753873438+0j)
14310,20.09.2019,06:00,15.0,(7.018166609990766+0j)
14311,20.09.2019,07:00,17.0,(7.317165783214581+0j)
14312,20.09.2019,08:00,10.0,(6.130933248752508+0j)
14313,20.09.2019,09:00,12.0,(6.515088753873438+0j)
14314,20.09.2019,10:00,14.0,(6.858607230018604+0j)
14315,20.09.2019,11:00,13.0,(6.691256914211192+0j)
14316,20.09.2019,12:00,35.0,(9.308562145233848+0j)
14317,20.09.2019,13:00,43.0,(9.969714910096506+0j)
14318,20.09.2019,14:00,46.0,(10.19637653715948+0j)
14319,20.09.2019,15:00,50.0,(10.483748386047209+0j)
14320,20.09.2019,16:00,51.0,(10.5531792067093+0j)
14321,20.09.2019,17:00,55.0,(10.822164994364314+0j)
14322,20.09.2019,18:00,53.0,(10.689364281461948+0j)
14323,20.09.2019,19:00,53.0,(10.689364281461948+0j)
14324,20.09.2019,20:00,50.0,(10.483748386047209+0j)
14325,20.09.2019,21:00,58.0,(11.015458675840927+0j)
14326,20.09.2019,22:00,56.0,(10.887360331968232+0j)
14327,20.09.2019,23:00,63.0,(11.323311051132062+0j)
14328,21.09.2019,00:00,61.0,(11.202196833891742+0j)
14329,21.09.2019,01:00,58.0,(11.015458675840927+0j)
14330,21.09.2019,02:00,57.0,(10.9517840818175+0j)
14331,21.09.2019,03:00,56.0,(10.887360331968232+0j)
14332,21.09.2019,04:00,54.0,(10.756174542690822+0j)
14333,21.09.2019,05:00,60.0,(11.140645059587433+0j)
14334,21.09.2019,06:00,55.0,(10.822164994364314+0j)
14335,21.09.2019,07:00,58.0,(11.015458675840927+0j)
14336,21.09.2019,08:00,59.0,(11.078405520382008+0j)
14337,21.09.2019,09:00,60.0,(11.140645059587433+0j)
14338,21.09.2019,10:00,63.0,(11.323311051132062+0j)
14339,21.09.2019,11:00,61.0,(11.202196833891742+0j)
14340,21.09.2019,12:00,63.0,(11.323311051132062+0j)
14341,21.09.2019,13:00,63.0,(11.323311051132062+0j)
14342,21.09.2019,14:00,64.0,(11.382908522813985+0j)
14343,21.09.2019,15:00,64.0,(11.382908522813985+0j)
14344,21.09.2019,16:00,64.0,(11.382908522813985+0j)
14345,21.09.2019,17:00,63.0,(11.323311051132062+0j)
14346,21.09.2019,18:00,64.0,(11.382908522813985+0j)
14347,21.09.2019,19:00,60.0,(11.140645059587433+0j)
14348,21.09.2019,20:00,61.0,(11.202196833891742+0j)
14349,21.09.2019,21:00,61.0,(11.202196833891742+0j)
14350,21.09.2019,22:00,60.0,(11.140645059587433+0j)
14351,21.09.2019,23:00,61.0,(11.202196833891742+0j)
14352,22.09.2019,00:00,59.0,(11.078405520382008+0j)
14353,22.09.2019,01:00,56.0,(10.887360331968232+0j)
14354,22.09.2019,02:00,58.0,(11.015458675840927+0j)
14355,22.09.2019,03:00,58.0,(11.015458675840927+0j)
14356,22.09.2019,04:00,54.0,(10.756174542690822+0j)
14357,22.09.2019,05:00,47.0,(10.269734286241032+0j)
14358,22.09.2019,06:00,47.0,(10.269734286241032+0j)
14359,22.09.2019,07:00,46.0,(10.19637653715948+0j)
14360,22.09.2019,08:00,33.0,(9.127767465531983+0j)
14361,22.09.2019,09:00,25.0,(8.320956608290626+0j)
14362,22.09.2019,10:00,10.0,(6.130933248752508+0j)
14363,22.09.2019,11:00,15.0,(7.018166609990766+0j)
14364,22.09.2019,12:00,17.0,(7.317165783214581+0j)
14365,22.09.2019,13:00,17.0,(7.317165783214581+0j)
14366,22.09.2019,14:00,18.0,(7.457914888057963+0j)
14367,22.09.2019,15:00,22.0,(7.9738393445443+0j)
14368,22.09.2019,16:00,17.0,(7.317165783214581+0j)
14369,22.09.2019,17:00,20.0,(7.724491855603646+0j)
14370,22.09.2019,18:00,20.0,(7.724491855603646+0j)
14371,22.09.2019,19:00,22.0,(7.9738393445443+0j)
14372,22.09.2019,20:00,32.0,(9.034620481786352+0j)
14373,22.09.2019,21:00,27.0,(8.537181392110488+0j)
14374,22.09.2019,22:00,20.0,(7.724491855603646+0j)
14375,22.09.2019,23:00,13.0,(6.691256914211192+0j)
14376,23.09.2019,00:00,11.0,(6.32884048187752+0j)
14377,23.09.2019,01:00,16.0,(7.170783028460548+0j)
14378,23.09.2019,02:00,11.0,(6.32884048187752+0j)
14379,23.09.2019,03:00,8.0,(5.691454261406992+0j)
14380,23.09.2019,04:00,1.0,(2.845727130703496+0j)
14381,23.09.2019,05:00,0.0,0j
14382,23.09.2019,06:00,0.0,0j
14383,23.09.2019,07:00,0.0,0j
14384,23.09.2019,08:00,0.0,0j
14385,23.09.2019,09:00,0.0,0j
14386,23.09.2019,10:00,0.0,0j
14387,23.09.2019,11:00,0.0,0j
14388,23.09.2019,12:00,0.0,0j
14389,23.09.2019,13:00,0.0,0j
14390,23.09.2019,14:00,0.0,0j
14391,23.09.2019,15:00,3.0,(4.1042487314692515+0j)
14392,23.09.2019,16:00,2.0,(3.585391514230274+0j)
14393,23.09.2019,17:00,1.0,(2.845727130703496+0j)
14394,23.09.2019,18:00,1.0,(2.845727130703496+0j)
14395,23.09.2019,19:00,0.0,0j
14396,23.09.2019,20:00,0.0,0j
14397,23.09.2019,21:00,0.0,0j
14398,23.09.2019,22:00,1.0,(2.845727130703496+0j)
14399,23.09.2019,23:00,2.0,(3.585391514230274+0j)
14400,24.09.2019,00:00,0.0,0j
14401,24.09.2019,01:00,0.0,0j
14402,24.09.2019,02:00,0.0,0j
14403,24.09.2019,03:00,0.0,0j
14404,24.09.2019,04:00,0.0,0j
14405,24.09.2019,05:00,0.0,0j
14406,24.09.2019,06:00,0.0,0j
14407,24.09.2019,07:00,2.0,(3.585391514230274+0j)
14408,24.09.2019,08:00,0.0,0j
14409,24.09.2019,09:00,0.0,0j
14410,24.09.2019,10:00,0.0,0j
14411,24.09.2019,11:00,1.0,(2.845727130703496+0j)
14412,24.09.2019,12:00,2.0,(3.585391514230274+0j)
14413,24.09.2019,13:00,2.0,(3.585391514230274+0j)
14414,24.09.2019,14:00,15.0,(7.018166609990766+0j)
14415,24.09.2019,15:00,16.0,(7.170783028460548+0j)
14416,24.09.2019,16:00,8.0,(5.691454261406992+0j)
14417,24.09.2019,17:00,11.0,(6.32884048187752+0j)
14418,24.09.2019,18:00,13.0,(6.691256914211192+0j)
14419,24.09.2019,19:00,12.0,(6.515088753873438+0j)
14420,24.09.2019,20:00,6.0,(5.171029370782441+0j)
14421,24.09.2019,21:00,2.0,(3.585391514230274+0j)
14422,24.09.2019,22:00,1.0,(2.845727130703496+0j)
14423,24.09.2019,23:00,0.0,0j
14424,25.09.2019,00:00,1.0,(2.845727130703496+0j)
14425,25.09.2019,01:00,3.0,(4.1042487314692515+0j)
14426,25.09.2019,02:00,5.0,(4.866124944308272+0j)
14427,25.09.2019,03:00,3.0,(4.1042487314692515+0j)
14428,25.09.2019,04:00,5.0,(4.866124944308272+0j)
14429,25.09.2019,05:00,2.0,(3.585391514230274+0j)
14430,25.09.2019,06:00,0.0,0j
14431,25.09.2019,07:00,1.0,(2.845727130703496+0j)
14432,25.09.2019,08:00,0.0,0j
14433,25.09.2019,09:00,0.0,0j
14434,25.09.2019,10:00,0.0,0j
14435,25.09.2019,11:00,0.0,0j
14436,25.09.2019,12:00,0.0,0j
14437,25.09.2019,13:00,0.0,0j
14438,25.09.2019,14:00,0.0,0j
14439,25.09.2019,15:00,0.0,0j
14440,25.09.2019,16:00,0.0,0j
14441,25.09.2019,17:00,1.0,(2.845727130703496+0j)
14442,25.09.2019,18:00,0.0,0j
14443,25.09.2019,19:00,0.0,0j
14444,25.09.2019,20:00,0.0,0j
14445,25.09.2019,21:00,14.0,(6.858607230018604+0j)
14446,25.09.2019,22:00,6.0,(5.171029370782441+0j)
14447,25.09.2019,23:00,2.0,(3.585391514230274+0j)
14448,26.09.2019,00:00,0.0,0j
14449,26.09.2019,01:00,0.0,0j
14450,26.09.2019,02:00,0.0,0j
14451,26.09.2019,03:00,0.0,0j
14452,26.09.2019,04:00,0.0,0j
14453,26.09.2019,05:00,0.0,0j
14454,26.09.2019,06:00,0.0,0j
14455,26.09.2019,07:00,0.0,0j
14456,26.09.2019,08:00,0.0,0j
14457,26.09.2019,09:00,0.0,0j
14458,26.09.2019,10:00,0.0,0j
14459,26.09.2019,11:00,0.0,0j
14460,26.09.2019,12:00,0.0,0j
14461,26.09.2019,13:00,4.0,(4.517310240893176+0j)
14462,26.09.2019,14:00,5.0,(4.866124944308272+0j)
14463,26.09.2019,15:00,6.0,(5.171029370782441+0j)
14464,26.09.2019,16:00,4.0,(4.517310240893176+0j)
14465,26.09.2019,17:00,5.0,(4.866124944308272+0j)
14466,26.09.2019,18:00,11.0,(6.32884048187752+0j)
14467,26.09.2019,19:00,11.0,(6.32884048187752+0j)
14468,26.09.2019,20:00,12.0,(6.515088753873438+0j)
14469,26.09.2019,21:00,8.0,(5.691454261406992+0j)
14470,26.09.2019,22:00,7.0,(5.443680165984116+0j)
14471,26.09.2019,23:00,2.0,(3.585391514230274+0j)
14472,27.09.2019,00:00,2.0,(3.585391514230274+0j)
14473,27.09.2019,01:00,1.0,(2.845727130703496+0j)
14474,27.09.2019,02:00,0.0,0j
14475,27.09.2019,03:00,1.0,(2.845727130703496+0j)
14476,27.09.2019,04:00,0.0,0j
14477,27.09.2019,05:00,0.0,0j
14478,27.09.2019,06:00,0.0,0j
14479,27.09.2019,07:00,0.0,0j
14480,27.09.2019,08:00,0.0,0j
14481,27.09.2019,09:00,0.0,0j
14482,27.09.2019,10:00,0.0,0j
14483,27.09.2019,11:00,0.0,0j
14484,27.09.2019,12:00,0.0,0j
14485,27.09.2019,13:00,0.0,0j
14486,27.09.2019,14:00,2.0,(3.585391514230274+0j)
14487,27.09.2019,15:00,6.0,(5.171029370782441+0j)
14488,27.09.2019,16:00,8.0,(5.691454261406992+0j)
14489,27.09.2019,17:00,5.0,(4.866124944308272+0j)
14490,27.09.2019,18:00,7.0,(5.443680165984116+0j)
14491,27.09.2019,19:00,3.0,(4.1042487314692515+0j)
14492,27.09.2019,20:00,13.0,(6.691256914211192+0j)
14493,27.09.2019,21:00,29.0,(8.74297534497106+0j)
14494,27.09.2019,22:00,23.0,(8.092869420675413+0j)
14495,27.09.2019,23:00,22.0,(7.9738393445443+0j)
14496,28.09.2019,00:00,22.0,(7.9738393445443+0j)
14497,28.09.2019,01:00,22.0,(7.9738393445443+0j)
14498,28.09.2019,02:00,17.0,(7.317165783214581+0j)
14499,28.09.2019,03:00,17.0,(7.317165783214581+0j)
14500,28.09.2019,04:00,13.0,(6.691256914211192+0j)
14501,28.09.2019,05:00,12.0,(6.515088753873438+0j)
14502,28.09.2019,06:00,19.0,(7.593542967381978+0j)
14503,28.09.2019,07:00,32.0,(9.034620481786352+0j)
14504,28.09.2019,08:00,29.0,(8.74297534497106+0j)
14505,28.09.2019,09:00,27.0,(8.537181392110488+0j)
14506,28.09.2019,10:00,25.0,(8.320956608290626+0j)
14507,28.09.2019,11:00,18.0,(7.457914888057963+0j)
14508,28.09.2019,12:00,29.0,(8.74297534497106+0j)
14509,28.09.2019,13:00,28.0,(8.641303622061608+0j)
14510,28.09.2019,14:00,23.0,(8.092869420675413+0j)
14511,28.09.2019,15:00,16.0,(7.170783028460548+0j)
14512,28.09.2019,16:00,22.0,(7.9738393445443+0j)
14513,28.09.2019,17:00,29.0,(8.74297534497106+0j)
14514,28.09.2019,18:00,34.0,(9.219051195842558+0j)
14515,28.09.2019,19:00,34.0,(9.219051195842558+0j)
14516,28.09.2019,20:00,37.0,(9.482594128751929+0j)
14517,28.09.2019,21:00,31.0,(8.939512150377235+0j)
14518,28.09.2019,22:00,30.0,(8.84233584359671+0j)
14519,28.09.2019,23:00,26.0,(8.430455436469295+0j)
14520,29.09.2019,00:00,24.0,(8.208497462938503+0j)
14521,29.09.2019,01:00,14.0,(6.858607230018604+0j)
14522,29.09.2019,02:00,18.0,(7.457914888057963+0j)
14523,29.09.2019,03:00,22.0,(7.9738393445443+0j)
14524,29.09.2019,04:00,26.0,(8.430455436469295+0j)
14525,29.09.2019,05:00,26.0,(8.430455436469295+0j)
14526,29.09.2019,06:00,27.0,(8.537181392110488+0j)
14527,29.09.2019,07:00,25.0,(8.320956608290626+0j)
14528,29.09.2019,08:00,18.0,(7.457914888057963+0j)
14529,29.09.2019,09:00,4.0,(4.517310240893176+0j)
14530,29.09.2019,10:00,4.0,(4.517310240893176+0j)
14531,29.09.2019,11:00,8.0,(5.691454261406992+0j)
14532,29.09.2019,12:00,13.0,(6.691256914211192+0j)
14533,29.09.2019,13:00,15.0,(7.018166609990766+0j)
14534,29.09.2019,14:00,18.0,(7.457914888057963+0j)
14535,29.09.2019,15:00,18.0,(7.457914888057963+0j)
14536,29.09.2019,16:00,19.0,(7.593542967381978+0j)
14537,29.09.2019,17:00,30.0,(8.84233584359671+0j)
14538,29.09.2019,18:00,26.0,(8.430455436469295+0j)
14539,29.09.2019,19:00,33.0,(9.127767465531983+0j)
14540,29.09.2019,20:00,36.0,(9.396383955788593+0j)
14541,29.09.2019,21:00,25.0,(8.320956608290626+0j)
14542,29.09.2019,22:00,28.0,(8.641303622061608+0j)
14543,29.09.2019,23:00,36.0,(9.396383955788593+0j)
14544,30.09.2019,00:00,36.0,(9.396383955788593+0j)
14545,30.09.2019,01:00,28.0,(8.641303622061608+0j)
14546,30.09.2019,02:00,28.0,(8.641303622061608+0j)
14547,30.09.2019,03:00,27.0,(8.537181392110488+0j)
14548,30.09.2019,04:00,23.0,(8.092869420675413+0j)
14549,30.09.2019,05:00,20.0,(7.724491855603646+0j)
14550,30.09.2019,06:00,18.0,(7.457914888057963+0j)
14551,30.09.2019,07:00,13.0,(6.691256914211192+0j)
14552,30.09.2019,08:00,4.0,(4.517310240893176+0j)
14553,30.09.2019,09:00,0.0,0j
14554,30.09.2019,10:00,0.0,0j
14555,30.09.2019,11:00,0.0,0j
14556,30.09.2019,12:00,0.0,0j
14557,30.09.2019,13:00,0.0,0j
14558,30.09.2019,14:00,0.0,0j
14559,30.09.2019,15:00,2.0,(3.585391514230274+0j)
14560,30.09.2019,16:00,3.0,(4.1042487314692515+0j)
14561,30.09.2019,17:00,2.0,(3.585391514230274+0j)
14562,30.09.2019,18:00,5.0,(4.866124944308272+0j)
14563,30.09.2019,19:00,5.0,(4.866124944308272+0j)
14564,30.09.2019,20:00,2.0,(3.585391514230274+0j)
14565,30.09.2019,21:00,1.0,(2.845727130703496+0j)
14566,30.09.2019,22:00,0.0,0j
14567,30.09.2019,23:00,0.0,0j
14568,01.10.2019,00:00,0.0,0j
14569,01.10.2019,01:00,0.0,0j
14570,01.10.2019,02:00,0.0,0j
14571,01.10.2019,03:00,0.0,0j
14572,01.10.2019,04:00,0.0,0j
14573,01.10.2019,05:00,0.0,0j
14574,01.10.2019,06:00,0.0,0j
14575,01.10.2019,07:00,0.0,0j
14576,01.10.2019,08:00,0.0,0j
14577,01.10.2019,09:00,0.0,0j
14578,01.10.2019,10:00,0.0,0j
14579,01.10.2019,11:00,0.0,0j
14580,01.10.2019,12:00,0.0,0j
14581,01.10.2019,13:00,1.0,(2.845727130703496+0j)
14582,01.10.2019,14:00,1.0,(2.845727130703496+0j)
14583,01.10.2019,15:00,0.0,0j
14584,01.10.2019,16:00,4.0,(4.517310240893176+0j)
14585,01.10.2019,17:00,3.0,(4.1042487314692515+0j)
14586,01.10.2019,18:00,1.0,(2.845727130703496+0j)
14587,01.10.2019,19:00,6.0,(5.171029370782441+0j)
14588,01.10.2019,20:00,16.0,(7.170783028460548+0j)
14589,01.10.2019,21:00,10.0,(6.130933248752508+0j)
14590,01.10.2019,22:00,8.0,(5.691454261406992+0j)
14591,01.10.2019,23:00,8.0,(5.691454261406992+0j)
14592,02.10.2019,00:00,8.0,(5.691454261406992+0j)
14593,02.10.2019,01:00,4.0,(4.517310240893176+0j)
14594,02.10.2019,02:00,1.0,(2.845727130703496+0j)
14595,02.10.2019,03:00,0.0,0j
14596,02.10.2019,04:00,0.0,0j
14597,02.10.2019,05:00,0.0,0j
14598,02.10.2019,06:00,0.0,0j
14599,02.10.2019,07:00,0.0,0j
14600,02.10.2019,08:00,0.0,0j
14601,02.10.2019,09:00,0.0,0j
14602,02.10.2019,10:00,0.0,0j
14603,02.10.2019,11:00,0.0,0j
14604,02.10.2019,12:00,4.0,(4.517310240893176+0j)
14605,02.10.2019,13:00,7.0,(5.443680165984116+0j)
14606,02.10.2019,14:00,15.0,(7.018166609990766+0j)
14607,02.10.2019,15:00,11.0,(6.32884048187752+0j)
14608,02.10.2019,16:00,7.0,(5.443680165984116+0j)
14609,02.10.2019,17:00,1.0,(2.845727130703496+0j)
14610,02.10.2019,18:00,4.0,(4.517310240893176+0j)
14611,02.10.2019,19:00,12.0,(6.515088753873438+0j)
14612,02.10.2019,20:00,14.0,(6.858607230018604+0j)
14613,02.10.2019,21:00,8.0,(5.691454261406992+0j)
14614,02.10.2019,22:00,2.0,(3.585391514230274+0j)
14615,02.10.2019,23:00,2.0,(3.585391514230274+0j)
14616,03.10.2019,00:00,8.0,(5.691454261406992+0j)
14617,03.10.2019,01:00,7.0,(5.443680165984116+0j)
14618,03.10.2019,02:00,12.0,(6.515088753873438+0j)
14619,03.10.2019,03:00,9.0,(5.919350969396254+0j)
14620,03.10.2019,04:00,9.0,(5.919350969396254+0j)
14621,03.10.2019,05:00,8.0,(5.691454261406992+0j)
14622,03.10.2019,06:00,10.0,(6.130933248752508+0j)
14623,03.10.2019,07:00,17.0,(7.317165783214581+0j)
14624,03.10.2019,08:00,6.0,(5.171029370782441+0j)
14625,03.10.2019,09:00,3.0,(4.1042487314692515+0j)
14626,03.10.2019,10:00,10.0,(6.130933248752508+0j)
14627,03.10.2019,11:00,17.0,(7.317165783214581+0j)
14628,03.10.2019,12:00,17.0,(7.317165783214581+0j)
14629,03.10.2019,13:00,33.0,(9.127767465531983+0j)
14630,03.10.2019,14:00,37.0,(9.482594128751929+0j)
14631,03.10.2019,15:00,52.0,(10.621708264608335+0j)
14632,03.10.2019,16:00,42.0,(9.891823330401618+0j)
14633,03.10.2019,17:00,46.0,(10.19637653715948+0j)
14634,03.10.2019,18:00,25.0,(8.320956608290626+0j)
14635,03.10.2019,19:00,45.0,(10.121947777604984+0j)
14636,03.10.2019,20:00,49.0,(10.41338553855059+0j)
14637,03.10.2019,21:00,20.0,(7.724491855603646+0j)
14638,03.10.2019,22:00,32.0,(9.034620481786352+0j)
14639,03.10.2019,23:00,17.0,(7.317165783214581+0j)
14640,04.10.2019,00:00,33.0,(9.127767465531983+0j)
14641,04.10.2019,01:00,26.0,(8.430455436469295+0j)
14642,04.10.2019,02:00,21.0,(7.851145380281553+0j)
14643,04.10.2019,03:00,10.0,(6.130933248752508+0j)
14644,04.10.2019,04:00,12.0,(6.515088753873438+0j)
14645,04.10.2019,05:00,19.0,(7.593542967381978+0j)
14646,04.10.2019,06:00,18.0,(7.457914888057963+0j)
14647,04.10.2019,07:00,22.0,(7.9738393445443+0j)
14648,04.10.2019,08:00,19.0,(7.593542967381978+0j)
14649,04.10.2019,09:00,30.0,(8.84233584359671+0j)
14650,04.10.2019,10:00,40.0,(9.732249888616542+0j)
14651,04.10.2019,11:00,57.0,(10.9517840818175+0j)
14652,04.10.2019,12:00,47.0,(10.269734286241032+0j)
14653,04.10.2019,13:00,46.0,(10.19637653715948+0j)
14654,04.10.2019,14:00,60.0,(11.140645059587433+0j)
14655,04.10.2019,15:00,60.0,(11.140645059587433+0j)
14656,04.10.2019,16:00,54.0,(10.756174542690822+0j)
14657,04.10.2019,17:00,53.0,(10.689364281461948+0j)
14658,04.10.2019,18:00,55.0,(10.822164994364314+0j)
14659,04.10.2019,19:00,58.0,(11.015458675840927+0j)
14660,04.10.2019,20:00,39.0,(9.650462409337567+0j)
14661,04.10.2019,21:00,40.0,(9.732249888616542+0j)
14662,04.10.2019,22:00,61.0,(11.202196833891742+0j)
14663,04.10.2019,23:00,51.0,(10.5531792067093+0j)
14664,05.10.2019,00:00,28.0,(8.641303622061608+0j)
14665,05.10.2019,01:00,40.0,(9.732249888616542+0j)
14666,05.10.2019,02:00,53.0,(10.689364281461948+0j)
14667,05.10.2019,03:00,31.0,(8.939512150377235+0j)
14668,05.10.2019,04:00,40.0,(9.732249888616542+0j)
14669,05.10.2019,05:00,15.0,(7.018166609990766+0j)
14670,05.10.2019,06:00,15.0,(7.018166609990766+0j)
14671,05.10.2019,07:00,13.0,(6.691256914211192+0j)
14672,05.10.2019,08:00,9.0,(5.919350969396254+0j)
14673,05.10.2019,09:00,4.0,(4.517310240893176+0j)
14674,05.10.2019,10:00,9.0,(5.919350969396254+0j)
14675,05.10.2019,11:00,16.0,(7.170783028460548+0j)
14676,05.10.2019,12:00,20.0,(7.724491855603646+0j)
14677,05.10.2019,13:00,15.0,(7.018166609990766+0j)
14678,05.10.2019,14:00,7.0,(5.443680165984116+0j)
14679,05.10.2019,15:00,11.0,(6.32884048187752+0j)
14680,05.10.2019,16:00,13.0,(6.691256914211192+0j)
14681,05.10.2019,17:00,6.0,(5.171029370782441+0j)
14682,05.10.2019,18:00,7.0,(5.443680165984116+0j)
14683,05.10.2019,19:00,0.0,0j
14684,05.10.2019,20:00,0.0,0j
14685,05.10.2019,21:00,4.0,(4.517310240893176+0j)
14686,05.10.2019,22:00,6.0,(5.171029370782441+0j)
14687,05.10.2019,23:00,6.0,(5.171029370782441+0j)
14688,06.10.2019,00:00,11.0,(6.32884048187752+0j)
14689,06.10.2019,01:00,11.0,(6.32884048187752+0j)
14690,06.10.2019,02:00,9.0,(5.919350969396254+0j)
14691,06.10.2019,03:00,18.0,(7.457914888057963+0j)
14692,06.10.2019,04:00,14.0,(6.858607230018604+0j)
14693,06.10.2019,05:00,18.0,(7.457914888057963+0j)
14694,06.10.2019,06:00,5.0,(4.866124944308272+0j)
14695,06.10.2019,07:00,3.0,(4.1042487314692515+0j)
14696,06.10.2019,08:00,7.0,(5.443680165984116+0j)
14697,06.10.2019,09:00,2.0,(3.585391514230274+0j)
14698,06.10.2019,10:00,0.0,0j
14699,06.10.2019,11:00,0.0,0j
14700,06.10.2019,12:00,0.0,0j
14701,06.10.2019,13:00,0.0,0j
14702,06.10.2019,14:00,0.0,0j
14703,06.10.2019,15:00,0.0,0j
14704,06.10.2019,16:00,1.0,(2.845727130703496+0j)
14705,06.10.2019,17:00,1.0,(2.845727130703496+0j)
14706,06.10.2019,18:00,1.0,(2.845727130703496+0j)
14707,06.10.2019,19:00,0.0,0j
14708,06.10.2019,20:00,0.0,0j
14709,06.10.2019,21:00,0.0,0j
14710,06.10.2019,22:00,1.0,(2.845727130703496+0j)
14711,06.10.2019,23:00,2.0,(3.585391514230274+0j)
14712,07.10.2019,00:00,0.0,0j
14713,07.10.2019,01:00,1.0,(2.845727130703496+0j)
14714,07.10.2019,02:00,0.0,0j
14715,07.10.2019,03:00,0.0,0j
14716,07.10.2019,04:00,0.0,0j
14717,07.10.2019,05:00,0.0,0j
14718,07.10.2019,06:00,3.0,(4.1042487314692515+0j)
14719,07.10.2019,07:00,3.0,(4.1042487314692515+0j)
14720,07.10.2019,08:00,1.0,(2.845727130703496+0j)
14721,07.10.2019,09:00,0.0,0j
14722,07.10.2019,10:00,0.0,0j
14723,07.10.2019,11:00,0.0,0j
14724,07.10.2019,12:00,0.0,0j
14725,07.10.2019,13:00,0.0,0j
14726,07.10.2019,14:00,0.0,0j
14727,07.10.2019,15:00,0.0,0j
14728,07.10.2019,16:00,3.0,(4.1042487314692515+0j)
14729,07.10.2019,17:00,3.0,(4.1042487314692515+0j)
14730,07.10.2019,18:00,7.0,(5.443680165984116+0j)
14731,07.10.2019,19:00,2.0,(3.585391514230274+0j)
14732,07.10.2019,20:00,3.0,(4.1042487314692515+0j)
14733,07.10.2019,21:00,8.0,(5.691454261406992+0j)
14734,07.10.2019,22:00,10.0,(6.130933248752508+0j)
14735,07.10.2019,23:00,10.0,(6.130933248752508+0j)
14736,08.10.2019,00:00,6.0,(5.171029370782441+0j)
14737,08.10.2019,01:00,7.0,(5.443680165984116+0j)
14738,08.10.2019,02:00,8.0,(5.691454261406992+0j)
14739,08.10.2019,03:00,11.0,(6.32884048187752+0j)
14740,08.10.2019,04:00,9.0,(5.919350969396254+0j)
14741,08.10.2019,05:00,14.0,(6.858607230018604+0j)
14742,08.10.2019,06:00,4.0,(4.517310240893176+0j)
14743,08.10.2019,07:00,8.0,(5.691454261406992+0j)
14744,08.10.2019,08:00,1.0,(2.845727130703496+0j)
14745,08.10.2019,09:00,0.0,0j
14746,08.10.2019,10:00,1.0,(2.845727130703496+0j)
14747,08.10.2019,11:00,0.0,0j
14748,08.10.2019,12:00,5.0,(4.866124944308272+0j)
14749,08.10.2019,13:00,13.0,(6.691256914211192+0j)
14750,08.10.2019,14:00,19.0,(7.593542967381978+0j)
14751,08.10.2019,15:00,31.0,(8.939512150377235+0j)
14752,08.10.2019,16:00,44.0,(10.0464080386713+0j)
14753,08.10.2019,17:00,38.0,(9.567264627885733+0j)
14754,08.10.2019,18:00,18.0,(7.457914888057963+0j)
14755,08.10.2019,19:00,23.0,(8.092869420675413+0j)
14756,08.10.2019,20:00,27.0,(8.537181392110488+0j)
14757,08.10.2019,21:00,17.0,(7.317165783214581+0j)
14758,08.10.2019,22:00,20.0,(7.724491855603646+0j)
14759,08.10.2019,23:00,20.0,(7.724491855603646+0j)
14760,09.10.2019,00:00,12.0,(6.515088753873438+0j)
14761,09.10.2019,01:00,10.0,(6.130933248752508+0j)
14762,09.10.2019,02:00,6.0,(5.171029370782441+0j)
14763,09.10.2019,03:00,9.0,(5.919350969396254+0j)
14764,09.10.2019,04:00,9.0,(5.919350969396254+0j)
14765,09.10.2019,05:00,6.0,(5.171029370782441+0j)
14766,09.10.2019,06:00,4.0,(4.517310240893176+0j)
14767,09.10.2019,07:00,3.0,(4.1042487314692515+0j)
14768,09.10.2019,08:00,5.0,(4.866124944308272+0j)
14769,09.10.2019,09:00,3.0,(4.1042487314692515+0j)
14770,09.10.2019,10:00,0.0,0j
14771,09.10.2019,11:00,0.0,0j
14772,09.10.2019,12:00,0.0,0j
14773,09.10.2019,13:00,0.0,0j
14774,09.10.2019,14:00,0.0,0j
14775,09.10.2019,15:00,0.0,0j
14776,09.10.2019,16:00,0.0,0j
14777,09.10.2019,17:00,0.0,0j
14778,09.10.2019,18:00,1.0,(2.845727130703496+0j)
14779,09.10.2019,19:00,0.0,0j
14780,09.10.2019,20:00,0.0,0j
14781,09.10.2019,21:00,0.0,0j
14782,09.10.2019,22:00,0.0,0j
14783,09.10.2019,23:00,0.0,0j
14784,10.10.2019,00:00,0.0,0j
14785,10.10.2019,01:00,0.0,0j
14786,10.10.2019,02:00,0.0,0j
14787,10.10.2019,03:00,0.0,0j
14788,10.10.2019,04:00,0.0,0j
14789,10.10.2019,05:00,0.0,0j
14790,10.10.2019,06:00,0.0,0j
14791,10.10.2019,07:00,0.0,0j
14792,10.10.2019,08:00,0.0,0j
14793,10.10.2019,09:00,0.0,0j
14794,10.10.2019,10:00,0.0,0j
14795,10.10.2019,11:00,0.0,0j
14796,10.10.2019,12:00,0.0,0j
14797,10.10.2019,13:00,0.0,0j
14798,10.10.2019,14:00,0.0,0j
14799,10.10.2019,15:00,0.0,0j
14800,10.10.2019,16:00,0.0,0j
14801,10.10.2019,17:00,0.0,0j
14802,10.10.2019,18:00,0.0,0j
14803,10.10.2019,19:00,0.0,0j
14804,10.10.2019,20:00,0.0,0j
14805,10.10.2019,21:00,0.0,0j
14806,10.10.2019,22:00,0.0,0j
14807,10.10.2019,23:00,0.0,0j
14808,11.10.2019,00:00,0.0,0j
14809,11.10.2019,01:00,0.0,0j
14810,11.10.2019,02:00,0.0,0j
14811,11.10.2019,03:00,0.0,0j
14812,11.10.2019,04:00,0.0,0j
14813,11.10.2019,05:00,0.0,0j
14814,11.10.2019,06:00,0.0,0j
14815,11.10.2019,07:00,0.0,0j
14816,11.10.2019,08:00,0.0,0j
14817,11.10.2019,09:00,0.0,0j
14818,11.10.2019,10:00,0.0,0j
14819,11.10.2019,11:00,0.0,0j
14820,11.10.2019,12:00,3.0,(4.1042487314692515+0j)
14821,11.10.2019,13:00,3.0,(4.1042487314692515+0j)
14822,11.10.2019,14:00,4.0,(4.517310240893176+0j)
14823,11.10.2019,15:00,10.0,(6.130933248752508+0j)
14824,11.10.2019,16:00,12.0,(6.515088753873438+0j)
14825,11.10.2019,17:00,16.0,(7.170783028460548+0j)
14826,11.10.2019,18:00,45.0,(10.121947777604984+0j)
14827,11.10.2019,19:00,40.0,(9.732249888616542+0j)
14828,11.10.2019,20:00,42.0,(9.891823330401618+0j)
14829,11.10.2019,21:00,37.0,(9.482594128751929+0j)
14830,11.10.2019,22:00,46.0,(10.19637653715948+0j)
14831,11.10.2019,23:00,44.0,(10.0464080386713+0j)
14832,12.10.2019,00:00,53.0,(10.689364281461948+0j)
14833,12.10.2019,01:00,46.0,(10.19637653715948+0j)
14834,12.10.2019,02:00,40.0,(9.732249888616542+0j)
14835,12.10.2019,03:00,38.0,(9.567264627885733+0j)
14836,12.10.2019,04:00,42.0,(9.891823330401618+0j)
14837,12.10.2019,05:00,37.0,(9.482594128751929+0j)
14838,12.10.2019,06:00,43.0,(9.969714910096506+0j)
14839,12.10.2019,07:00,38.0,(9.567264627885733+0j)
14840,12.10.2019,08:00,40.0,(9.732249888616542+0j)
14841,12.10.2019,09:00,35.0,(9.308562145233848+0j)
14842,12.10.2019,10:00,45.0,(10.121947777604984+0j)
14843,12.10.2019,11:00,50.0,(10.483748386047209+0j)
14844,12.10.2019,12:00,32.0,(9.034620481786352+0j)
14845,12.10.2019,13:00,26.0,(8.430455436469295+0j)
14846,12.10.2019,14:00,25.0,(8.320956608290626+0j)
14847,12.10.2019,15:00,24.0,(8.208497462938503+0j)
14848,12.10.2019,16:00,21.0,(7.851145380281553+0j)
14849,12.10.2019,17:00,35.0,(9.308562145233848+0j)
14850,12.10.2019,18:00,39.0,(9.650462409337567+0j)
14851,12.10.2019,19:00,46.0,(10.19637653715948+0j)
14852,12.10.2019,20:00,45.0,(10.121947777604984+0j)
14853,12.10.2019,21:00,39.0,(9.650462409337567+0j)
14854,12.10.2019,22:00,39.0,(9.650462409337567+0j)
14855,12.10.2019,23:00,31.0,(8.939512150377235+0j)
14856,13.10.2019,00:00,24.0,(8.208497462938503+0j)
14857,13.10.2019,01:00,22.0,(7.9738393445443+0j)
14858,13.10.2019,02:00,17.0,(7.317165783214581+0j)
14859,13.10.2019,03:00,12.0,(6.515088753873438+0j)
14860,13.10.2019,04:00,14.0,(6.858607230018604+0j)
14861,13.10.2019,05:00,10.0,(6.130933248752508+0j)
14862,13.10.2019,06:00,14.0,(6.858607230018604+0j)
14863,13.10.2019,07:00,14.0,(6.858607230018604+0j)
14864,13.10.2019,08:00,11.0,(6.32884048187752+0j)
14865,13.10.2019,09:00,6.0,(5.171029370782441+0j)
14866,13.10.2019,10:00,1.0,(2.845727130703496+0j)
14867,13.10.2019,11:00,2.0,(3.585391514230274+0j)
14868,13.10.2019,12:00,3.0,(4.1042487314692515+0j)
14869,13.10.2019,13:00,5.0,(4.866124944308272+0j)
14870,13.10.2019,14:00,5.0,(4.866124944308272+0j)
14871,13.10.2019,15:00,5.0,(4.866124944308272+0j)
14872,13.10.2019,16:00,11.0,(6.32884048187752+0j)
14873,13.10.2019,17:00,17.0,(7.317165783214581+0j)
14874,13.10.2019,18:00,32.0,(9.034620481786352+0j)
14875,13.10.2019,19:00,15.0,(7.018166609990766+0j)
14876,13.10.2019,20:00,16.0,(7.170783028460548+0j)
14877,13.10.2019,21:00,14.0,(6.858607230018604+0j)
14878,13.10.2019,22:00,13.0,(6.691256914211192+0j)
14879,13.10.2019,23:00,6.0,(5.171029370782441+0j)
14880,14.10.2019,00:00,4.0,(4.517310240893176+0j)
14881,14.10.2019,01:00,1.0,(2.845727130703496+0j)
14882,14.10.2019,02:00,0.0,0j
14883,14.10.2019,03:00,0.0,0j
14884,14.10.2019,04:00,0.0,0j
14885,14.10.2019,05:00,0.0,0j
14886,14.10.2019,06:00,0.0,0j
14887,14.10.2019,07:00,2.0,(3.585391514230274+0j)
14888,14.10.2019,08:00,3.0,(4.1042487314692515+0j)
14889,14.10.2019,09:00,1.0,(2.845727130703496+0j)
14890,14.10.2019,10:00,0.0,0j
14891,14.10.2019,11:00,0.0,0j
14892,14.10.2019,12:00,0.0,0j
14893,14.10.2019,13:00,0.0,0j
14894,14.10.2019,14:00,0.0,0j
14895,14.10.2019,15:00,0.0,0j
14896,14.10.2019,16:00,0.0,0j
14897,14.10.2019,17:00,0.0,0j
14898,14.10.2019,18:00,4.0,(4.517310240893176+0j)
14899,14.10.2019,19:00,11.0,(6.32884048187752+0j)
14900,14.10.2019,20:00,7.0,(5.443680165984116+0j)
14901,14.10.2019,21:00,4.0,(4.517310240893176+0j)
14902,14.10.2019,22:00,3.0,(4.1042487314692515+0j)
14903,14.10.2019,23:00,2.0,(3.585391514230274+0j)
14904,15.10.2019,00:00,3.0,(4.1042487314692515+0j)
14905,15.10.2019,01:00,2.0,(3.585391514230274+0j)
14906,15.10.2019,02:00,0.0,0j
14907,15.10.2019,03:00,0.0,0j
14908,15.10.2019,04:00,0.0,0j
14909,15.10.2019,05:00,0.0,0j
14910,15.10.2019,06:00,0.0,0j
14911,15.10.2019,07:00,0.0,0j
14912,15.10.2019,08:00,0.0,0j
14913,15.10.2019,09:00,0.0,0j
14914,15.10.2019,10:00,0.0,0j
14915,15.10.2019,11:00,0.0,0j
14916,15.10.2019,12:00,0.0,0j
14917,15.10.2019,13:00,0.0,0j
14918,15.10.2019,14:00,0.0,0j
14919,15.10.2019,15:00,0.0,0j
14920,15.10.2019,16:00,0.0,0j
14921,15.10.2019,17:00,0.0,0j
14922,15.10.2019,18:00,6.0,(5.171029370782441+0j)
14923,15.10.2019,19:00,16.0,(7.170783028460548+0j)
14924,15.10.2019,20:00,22.0,(7.9738393445443+0j)
14925,15.10.2019,21:00,22.0,(7.9738393445443+0j)
14926,15.10.2019,22:00,21.0,(7.851145380281553+0j)
14927,15.10.2019,23:00,5.0,(4.866124944308272+0j)
14928,16.10.2019,00:00,3.0,(4.1042487314692515+0j)
14929,16.10.2019,01:00,3.0,(4.1042487314692515+0j)
14930,16.10.2019,02:00,1.0,(2.845727130703496+0j)
14931,16.10.2019,03:00,3.0,(4.1042487314692515+0j)
14932,16.10.2019,04:00,2.0,(3.585391514230274+0j)
14933,16.10.2019,05:00,0.0,0j
14934,16.10.2019,06:00,0.0,0j
14935,16.10.2019,07:00,0.0,0j
14936,16.10.2019,08:00,0.0,0j
14937,16.10.2019,09:00,0.0,0j
14938,16.10.2019,10:00,0.0,0j
14939,16.10.2019,11:00,0.0,0j
14940,16.10.2019,12:00,0.0,0j
14941,16.10.2019,13:00,0.0,0j
14942,16.10.2019,14:00,0.0,0j
14943,16.10.2019,15:00,0.0,0j
14944,16.10.2019,16:00,0.0,0j
14945,16.10.2019,17:00,0.0,0j
14946,16.10.2019,18:00,0.0,0j
14947,16.10.2019,19:00,3.0,(4.1042487314692515+0j)
14948,16.10.2019,20:00,0.0,0j
14949,16.10.2019,21:00,0.0,0j
14950,16.10.2019,22:00,0.0,0j
14951,16.10.2019,23:00,1.0,(2.845727130703496+0j)
14952,17.10.2019,00:00,2.0,(3.585391514230274+0j)
14953,17.10.2019,01:00,0.0,0j
14954,17.10.2019,02:00,0.0,0j
14955,17.10.2019,03:00,0.0,0j
14956,17.10.2019,04:00,0.0,0j
14957,17.10.2019,05:00,0.0,0j
14958,17.10.2019,06:00,0.0,0j
14959,17.10.2019,07:00,0.0,0j
14960,17.10.2019,08:00,0.0,0j
14961,17.10.2019,09:00,0.0,0j
14962,17.10.2019,10:00,0.0,0j
14963,17.10.2019,11:00,0.0,0j
14964,17.10.2019,12:00,0.0,0j
14965,17.10.2019,13:00,0.0,0j
14966,17.10.2019,14:00,1.0,(2.845727130703496+0j)
14967,17.10.2019,15:00,1.0,(2.845727130703496+0j)
14968,17.10.2019,16:00,0.0,0j
14969,17.10.2019,17:00,0.0,0j
14970,17.10.2019,18:00,0.0,0j
14971,17.10.2019,19:00,0.0,0j
14972,17.10.2019,20:00,0.0,0j
14973,17.10.2019,21:00,0.0,0j
14974,17.10.2019,22:00,0.0,0j
14975,17.10.2019,23:00,0.0,0j
14976,18.10.2019,00:00,0.0,0j
14977,18.10.2019,01:00,0.0,0j
14978,18.10.2019,02:00,0.0,0j
14979,18.10.2019,03:00,0.0,0j
14980,18.10.2019,04:00,0.0,0j
14981,18.10.2019,05:00,0.0,0j
14982,18.10.2019,06:00,0.0,0j
14983,18.10.2019,07:00,0.0,0j
14984,18.10.2019,08:00,0.0,0j
14985,18.10.2019,09:00,0.0,0j
14986,18.10.2019,10:00,0.0,0j
14987,18.10.2019,11:00,0.0,0j
14988,18.10.2019,12:00,0.0,0j
14989,18.10.2019,13:00,0.0,0j
14990,18.10.2019,14:00,0.0,0j
14991,18.10.2019,15:00,0.0,0j
14992,18.10.2019,16:00,0.0,0j
14993,18.10.2019,17:00,0.0,0j
14994,18.10.2019,18:00,0.0,0j
14995,18.10.2019,19:00,0.0,0j
14996,18.10.2019,20:00,0.0,0j
14997,18.10.2019,21:00,0.0,0j
14998,18.10.2019,22:00,0.0,0j
14999,18.10.2019,23:00,0.0,0j
15000,19.10.2019,00:00,0.0,0j
15001,19.10.2019,01:00,0.0,0j
15002,19.10.2019,02:00,0.0,0j
15003,19.10.2019,03:00,0.0,0j
15004,19.10.2019,04:00,0.0,0j
15005,19.10.2019,05:00,0.0,0j
15006,19.10.2019,06:00,0.0,0j
15007,19.10.2019,07:00,0.0,0j
15008,19.10.2019,08:00,0.0,0j
15009,19.10.2019,09:00,0.0,0j
15010,19.10.2019,10:00,0.0,0j
15011,19.10.2019,11:00,0.0,0j
15012,19.10.2019,12:00,0.0,0j
15013,19.10.2019,13:00,0.0,0j
15014,19.10.2019,14:00,0.0,0j
15015,19.10.2019,15:00,0.0,0j
15016,19.10.2019,16:00,0.0,0j
15017,19.10.2019,17:00,0.0,0j
15018,19.10.2019,18:00,0.0,0j
15019,19.10.2019,19:00,0.0,0j
15020,19.10.2019,20:00,1.0,(2.845727130703496+0j)
15021,19.10.2019,21:00,1.0,(2.845727130703496+0j)
15022,19.10.2019,22:00,0.0,0j
15023,19.10.2019,23:00,0.0,0j
15024,20.10.2019,00:00,0.0,0j
15025,20.10.2019,01:00,0.0,0j
15026,20.10.2019,02:00,0.0,0j
15027,20.10.2019,03:00,0.0,0j
15028,20.10.2019,04:00,1.0,(2.845727130703496+0j)
15029,20.10.2019,05:00,3.0,(4.1042487314692515+0j)
15030,20.10.2019,06:00,5.0,(4.866124944308272+0j)
15031,20.10.2019,07:00,2.0,(3.585391514230274+0j)
15032,20.10.2019,08:00,6.0,(5.171029370782441+0j)
15033,20.10.2019,09:00,1.0,(2.845727130703496+0j)
15034,20.10.2019,10:00,1.0,(2.845727130703496+0j)
15035,20.10.2019,11:00,0.0,0j
15036,20.10.2019,12:00,0.0,0j
15037,20.10.2019,13:00,0.0,0j
15038,20.10.2019,14:00,1.0,(2.845727130703496+0j)
15039,20.10.2019,15:00,2.0,(3.585391514230274+0j)
15040,20.10.2019,16:00,10.0,(6.130933248752508+0j)
15041,20.10.2019,17:00,17.0,(7.317165783214581+0j)
15042,20.10.2019,18:00,22.0,(7.9738393445443+0j)
15043,20.10.2019,19:00,35.0,(9.308562145233848+0j)
15044,20.10.2019,20:00,34.0,(9.219051195842558+0j)
15045,20.10.2019,21:00,28.0,(8.641303622061608+0j)
15046,20.10.2019,22:00,22.0,(7.9738393445443+0j)
15047,20.10.2019,23:00,27.0,(8.537181392110488+0j)
15048,21.10.2019,00:00,26.0,(8.430455436469295+0j)
15049,21.10.2019,01:00,28.0,(8.641303622061608+0j)
15050,21.10.2019,02:00,26.0,(8.430455436469295+0j)
15051,21.10.2019,03:00,18.0,(7.457914888057963+0j)
15052,21.10.2019,04:00,29.0,(8.74297534497106+0j)
15053,21.10.2019,05:00,17.0,(7.317165783214581+0j)
15054,21.10.2019,06:00,29.0,(8.74297534497106+0j)
15055,21.10.2019,07:00,33.0,(9.127767465531983+0j)
15056,21.10.2019,08:00,40.0,(9.732249888616542+0j)
15057,21.10.2019,09:00,37.0,(9.482594128751929+0j)
15058,21.10.2019,10:00,36.0,(9.396383955788593+0j)
15059,21.10.2019,11:00,33.0,(9.127767465531983+0j)
15060,21.10.2019,12:00,33.0,(9.127767465531983+0j)
15061,21.10.2019,13:00,27.0,(8.537181392110488+0j)
15062,21.10.2019,14:00,26.0,(8.430455436469295+0j)
15063,21.10.2019,15:00,25.0,(8.320956608290626+0j)
15064,21.10.2019,16:00,38.0,(9.567264627885733+0j)
15065,21.10.2019,17:00,46.0,(10.19637653715948+0j)
15066,21.10.2019,18:00,51.0,(10.5531792067093+0j)
15067,21.10.2019,19:00,47.0,(10.269734286241032+0j)
15068,21.10.2019,20:00,45.0,(10.121947777604984+0j)
15069,21.10.2019,21:00,42.0,(9.891823330401618+0j)
15070,21.10.2019,22:00,34.0,(9.219051195842558+0j)
15071,21.10.2019,23:00,35.0,(9.308562145233848+0j)
15072,22.10.2019,00:00,44.0,(10.0464080386713+0j)
15073,22.10.2019,01:00,46.0,(10.19637653715948+0j)
15074,22.10.2019,02:00,37.0,(9.482594128751929+0j)
15075,22.10.2019,03:00,44.0,(10.0464080386713+0j)
15076,22.10.2019,04:00,50.0,(10.483748386047209+0j)
15077,22.10.2019,05:00,53.0,(10.689364281461948+0j)
15078,22.10.2019,06:00,55.0,(10.822164994364314+0j)
15079,22.10.2019,07:00,52.0,(10.621708264608335+0j)
15080,22.10.2019,08:00,53.0,(10.689364281461948+0j)
15081,22.10.2019,09:00,61.0,(11.202196833891742+0j)
15082,22.10.2019,10:00,61.0,(11.202196833891742+0j)
15083,22.10.2019,11:00,57.0,(10.9517840818175+0j)
15084,22.10.2019,12:00,58.0,(11.015458675840927+0j)
15085,22.10.2019,13:00,53.0,(10.689364281461948+0j)
15086,22.10.2019,14:00,46.0,(10.19637653715948+0j)
15087,22.10.2019,15:00,49.0,(10.41338553855059+0j)
15088,22.10.2019,16:00,49.0,(10.41338553855059+0j)
15089,22.10.2019,17:00,55.0,(10.822164994364314+0j)
15090,22.10.2019,18:00,65.0,(11.441888376335278+0j)
15091,22.10.2019,19:00,67.0,(11.55805762209552+0j)
15092,22.10.2019,20:00,64.0,(11.382908522813985+0j)
15093,22.10.2019,21:00,59.0,(11.078405520382008+0j)
15094,22.10.2019,22:00,46.0,(10.19637653715948+0j)
15095,22.10.2019,23:00,44.0,(10.0464080386713+0j)
15096,23.10.2019,00:00,31.0,(8.939512150377235+0j)
15097,23.10.2019,01:00,25.0,(8.320956608290626+0j)
15098,23.10.2019,02:00,28.0,(8.641303622061608+0j)
15099,23.10.2019,03:00,31.0,(8.939512150377235+0j)
15100,23.10.2019,04:00,36.0,(9.396383955788593+0j)
15101,23.10.2019,05:00,45.0,(10.121947777604984+0j)
15102,23.10.2019,06:00,41.0,(9.812685353516676+0j)
15103,23.10.2019,07:00,51.0,(10.5531792067093+0j)
15104,23.10.2019,08:00,46.0,(10.19637653715948+0j)
15105,23.10.2019,09:00,49.0,(10.41338553855059+0j)
15106,23.10.2019,10:00,46.0,(10.19637653715948+0j)
15107,23.10.2019,11:00,51.0,(10.5531792067093+0j)
15108,23.10.2019,12:00,55.0,(10.822164994364314+0j)
15109,23.10.2019,13:00,53.0,(10.689364281461948+0j)
15110,23.10.2019,14:00,61.0,(11.202196833891742+0j)
15111,23.10.2019,15:00,39.0,(9.650462409337567+0j)
15112,23.10.2019,16:00,39.0,(9.650462409337567+0j)
15113,23.10.2019,17:00,49.0,(10.41338553855059+0j)
15114,23.10.2019,18:00,50.0,(10.483748386047209+0j)
15115,23.10.2019,19:00,50.0,(10.483748386047209+0j)
15116,23.10.2019,20:00,48.0,(10.34205874156488+0j)
15117,23.10.2019,21:00,40.0,(9.732249888616542+0j)
15118,23.10.2019,22:00,37.0,(9.482594128751929+0j)
15119,23.10.2019,23:00,30.0,(8.84233584359671+0j)
15120,24.10.2019,00:00,24.0,(8.208497462938503+0j)
15121,24.10.2019,01:00,30.0,(8.84233584359671+0j)
15122,24.10.2019,02:00,34.0,(9.219051195842558+0j)
15123,24.10.2019,03:00,30.0,(8.84233584359671+0j)
15124,24.10.2019,04:00,31.0,(8.939512150377235+0j)
15125,24.10.2019,05:00,22.0,(7.9738393445443+0j)
15126,24.10.2019,06:00,25.0,(8.320956608290626+0j)
15127,24.10.2019,07:00,30.0,(8.84233584359671+0j)
15128,24.10.2019,08:00,23.0,(8.092869420675413+0j)
15129,24.10.2019,09:00,22.0,(7.9738393445443+0j)
15130,24.10.2019,10:00,8.0,(5.691454261406992+0j)
15131,24.10.2019,11:00,8.0,(5.691454261406992+0j)
15132,24.10.2019,12:00,13.0,(6.691256914211192+0j)
15133,24.10.2019,13:00,12.0,(6.515088753873438+0j)
15134,24.10.2019,14:00,16.0,(7.170783028460548+0j)
15135,24.10.2019,15:00,17.0,(7.317165783214581+0j)
15136,24.10.2019,16:00,29.0,(8.74297534497106+0j)
15137,24.10.2019,17:00,35.0,(9.308562145233848+0j)
15138,24.10.2019,18:00,32.0,(9.034620481786352+0j)
15139,24.10.2019,19:00,35.0,(9.308562145233848+0j)
15140,24.10.2019,20:00,30.0,(8.84233584359671+0j)
15141,24.10.2019,21:00,28.0,(8.641303622061608+0j)
15142,24.10.2019,22:00,30.0,(8.84233584359671+0j)
15143,24.10.2019,23:00,22.0,(7.9738393445443+0j)
15144,25.10.2019,00:00,15.0,(7.018166609990766+0j)
15145,25.10.2019,01:00,16.0,(7.170783028460548+0j)
15146,25.10.2019,02:00,19.0,(7.593542967381978+0j)
15147,25.10.2019,03:00,9.0,(5.919350969396254+0j)
15148,25.10.2019,04:00,9.0,(5.919350969396254+0j)
15149,25.10.2019,05:00,6.0,(5.171029370782441+0j)
15150,25.10.2019,06:00,8.0,(5.691454261406992+0j)
15151,25.10.2019,07:00,13.0,(6.691256914211192+0j)
15152,25.10.2019,08:00,7.0,(5.443680165984116+0j)
15153,25.10.2019,09:00,7.0,(5.443680165984116+0j)
15154,25.10.2019,10:00,3.0,(4.1042487314692515+0j)
15155,25.10.2019,11:00,3.0,(4.1042487314692515+0j)
15156,25.10.2019,12:00,2.0,(3.585391514230274+0j)
15157,25.10.2019,13:00,3.0,(4.1042487314692515+0j)
15158,25.10.2019,14:00,5.0,(4.866124944308272+0j)
15159,25.10.2019,15:00,15.0,(7.018166609990766+0j)
15160,25.10.2019,16:00,20.0,(7.724491855603646+0j)
15161,25.10.2019,17:00,24.0,(8.208497462938503+0j)
15162,25.10.2019,18:00,44.0,(10.0464080386713+0j)
15163,25.10.2019,19:00,60.0,(11.140645059587433+0j)
15164,25.10.2019,20:00,54.0,(10.756174542690822+0j)
15165,25.10.2019,21:00,55.0,(10.822164994364314+0j)
15166,25.10.2019,22:00,52.0,(10.621708264608335+0j)
15167,25.10.2019,23:00,53.0,(10.689364281461948+0j)
15168,26.10.2019,00:00,62.0,(11.263079534051261+0j)
15169,26.10.2019,01:00,53.0,(10.689364281461948+0j)
15170,26.10.2019,02:00,47.0,(10.269734286241032+0j)
15171,26.10.2019,03:00,46.0,(10.19637653715948+0j)
15172,26.10.2019,04:00,60.0,(11.140645059587433+0j)
15173,26.10.2019,05:00,56.0,(10.887360331968232+0j)
15174,26.10.2019,06:00,64.0,(11.382908522813985+0j)
15175,26.10.2019,07:00,54.0,(10.756174542690822+0j)
15176,26.10.2019,08:00,55.0,(10.822164994364314+0j)
15177,26.10.2019,09:00,61.0,(11.202196833891742+0j)
15178,26.10.2019,10:00,64.0,(11.382908522813985+0j)
15179,26.10.2019,11:00,61.0,(11.202196833891742+0j)
15180,26.10.2019,12:00,60.0,(11.140645059587433+0j)
15181,26.10.2019,13:00,58.0,(11.015458675840927+0j)
15182,26.10.2019,14:00,64.0,(11.382908522813985+0j)
15183,26.10.2019,15:00,60.0,(11.140645059587433+0j)
15184,26.10.2019,16:00,61.0,(11.202196833891742+0j)
15185,26.10.2019,17:00,46.0,(10.19637653715948+0j)
15186,26.10.2019,18:00,52.0,(10.621708264608335+0j)
15187,26.10.2019,19:00,53.0,(10.689364281461948+0j)
15188,26.10.2019,20:00,55.0,(10.822164994364314+0j)
15189,26.10.2019,21:00,50.0,(10.483748386047209+0j)
15190,26.10.2019,22:00,61.0,(11.202196833891742+0j)
15191,26.10.2019,23:00,55.0,(10.822164994364314+0j)
15192,27.10.2019,00:00,64.0,(11.382908522813985+0j)
15193,27.10.2019,01:00,61.0,(11.202196833891742+0j)
15194,27.10.2019,02:00,63.0,(11.323311051132062+0j)
15195,27.10.2019,03:00,53.0,(10.689364281461948+0j)
15196,27.10.2019,04:00,60.0,(11.140645059587433+0j)
15197,27.10.2019,05:00,68.0,(11.615276661700541+0j)
15198,27.10.2019,06:00,67.0,(11.55805762209552+0j)
15199,27.10.2019,07:00,67.0,(11.55805762209552+0j)
15200,27.10.2019,08:00,65.0,(11.441888376335278+0j)
15201,27.10.2019,09:00,62.0,(11.263079534051261+0j)
15202,27.10.2019,10:00,52.0,(10.621708264608335+0j)
15203,27.10.2019,11:00,36.0,(9.396383955788593+0j)
15204,27.10.2019,12:00,23.0,(8.092869420675413+0j)
15205,27.10.2019,13:00,55.0,(10.822164994364314+0j)
15206,27.10.2019,14:00,50.0,(10.483748386047209+0j)
15207,27.10.2019,15:00,47.0,(10.269734286241032+0j)
15208,27.10.2019,16:00,28.0,(8.641303622061608+0j)
15209,27.10.2019,17:00,37.0,(9.482594128751929+0j)
15210,27.10.2019,18:00,43.0,(9.969714910096506+0j)
15211,27.10.2019,19:00,42.0,(9.891823330401618+0j)
15212,27.10.2019,20:00,38.0,(9.567264627885733+0j)
15213,27.10.2019,21:00,30.0,(8.84233584359671+0j)
15214,27.10.2019,22:00,25.0,(8.320956608290626+0j)
15215,27.10.2019,23:00,17.0,(7.317165783214581+0j)
15216,28.10.2019,00:00,15.0,(7.018166609990766+0j)
15217,28.10.2019,01:00,15.0,(7.018166609990766+0j)
15218,28.10.2019,02:00,10.0,(6.130933248752508+0j)
15219,28.10.2019,03:00,10.0,(6.130933248752508+0j)
15220,28.10.2019,04:00,7.0,(5.443680165984116+0j)
15221,28.10.2019,05:00,5.0,(4.866124944308272+0j)
15222,28.10.2019,06:00,3.0,(4.1042487314692515+0j)
15223,28.10.2019,07:00,5.0,(4.866124944308272+0j)
15224,28.10.2019,08:00,6.0,(5.171029370782441+0j)
15225,28.10.2019,09:00,0.0,0j
15226,28.10.2019,10:00,0.0,0j
15227,28.10.2019,11:00,0.0,0j
15228,28.10.2019,12:00,0.0,0j
15229,28.10.2019,13:00,0.0,0j
15230,28.10.2019,14:00,0.0,0j
15231,28.10.2019,15:00,0.0,0j
15232,28.10.2019,16:00,0.0,0j
15233,28.10.2019,17:00,0.0,0j
15234,28.10.2019,18:00,2.0,(3.585391514230274+0j)
15235,28.10.2019,19:00,5.0,(4.866124944308272+0j)
15236,28.10.2019,20:00,8.0,(5.691454261406992+0j)
15237,28.10.2019,21:00,7.0,(5.443680165984116+0j)
15238,28.10.2019,22:00,6.0,(5.171029370782441+0j)
15239,28.10.2019,23:00,6.0,(5.171029370782441+0j)
15240,29.10.2019,00:00,8.0,(5.691454261406992+0j)
15241,29.10.2019,01:00,7.0,(5.443680165984116+0j)
15242,29.10.2019,02:00,4.0,(4.517310240893176+0j)
15243,29.10.2019,03:00,7.0,(5.443680165984116+0j)
15244,29.10.2019,04:00,6.0,(5.171029370782441+0j)
15245,29.10.2019,05:00,8.0,(5.691454261406992+0j)
15246,29.10.2019,06:00,7.0,(5.443680165984116+0j)
15247,29.10.2019,07:00,9.0,(5.919350969396254+0j)
15248,29.10.2019,08:00,9.0,(5.919350969396254+0j)
15249,29.10.2019,09:00,7.0,(5.443680165984116+0j)
15250,29.10.2019,10:00,3.0,(4.1042487314692515+0j)
15251,29.10.2019,11:00,0.0,0j
15252,29.10.2019,12:00,0.0,0j
15253,29.10.2019,13:00,0.0,0j
15254,29.10.2019,14:00,0.0,0j
15255,29.10.2019,15:00,0.0,0j
15256,29.10.2019,16:00,0.0,0j
15257,29.10.2019,17:00,0.0,0j
15258,29.10.2019,18:00,0.0,0j
15259,29.10.2019,19:00,0.0,0j
15260,29.10.2019,20:00,3.0,(4.1042487314692515+0j)
15261,29.10.2019,21:00,1.0,(2.845727130703496+0j)
15262,29.10.2019,22:00,0.0,0j
15263,29.10.2019,23:00,0.0,0j
15264,30.10.2019,00:00,0.0,0j
15265,30.10.2019,01:00,0.0,0j
15266,30.10.2019,02:00,0.0,0j
15267,30.10.2019,03:00,0.0,0j
15268,30.10.2019,04:00,0.0,0j
15269,30.10.2019,05:00,0.0,0j
15270,30.10.2019,06:00,0.0,0j
15271,30.10.2019,07:00,0.0,0j
15272,30.10.2019,08:00,0.0,0j
15273,30.10.2019,09:00,0.0,0j
15274,30.10.2019,10:00,0.0,0j
15275,30.10.2019,11:00,0.0,0j
15276,30.10.2019,12:00,0.0,0j
15277,30.10.2019,13:00,0.0,0j
15278,30.10.2019,14:00,4.0,(4.517310240893176+0j)
15279,30.10.2019,15:00,3.0,(4.1042487314692515+0j)
15280,30.10.2019,16:00,2.0,(3.585391514230274+0j)
15281,30.10.2019,17:00,5.0,(4.866124944308272+0j)
15282,30.10.2019,18:00,11.0,(6.32884048187752+0j)
15283,30.10.2019,19:00,14.0,(6.858607230018604+0j)
15284,30.10.2019,20:00,15.0,(7.018166609990766+0j)
15285,30.10.2019,21:00,15.0,(7.018166609990766+0j)
15286,30.10.2019,22:00,12.0,(6.515088753873438+0j)
15287,30.10.2019,23:00,3.0,(4.1042487314692515+0j)
15288,31.10.2019,00:00,2.0,(3.585391514230274+0j)
15289,31.10.2019,01:00,1.0,(2.845727130703496+0j)
15290,31.10.2019,02:00,2.0,(3.585391514230274+0j)
15291,31.10.2019,03:00,1.0,(2.845727130703496+0j)
15292,31.10.2019,04:00,0.0,0j
15293,31.10.2019,05:00,0.0,0j
15294,31.10.2019,06:00,0.0,0j
15295,31.10.2019,07:00,0.0,0j
15296,31.10.2019,08:00,0.0,0j
15297,31.10.2019,09:00,0.0,0j
15298,31.10.2019,10:00,0.0,0j
15299,31.10.2019,11:00,0.0,0j
15300,31.10.2019,12:00,0.0,0j
15301,31.10.2019,13:00,0.0,0j
15302,31.10.2019,14:00,0.0,0j
15303,31.10.2019,15:00,0.0,0j
15304,31.10.2019,16:00,0.0,0j
15305,31.10.2019,17:00,1.0,(2.845727130703496+0j)
15306,31.10.2019,18:00,8.0,(5.691454261406992+0j)
15307,31.10.2019,19:00,10.0,(6.130933248752508+0j)
15308,31.10.2019,20:00,6.0,(5.171029370782441+0j)
15309,31.10.2019,21:00,12.0,(6.515088753873438+0j)
15310,31.10.2019,22:00,13.0,(6.691256914211192+0j)
15311,31.10.2019,23:00,16.0,(7.170783028460548+0j)
15312,01.11.2019,00:00,20.0,(7.724491855603646+0j)
15313,01.11.2019,01:00,18.0,(7.457914888057963+0j)
15314,01.11.2019,02:00,16.0,(7.170783028460548+0j)
15315,01.11.2019,03:00,12.0,(6.515088753873438+0j)
15316,01.11.2019,04:00,26.0,(8.430455436469295+0j)
15317,01.11.2019,05:00,29.0,(8.74297534497106+0j)
15318,01.11.2019,06:00,36.0,(9.396383955788593+0j)
15319,01.11.2019,07:00,45.0,(10.121947777604984+0j)
15320,01.11.2019,08:00,51.0,(10.5531792067093+0j)
15321,01.11.2019,09:00,62.0,(11.263079534051261+0j)
15322,01.11.2019,10:00,61.0,(11.202196833891742+0j)
15323,01.11.2019,11:00,60.0,(11.140645059587433+0j)
15324,01.11.2019,12:00,62.0,(11.263079534051261+0j)
15325,01.11.2019,13:00,60.0,(11.140645059587433+0j)
15326,01.11.2019,14:00,53.0,(10.689364281461948+0j)
15327,01.11.2019,15:00,53.0,(10.689364281461948+0j)
15328,01.11.2019,16:00,54.0,(10.756174542690822+0j)
15329,01.11.2019,17:00,48.0,(10.34205874156488+0j)
15330,01.11.2019,18:00,60.0,(11.140645059587433+0j)
15331,01.11.2019,19:00,59.0,(11.078405520382008+0j)
15332,01.11.2019,20:00,49.0,(10.41338553855059+0j)
15333,01.11.2019,21:00,49.0,(10.41338553855059+0j)
15334,01.11.2019,22:00,49.0,(10.41338553855059+0j)
15335,01.11.2019,23:00,46.0,(10.19637653715948+0j)
15336,02.11.2019,00:00,48.0,(10.34205874156488+0j)
15337,02.11.2019,01:00,40.0,(9.732249888616542+0j)
15338,02.11.2019,02:00,32.0,(9.034620481786352+0j)
15339,02.11.2019,03:00,34.0,(9.219051195842558+0j)
15340,02.11.2019,04:00,23.0,(8.092869420675413+0j)
15341,02.11.2019,05:00,16.0,(7.170783028460548+0j)
15342,02.11.2019,06:00,9.0,(5.919350969396254+0j)
15343,02.11.2019,07:00,10.0,(6.130933248752508+0j)
15344,02.11.2019,08:00,11.0,(6.32884048187752+0j)
15345,02.11.2019,09:00,5.0,(4.866124944308272+0j)
15346,02.11.2019,10:00,5.0,(4.866124944308272+0j)
15347,02.11.2019,11:00,6.0,(5.171029370782441+0j)
15348,02.11.2019,12:00,4.0,(4.517310240893176+0j)
15349,02.11.2019,13:00,4.0,(4.517310240893176+0j)
15350,02.11.2019,14:00,5.0,(4.866124944308272+0j)
15351,02.11.2019,15:00,6.0,(5.171029370782441+0j)
15352,02.11.2019,16:00,6.0,(5.171029370782441+0j)
15353,02.11.2019,17:00,6.0,(5.171029370782441+0j)
15354,02.11.2019,18:00,7.0,(5.443680165984116+0j)
15355,02.11.2019,19:00,4.0,(4.517310240893176+0j)
15356,02.11.2019,20:00,4.0,(4.517310240893176+0j)
15357,02.11.2019,21:00,1.0,(2.845727130703496+0j)
15358,02.11.2019,22:00,1.0,(2.845727130703496+0j)
15359,02.11.2019,23:00,0.0,0j
15360,03.11.2019,00:00,0.0,0j
15361,03.11.2019,01:00,0.0,0j
15362,03.11.2019,02:00,0.0,0j
15363,03.11.2019,03:00,0.0,0j
15364,03.11.2019,04:00,0.0,0j
15365,03.11.2019,05:00,0.0,0j
15366,03.11.2019,06:00,4.0,(4.517310240893176+0j)
15367,03.11.2019,07:00,5.0,(4.866124944308272+0j)
15368,03.11.2019,08:00,4.0,(4.517310240893176+0j)
15369,03.11.2019,09:00,2.0,(3.585391514230274+0j)
15370,03.11.2019,10:00,4.0,(4.517310240893176+0j)
15371,03.11.2019,11:00,8.0,(5.691454261406992+0j)
15372,03.11.2019,12:00,8.0,(5.691454261406992+0j)
15373,03.11.2019,13:00,1.0,(2.845727130703496+0j)
15374,03.11.2019,14:00,2.0,(3.585391514230274+0j)
15375,03.11.2019,15:00,6.0,(5.171029370782441+0j)
15376,03.11.2019,16:00,9.0,(5.919350969396254+0j)
15377,03.11.2019,17:00,14.0,(6.858607230018604+0j)
15378,03.11.2019,18:00,24.0,(8.208497462938503+0j)
15379,03.11.2019,19:00,24.0,(8.208497462938503+0j)
15380,03.11.2019,20:00,29.0,(8.74297534497106+0j)
15381,03.11.2019,21:00,30.0,(8.84233584359671+0j)
15382,03.11.2019,22:00,30.0,(8.84233584359671+0j)
15383,03.11.2019,23:00,48.0,(10.34205874156488+0j)
15384,04.11.2019,00:00,35.0,(9.308562145233848+0j)
15385,04.11.2019,01:00,42.0,(9.891823330401618+0j)
15386,04.11.2019,02:00,36.0,(9.396383955788593+0j)
15387,04.11.2019,03:00,45.0,(10.121947777604984+0j)
15388,04.11.2019,04:00,51.0,(10.5531792067093+0j)
15389,04.11.2019,05:00,49.0,(10.41338553855059+0j)
15390,04.11.2019,06:00,49.0,(10.41338553855059+0j)
15391,04.11.2019,07:00,45.0,(10.121947777604984+0j)
15392,04.11.2019,08:00,48.0,(10.34205874156488+0j)
15393,04.11.2019,09:00,48.0,(10.34205874156488+0j)
15394,04.11.2019,10:00,47.0,(10.269734286241032+0j)
15395,04.11.2019,11:00,44.0,(10.0464080386713+0j)
15396,04.11.2019,12:00,55.0,(10.822164994364314+0j)
15397,04.11.2019,13:00,66.0,(11.500266368369322+0j)
15398,04.11.2019,14:00,65.0,(11.441888376335278+0j)
15399,04.11.2019,15:00,68.0,(11.615276661700541+0j)
15400,04.11.2019,16:00,67.0,(11.55805762209552+0j)
15401,04.11.2019,17:00,62.0,(11.263079534051261+0j)
15402,04.11.2019,18:00,69.0,(11.671937444523078+0j)
15403,04.11.2019,19:00,67.0,(11.55805762209552+0j)
15404,04.11.2019,20:00,59.0,(11.078405520382008+0j)
15405,04.11.2019,21:00,67.0,(11.55805762209552+0j)
15406,04.11.2019,22:00,67.0,(11.55805762209552+0j)
15407,04.11.2019,23:00,65.0,(11.441888376335278+0j)
15408,05.11.2019,00:00,67.0,(11.55805762209552+0j)
15409,05.11.2019,01:00,60.0,(11.140645059587433+0j)
15410,05.11.2019,02:00,51.0,(10.5531792067093+0j)
15411,05.11.2019,03:00,61.0,(11.202196833891742+0j)
15412,05.11.2019,04:00,56.0,(10.887360331968232+0j)
15413,05.11.2019,05:00,47.0,(10.269734286241032+0j)
15414,05.11.2019,06:00,34.0,(9.219051195842558+0j)
15415,05.11.2019,07:00,48.0,(10.34205874156488+0j)
15416,05.11.2019,08:00,20.0,(7.724491855603646+0j)
15417,05.11.2019,09:00,14.0,(6.858607230018604+0j)
15418,05.11.2019,10:00,19.0,(7.593542967381978+0j)
15419,05.11.2019,11:00,21.0,(7.851145380281553+0j)
15420,05.11.2019,12:00,31.0,(8.939512150377235+0j)
15421,05.11.2019,13:00,37.0,(9.482594128751929+0j)
15422,05.11.2019,14:00,30.0,(8.84233584359671+0j)
15423,05.11.2019,15:00,31.0,(8.939512150377235+0j)
15424,05.11.2019,16:00,19.0,(7.593542967381978+0j)
15425,05.11.2019,17:00,14.0,(6.858607230018604+0j)
15426,05.11.2019,18:00,26.0,(8.430455436469295+0j)
15427,05.11.2019,19:00,31.0,(8.939512150377235+0j)
15428,05.11.2019,20:00,42.0,(9.891823330401618+0j)
15429,05.11.2019,21:00,41.0,(9.812685353516676+0j)
15430,05.11.2019,22:00,41.0,(9.812685353516676+0j)
15431,05.11.2019,23:00,40.0,(9.732249888616542+0j)
15432,06.11.2019,00:00,47.0,(10.269734286241032+0j)
15433,06.11.2019,01:00,30.0,(8.84233584359671+0j)
15434,06.11.2019,02:00,35.0,(9.308562145233848+0j)
15435,06.11.2019,03:00,33.0,(9.127767465531983+0j)
15436,06.11.2019,04:00,36.0,(9.396383955788593+0j)
15437,06.11.2019,05:00,34.0,(9.219051195842558+0j)
15438,06.11.2019,06:00,40.0,(9.732249888616542+0j)
15439,06.11.2019,07:00,42.0,(9.891823330401618+0j)
15440,06.11.2019,08:00,43.0,(9.969714910096506+0j)
15441,06.11.2019,09:00,40.0,(9.732249888616542+0j)
15442,06.11.2019,10:00,38.0,(9.567264627885733+0j)
15443,06.11.2019,11:00,35.0,(9.308562145233848+0j)
15444,06.11.2019,12:00,37.0,(9.482594128751929+0j)
15445,06.11.2019,13:00,25.0,(8.320956608290626+0j)
15446,06.11.2019,14:00,27.0,(8.537181392110488+0j)
15447,06.11.2019,15:00,20.0,(7.724491855603646+0j)
15448,06.11.2019,16:00,24.0,(8.208497462938503+0j)
15449,06.11.2019,17:00,26.0,(8.430455436469295+0j)
15450,06.11.2019,18:00,28.0,(8.641303622061608+0j)
15451,06.11.2019,19:00,24.0,(8.208497462938503+0j)
15452,06.11.2019,20:00,27.0,(8.537181392110488+0j)
15453,06.11.2019,21:00,33.0,(9.127767465531983+0j)
15454,06.11.2019,22:00,43.0,(9.969714910096506+0j)
15455,06.11.2019,23:00,45.0,(10.121947777604984+0j)
15456,07.11.2019,00:00,42.0,(9.891823330401618+0j)
15457,07.11.2019,01:00,13.0,(6.691256914211192+0j)
15458,07.11.2019,02:00,14.0,(6.858607230018604+0j)
15459,07.11.2019,03:00,33.0,(9.127767465531983+0j)
15460,07.11.2019,04:00,20.0,(7.724491855603646+0j)
15461,07.11.2019,05:00,35.0,(9.308562145233848+0j)
15462,07.11.2019,06:00,18.0,(7.457914888057963+0j)
15463,07.11.2019,07:00,26.0,(8.430455436469295+0j)
15464,07.11.2019,08:00,27.0,(8.537181392110488+0j)
15465,07.11.2019,09:00,25.0,(8.320956608290626+0j)
15466,07.11.2019,10:00,16.0,(7.170783028460548+0j)
15467,07.11.2019,11:00,15.0,(7.018166609990766+0j)
15468,07.11.2019,12:00,13.0,(6.691256914211192+0j)
15469,07.11.2019,13:00,16.0,(7.170783028460548+0j)
15470,07.11.2019,14:00,12.0,(6.515088753873438+0j)
15471,07.11.2019,15:00,7.0,(5.443680165984116+0j)
15472,07.11.2019,16:00,4.0,(4.517310240893176+0j)
15473,07.11.2019,17:00,4.0,(4.517310240893176+0j)
15474,07.11.2019,18:00,7.0,(5.443680165984116+0j)
15475,07.11.2019,19:00,9.0,(5.919350969396254+0j)
15476,07.11.2019,20:00,20.0,(7.724491855603646+0j)
15477,07.11.2019,21:00,14.0,(6.858607230018604+0j)
15478,07.11.2019,22:00,20.0,(7.724491855603646+0j)
15479,07.11.2019,23:00,23.0,(8.092869420675413+0j)
15480,08.11.2019,00:00,25.0,(8.320956608290626+0j)
15481,08.11.2019,01:00,22.0,(7.9738393445443+0j)
15482,08.11.2019,02:00,18.0,(7.457914888057963+0j)
15483,08.11.2019,03:00,20.0,(7.724491855603646+0j)
15484,08.11.2019,04:00,22.0,(7.9738393445443+0j)
15485,08.11.2019,05:00,11.0,(6.32884048187752+0j)
15486,08.11.2019,06:00,11.0,(6.32884048187752+0j)
15487,08.11.2019,07:00,14.0,(6.858607230018604+0j)
15488,08.11.2019,08:00,23.0,(8.092869420675413+0j)
15489,08.11.2019,09:00,26.0,(8.430455436469295+0j)
15490,08.11.2019,10:00,17.0,(7.317165783214581+0j)
15491,08.11.2019,11:00,20.0,(7.724491855603646+0j)
15492,08.11.2019,12:00,18.0,(7.457914888057963+0j)
15493,08.11.2019,13:00,26.0,(8.430455436469295+0j)
15494,08.11.2019,14:00,9.0,(5.919350969396254+0j)
15495,08.11.2019,15:00,9.0,(5.919350969396254+0j)
15496,08.11.2019,16:00,12.0,(6.515088753873438+0j)
15497,08.11.2019,17:00,5.0,(4.866124944308272+0j)
15498,08.11.2019,18:00,12.0,(6.515088753873438+0j)
15499,08.11.2019,19:00,35.0,(9.308562145233848+0j)
15500,08.11.2019,20:00,32.0,(9.034620481786352+0j)
15501,08.11.2019,21:00,30.0,(8.84233584359671+0j)
15502,08.11.2019,22:00,28.0,(8.641303622061608+0j)
15503,08.11.2019,23:00,23.0,(8.092869420675413+0j)
15504,09.11.2019,00:00,15.0,(7.018166609990766+0j)
15505,09.11.2019,01:00,16.0,(7.170783028460548+0j)
15506,09.11.2019,02:00,19.0,(7.593542967381978+0j)
15507,09.11.2019,03:00,14.0,(6.858607230018604+0j)
15508,09.11.2019,04:00,17.0,(7.317165783214581+0j)
15509,09.11.2019,05:00,17.0,(7.317165783214581+0j)
15510,09.11.2019,06:00,8.0,(5.691454261406992+0j)
15511,09.11.2019,07:00,10.0,(6.130933248752508+0j)
15512,09.11.2019,08:00,5.0,(4.866124944308272+0j)
15513,09.11.2019,09:00,7.0,(5.443680165984116+0j)
15514,09.11.2019,10:00,6.0,(5.171029370782441+0j)
15515,09.11.2019,11:00,8.0,(5.691454261406992+0j)
15516,09.11.2019,12:00,18.0,(7.457914888057963+0j)
15517,09.11.2019,13:00,6.0,(5.171029370782441+0j)
15518,09.11.2019,14:00,5.0,(4.866124944308272+0j)
15519,09.11.2019,15:00,2.0,(3.585391514230274+0j)
15520,09.11.2019,16:00,2.0,(3.585391514230274+0j)
15521,09.11.2019,17:00,2.0,(3.585391514230274+0j)
15522,09.11.2019,18:00,1.0,(2.845727130703496+0j)
15523,09.11.2019,19:00,4.0,(4.517310240893176+0j)
15524,09.11.2019,20:00,3.0,(4.1042487314692515+0j)
15525,09.11.2019,21:00,2.0,(3.585391514230274+0j)
15526,09.11.2019,22:00,5.0,(4.866124944308272+0j)
15527,09.11.2019,23:00,7.0,(5.443680165984116+0j)
15528,10.11.2019,00:00,10.0,(6.130933248752508+0j)
15529,10.11.2019,01:00,9.0,(5.919350969396254+0j)
15530,10.11.2019,02:00,9.0,(5.919350969396254+0j)
15531,10.11.2019,03:00,12.0,(6.515088753873438+0j)
15532,10.11.2019,04:00,15.0,(7.018166609990766+0j)
15533,10.11.2019,05:00,12.0,(6.515088753873438+0j)
15534,10.11.2019,06:00,12.0,(6.515088753873438+0j)
15535,10.11.2019,07:00,15.0,(7.018166609990766+0j)
15536,10.11.2019,08:00,26.0,(8.430455436469295+0j)
15537,10.11.2019,09:00,17.0,(7.317165783214581+0j)
15538,10.11.2019,10:00,12.0,(6.515088753873438+0j)
15539,10.11.2019,11:00,7.0,(5.443680165984116+0j)
15540,10.11.2019,12:00,15.0,(7.018166609990766+0j)
15541,10.11.2019,13:00,20.0,(7.724491855603646+0j)
15542,10.11.2019,14:00,4.0,(4.517310240893176+0j)
15543,10.11.2019,15:00,11.0,(6.32884048187752+0j)
15544,10.11.2019,16:00,20.0,(7.724491855603646+0j)
15545,10.11.2019,17:00,16.0,(7.170783028460548+0j)
15546,10.11.2019,18:00,17.0,(7.317165783214581+0j)
15547,10.11.2019,19:00,27.0,(8.537181392110488+0j)
15548,10.11.2019,20:00,10.0,(6.130933248752508+0j)
15549,10.11.2019,21:00,8.0,(5.691454261406992+0j)
15550,10.11.2019,22:00,3.0,(4.1042487314692515+0j)
15551,10.11.2019,23:00,1.0,(2.845727130703496+0j)
15552,11.11.2019,00:00,4.0,(4.517310240893176+0j)
15553,11.11.2019,01:00,1.0,(2.845727130703496+0j)
15554,11.11.2019,02:00,0.0,0j
15555,11.11.2019,03:00,0.0,0j
15556,11.11.2019,04:00,1.0,(2.845727130703496+0j)
15557,11.11.2019,05:00,0.0,0j
15558,11.11.2019,06:00,0.0,0j
15559,11.11.2019,07:00,0.0,0j
15560,11.11.2019,08:00,7.0,(5.443680165984116+0j)
15561,11.11.2019,09:00,30.0,(8.84233584359671+0j)
15562,11.11.2019,10:00,60.0,(11.140645059587433+0j)
15563,11.11.2019,11:00,42.0,(9.891823330401618+0j)
15564,11.11.2019,12:00,21.0,(7.851145380281553+0j)
15565,11.11.2019,13:00,1.0,(2.845727130703496+0j)
15566,11.11.2019,14:00,0.0,0j
15567,11.11.2019,15:00,0.0,0j
15568,11.11.2019,16:00,3.0,(4.1042487314692515+0j)
15569,11.11.2019,17:00,1.0,(2.845727130703496+0j)
15570,11.11.2019,18:00,0.0,0j
15571,11.11.2019,19:00,0.0,0j
15572,11.11.2019,20:00,2.0,(3.585391514230274+0j)
15573,11.11.2019,21:00,0.0,0j
15574,11.11.2019,22:00,0.0,0j
15575,11.11.2019,23:00,0.0,0j
15576,12.11.2019,00:00,1.0,(2.845727130703496+0j)
15577,12.11.2019,01:00,1.0,(2.845727130703496+0j)
15578,12.11.2019,02:00,1.0,(2.845727130703496+0j)
15579,12.11.2019,03:00,3.0,(4.1042487314692515+0j)
15580,12.11.2019,04:00,6.0,(5.171029370782441+0j)
15581,12.11.2019,05:00,8.0,(5.691454261406992+0j)
15582,12.11.2019,06:00,4.0,(4.517310240893176+0j)
15583,12.11.2019,07:00,6.0,(5.171029370782441+0j)
15584,12.11.2019,08:00,2.0,(3.585391514230274+0j)
15585,12.11.2019,09:00,2.0,(3.585391514230274+0j)
15586,12.11.2019,10:00,1.0,(2.845727130703496+0j)
15587,12.11.2019,11:00,2.0,(3.585391514230274+0j)
15588,12.11.2019,12:00,1.0,(2.845727130703496+0j)
15589,12.11.2019,13:00,1.0,(2.845727130703496+0j)
15590,12.11.2019,14:00,0.0,0j
15591,12.11.2019,15:00,0.0,0j
15592,12.11.2019,16:00,0.0,0j
15593,12.11.2019,17:00,1.0,(2.845727130703496+0j)
15594,12.11.2019,18:00,8.0,(5.691454261406992+0j)
15595,12.11.2019,19:00,17.0,(7.317165783214581+0j)
15596,12.11.2019,20:00,17.0,(7.317165783214581+0j)
15597,12.11.2019,21:00,11.0,(6.32884048187752+0j)
15598,12.11.2019,22:00,35.0,(9.308562145233848+0j)
15599,12.11.2019,23:00,42.0,(9.891823330401618+0j)
15600,13.11.2019,00:00,41.0,(9.812685353516676+0j)
15601,13.11.2019,01:00,44.0,(10.0464080386713+0j)
15602,13.11.2019,02:00,36.0,(9.396383955788593+0j)
15603,13.11.2019,03:00,41.0,(9.812685353516676+0j)
15604,13.11.2019,04:00,30.0,(8.84233584359671+0j)
15605,13.11.2019,05:00,23.0,(8.092869420675413+0j)
15606,13.11.2019,06:00,41.0,(9.812685353516676+0j)
15607,13.11.2019,07:00,38.0,(9.567264627885733+0j)
15608,13.11.2019,08:00,38.0,(9.567264627885733+0j)
15609,13.11.2019,09:00,24.0,(8.208497462938503+0j)
15610,13.11.2019,10:00,12.0,(6.515088753873438+0j)
15611,13.11.2019,11:00,8.0,(5.691454261406992+0j)
15612,13.11.2019,12:00,7.0,(5.443680165984116+0j)
15613,13.11.2019,13:00,3.0,(4.1042487314692515+0j)
15614,13.11.2019,14:00,8.0,(5.691454261406992+0j)
15615,13.11.2019,15:00,3.0,(4.1042487314692515+0j)
15616,13.11.2019,16:00,0.0,0j
15617,13.11.2019,17:00,0.0,0j
15618,13.11.2019,18:00,0.0,0j
15619,13.11.2019,19:00,5.0,(4.866124944308272+0j)
15620,13.11.2019,20:00,4.0,(4.517310240893176+0j)
15621,13.11.2019,21:00,8.0,(5.691454261406992+0j)
15622,13.11.2019,22:00,11.0,(6.32884048187752+0j)
15623,13.11.2019,23:00,9.0,(5.919350969396254+0j)
15624,14.11.2019,00:00,20.0,(7.724491855603646+0j)
15625,14.11.2019,01:00,13.0,(6.691256914211192+0j)
15626,14.11.2019,02:00,20.0,(7.724491855603646+0j)
15627,14.11.2019,03:00,7.0,(5.443680165984116+0j)
15628,14.11.2019,04:00,7.0,(5.443680165984116+0j)
15629,14.11.2019,05:00,10.0,(6.130933248752508+0j)
15630,14.11.2019,06:00,8.0,(5.691454261406992+0j)
15631,14.11.2019,07:00,6.0,(5.171029370782441+0j)
15632,14.11.2019,08:00,11.0,(6.32884048187752+0j)
15633,14.11.2019,09:00,10.0,(6.130933248752508+0j)
15634,14.11.2019,10:00,4.0,(4.517310240893176+0j)
15635,14.11.2019,11:00,1.0,(2.845727130703496+0j)
15636,14.11.2019,12:00,2.0,(3.585391514230274+0j)
15637,14.11.2019,13:00,2.0,(3.585391514230274+0j)
15638,14.11.2019,14:00,0.0,0j
15639,14.11.2019,15:00,0.0,0j
15640,14.11.2019,16:00,0.0,0j
15641,14.11.2019,17:00,0.0,0j
15642,14.11.2019,18:00,0.0,0j
15643,14.11.2019,19:00,4.0,(4.517310240893176+0j)
15644,14.11.2019,20:00,5.0,(4.866124944308272+0j)
15645,14.11.2019,21:00,10.0,(6.130933248752508+0j)
15646,14.11.2019,22:00,15.0,(7.018166609990766+0j)
15647,14.11.2019,23:00,5.0,(4.866124944308272+0j)
15648,15.11.2019,00:00,5.0,(4.866124944308272+0j)
15649,15.11.2019,01:00,5.0,(4.866124944308272+0j)
15650,15.11.2019,02:00,4.0,(4.517310240893176+0j)
15651,15.11.2019,03:00,5.0,(4.866124944308272+0j)
15652,15.11.2019,04:00,5.0,(4.866124944308272+0j)
15653,15.11.2019,05:00,1.0,(2.845727130703496+0j)
15654,15.11.2019,06:00,2.0,(3.585391514230274+0j)
15655,15.11.2019,07:00,1.0,(2.845727130703496+0j)
15656,15.11.2019,08:00,0.0,0j
15657,15.11.2019,09:00,0.0,0j
15658,15.11.2019,10:00,0.0,0j
15659,15.11.2019,11:00,0.0,0j
15660,15.11.2019,12:00,0.0,0j
15661,15.11.2019,13:00,0.0,0j
15662,15.11.2019,14:00,0.0,0j
15663,15.11.2019,15:00,0.0,0j
15664,15.11.2019,16:00,0.0,0j
15665,15.11.2019,17:00,0.0,0j
15666,15.11.2019,18:00,0.0,0j
15667,15.11.2019,19:00,0.0,0j
15668,15.11.2019,20:00,0.0,0j
15669,15.11.2019,21:00,1.0,(2.845727130703496+0j)
15670,15.11.2019,22:00,1.0,(2.845727130703496+0j)
15671,15.11.2019,23:00,1.0,(2.845727130703496+0j)
15672,16.11.2019,00:00,8.0,(5.691454261406992+0j)
15673,16.11.2019,01:00,9.0,(5.919350969396254+0j)
15674,16.11.2019,02:00,8.0,(5.691454261406992+0j)
15675,16.11.2019,03:00,6.0,(5.171029370782441+0j)
15676,16.11.2019,04:00,5.0,(4.866124944308272+0j)
15677,16.11.2019,05:00,5.0,(4.866124944308272+0j)
15678,16.11.2019,06:00,3.0,(4.1042487314692515+0j)
15679,16.11.2019,07:00,3.0,(4.1042487314692515+0j)
15680,16.11.2019,08:00,6.0,(5.171029370782441+0j)
15681,16.11.2019,09:00,1.0,(2.845727130703496+0j)
15682,16.11.2019,10:00,0.0,0j
15683,16.11.2019,11:00,0.0,0j
15684,16.11.2019,12:00,0.0,0j
15685,16.11.2019,13:00,0.0,0j
15686,16.11.2019,14:00,0.0,0j
15687,16.11.2019,15:00,6.0,(5.171029370782441+0j)
15688,16.11.2019,16:00,6.0,(5.171029370782441+0j)
15689,16.11.2019,17:00,11.0,(6.32884048187752+0j)
15690,16.11.2019,18:00,13.0,(6.691256914211192+0j)
15691,16.11.2019,19:00,6.0,(5.171029370782441+0j)
15692,16.11.2019,20:00,4.0,(4.517310240893176+0j)
15693,16.11.2019,21:00,0.0,0j
15694,16.11.2019,22:00,0.0,0j
15695,16.11.2019,23:00,2.0,(3.585391514230274+0j)
15696,17.11.2019,00:00,1.0,(2.845727130703496+0j)
15697,17.11.2019,01:00,1.0,(2.845727130703496+0j)
15698,17.11.2019,02:00,4.0,(4.517310240893176+0j)
15699,17.11.2019,03:00,3.0,(4.1042487314692515+0j)
15700,17.11.2019,04:00,4.0,(4.517310240893176+0j)
15701,17.11.2019,05:00,3.0,(4.1042487314692515+0j)
15702,17.11.2019,06:00,2.0,(3.585391514230274+0j)
15703,17.11.2019,07:00,0.0,0j
15704,17.11.2019,08:00,0.0,0j
15705,17.11.2019,09:00,0.0,0j
15706,17.11.2019,10:00,0.0,0j
15707,17.11.2019,11:00,0.0,0j
15708,17.11.2019,12:00,0.0,0j
15709,17.11.2019,13:00,0.0,0j
15710,17.11.2019,14:00,0.0,0j
15711,17.11.2019,15:00,1.0,(2.845727130703496+0j)
15712,17.11.2019,16:00,6.0,(5.171029370782441+0j)
15713,17.11.2019,17:00,10.0,(6.130933248752508+0j)
15714,17.11.2019,18:00,7.0,(5.443680165984116+0j)
15715,17.11.2019,19:00,3.0,(4.1042487314692515+0j)
15716,17.11.2019,20:00,3.0,(4.1042487314692515+0j)
15717,17.11.2019,21:00,6.0,(5.171029370782441+0j)
15718,17.11.2019,22:00,9.0,(5.919350969396254+0j)
15719,17.11.2019,23:00,11.0,(6.32884048187752+0j)
15720,18.11.2019,00:00,16.0,(7.170783028460548+0j)
15721,18.11.2019,01:00,14.0,(6.858607230018604+0j)
15722,18.11.2019,02:00,11.0,(6.32884048187752+0j)
15723,18.11.2019,03:00,11.0,(6.32884048187752+0j)
15724,18.11.2019,04:00,7.0,(5.443680165984116+0j)
15725,18.11.2019,05:00,17.0,(7.317165783214581+0j)
15726,18.11.2019,06:00,20.0,(7.724491855603646+0j)
15727,18.11.2019,07:00,33.0,(9.127767465531983+0j)
15728,18.11.2019,08:00,26.0,(8.430455436469295+0j)
15729,18.11.2019,09:00,26.0,(8.430455436469295+0j)
15730,18.11.2019,10:00,10.0,(6.130933248752508+0j)
15731,18.11.2019,11:00,1.0,(2.845727130703496+0j)
15732,18.11.2019,12:00,1.0,(2.845727130703496+0j)
15733,18.11.2019,13:00,3.0,(4.1042487314692515+0j)
15734,18.11.2019,14:00,7.0,(5.443680165984116+0j)
15735,18.11.2019,15:00,12.0,(6.515088753873438+0j)
15736,18.11.2019,16:00,7.0,(5.443680165984116+0j)
15737,18.11.2019,17:00,7.0,(5.443680165984116+0j)
15738,18.11.2019,18:00,4.0,(4.517310240893176+0j)
15739,18.11.2019,19:00,5.0,(4.866124944308272+0j)
15740,18.11.2019,20:00,0.0,0j
15741,18.11.2019,21:00,3.0,(4.1042487314692515+0j)
15742,18.11.2019,22:00,5.0,(4.866124944308272+0j)
15743,18.11.2019,23:00,1.0,(2.845727130703496+0j)
15744,19.11.2019,00:00,0.0,0j
15745,19.11.2019,01:00,0.0,0j
15746,19.11.2019,02:00,0.0,0j
15747,19.11.2019,03:00,0.0,0j
15748,19.11.2019,04:00,0.0,0j
15749,19.11.2019,05:00,0.0,0j
15750,19.11.2019,06:00,0.0,0j
15751,19.11.2019,07:00,0.0,0j
15752,19.11.2019,08:00,0.0,0j
15753,19.11.2019,09:00,0.0,0j
15754,19.11.2019,10:00,0.0,0j
15755,19.11.2019,11:00,0.0,0j
15756,19.11.2019,12:00,0.0,0j
15757,19.11.2019,13:00,0.0,0j
15758,19.11.2019,14:00,0.0,0j
15759,19.11.2019,15:00,0.0,0j
15760,19.11.2019,16:00,0.0,0j
15761,19.11.2019,17:00,0.0,0j
15762,19.11.2019,18:00,1.0,(2.845727130703496+0j)
15763,19.11.2019,19:00,3.0,(4.1042487314692515+0j)
15764,19.11.2019,20:00,5.0,(4.866124944308272+0j)
15765,19.11.2019,21:00,2.0,(3.585391514230274+0j)
15766,19.11.2019,22:00,0.0,0j
15767,19.11.2019,23:00,0.0,0j
15768,20.11.2019,00:00,0.0,0j
15769,20.11.2019,01:00,0.0,0j
15770,20.11.2019,02:00,0.0,0j
15771,20.11.2019,03:00,0.0,0j
15772,20.11.2019,04:00,0.0,0j
15773,20.11.2019,05:00,1.0,(2.845727130703496+0j)
15774,20.11.2019,06:00,1.0,(2.845727130703496+0j)
15775,20.11.2019,07:00,1.0,(2.845727130703496+0j)
15776,20.11.2019,08:00,0.0,0j
15777,20.11.2019,09:00,0.0,0j
15778,20.11.2019,10:00,0.0,0j
15779,20.11.2019,11:00,0.0,0j
15780,20.11.2019,12:00,0.0,0j
15781,20.11.2019,13:00,0.0,0j
15782,20.11.2019,14:00,1.0,(2.845727130703496+0j)
15783,20.11.2019,15:00,0.0,0j
15784,20.11.2019,16:00,0.0,0j
15785,20.11.2019,17:00,0.0,0j
15786,20.11.2019,18:00,0.0,0j
15787,20.11.2019,19:00,1.0,(2.845727130703496+0j)
15788,20.11.2019,20:00,3.0,(4.1042487314692515+0j)
15789,20.11.2019,21:00,2.0,(3.585391514230274+0j)
15790,20.11.2019,22:00,5.0,(4.866124944308272+0j)
15791,20.11.2019,23:00,4.0,(4.517310240893176+0j)
15792,21.11.2019,00:00,9.0,(5.919350969396254+0j)
15793,21.11.2019,01:00,7.0,(5.443680165984116+0j)
15794,21.11.2019,02:00,3.0,(4.1042487314692515+0j)
15795,21.11.2019,03:00,3.0,(4.1042487314692515+0j)
15796,21.11.2019,04:00,4.0,(4.517310240893176+0j)
15797,21.11.2019,05:00,1.0,(2.845727130703496+0j)
15798,21.11.2019,06:00,4.0,(4.517310240893176+0j)
15799,21.11.2019,07:00,3.0,(4.1042487314692515+0j)
15800,21.11.2019,08:00,0.0,0j
15801,21.11.2019,09:00,0.0,0j
15802,21.11.2019,10:00,0.0,0j
15803,21.11.2019,11:00,0.0,0j
15804,21.11.2019,12:00,0.0,0j
15805,21.11.2019,13:00,0.0,0j
15806,21.11.2019,14:00,0.0,0j
15807,21.11.2019,15:00,0.0,0j
15808,21.11.2019,16:00,0.0,0j
15809,21.11.2019,17:00,0.0,0j
15810,21.11.2019,18:00,0.0,0j
15811,21.11.2019,19:00,0.0,0j
15812,21.11.2019,20:00,0.0,0j
15813,21.11.2019,21:00,0.0,0j
15814,21.11.2019,22:00,0.0,0j
15815,21.11.2019,23:00,0.0,0j
15816,22.11.2019,00:00,2.0,(3.585391514230274+0j)
15817,22.11.2019,01:00,4.0,(4.517310240893176+0j)
15818,22.11.2019,02:00,0.0,0j
15819,22.11.2019,03:00,3.0,(4.1042487314692515+0j)
15820,22.11.2019,04:00,2.0,(3.585391514230274+0j)
15821,22.11.2019,05:00,0.0,0j
15822,22.11.2019,06:00,9.0,(5.919350969396254+0j)
15823,22.11.2019,07:00,1.0,(2.845727130703496+0j)
15824,22.11.2019,08:00,25.0,(8.320956608290626+0j)
15825,22.11.2019,09:00,25.0,(8.320956608290626+0j)
15826,22.11.2019,10:00,22.0,(7.9738393445443+0j)
15827,22.11.2019,11:00,5.0,(4.866124944308272+0j)
15828,22.11.2019,12:00,4.0,(4.517310240893176+0j)
15829,22.11.2019,13:00,10.0,(6.130933248752508+0j)
15830,22.11.2019,14:00,8.0,(5.691454261406992+0j)
15831,22.11.2019,15:00,1.0,(2.845727130703496+0j)
15832,22.11.2019,16:00,0.0,0j
15833,22.11.2019,17:00,0.0,0j
15834,22.11.2019,18:00,0.0,0j
15835,22.11.2019,19:00,0.0,0j
15836,22.11.2019,20:00,0.0,0j
15837,22.11.2019,21:00,0.0,0j
15838,22.11.2019,22:00,0.0,0j
15839,22.11.2019,23:00,0.0,0j
15840,23.11.2019,00:00,0.0,0j
15841,23.11.2019,01:00,0.0,0j
15842,23.11.2019,02:00,0.0,0j
15843,23.11.2019,03:00,0.0,0j
15844,23.11.2019,04:00,0.0,0j
15845,23.11.2019,05:00,0.0,0j
15846,23.11.2019,06:00,0.0,0j
15847,23.11.2019,07:00,0.0,0j
15848,23.11.2019,08:00,0.0,0j
15849,23.11.2019,09:00,0.0,0j
15850,23.11.2019,10:00,0.0,0j
15851,23.11.2019,11:00,0.0,0j
15852,23.11.2019,12:00,0.0,0j
15853,23.11.2019,13:00,0.0,0j
15854,23.11.2019,14:00,0.0,0j
15855,23.11.2019,15:00,0.0,0j
15856,23.11.2019,16:00,0.0,0j
15857,23.11.2019,17:00,0.0,0j
15858,23.11.2019,18:00,0.0,0j
15859,23.11.2019,19:00,0.0,0j
15860,23.11.2019,20:00,0.0,0j
15861,23.11.2019,21:00,0.0,0j
15862,23.11.2019,22:00,0.0,0j
15863,23.11.2019,23:00,0.0,0j
15864,24.11.2019,00:00,0.0,0j
15865,24.11.2019,01:00,0.0,0j
15866,24.11.2019,02:00,0.0,0j
15867,24.11.2019,03:00,0.0,0j
15868,24.11.2019,04:00,0.0,0j
15869,24.11.2019,05:00,0.0,0j
15870,24.11.2019,06:00,0.0,0j
15871,24.11.2019,07:00,0.0,0j
15872,24.11.2019,08:00,0.0,0j
15873,24.11.2019,09:00,0.0,0j
15874,24.11.2019,10:00,0.0,0j
15875,24.11.2019,11:00,0.0,0j
15876,24.11.2019,12:00,0.0,0j
15877,24.11.2019,13:00,0.0,0j
15878,24.11.2019,14:00,0.0,0j
15879,24.11.2019,15:00,0.0,0j
15880,24.11.2019,16:00,0.0,0j
15881,24.11.2019,17:00,0.0,0j
15882,24.11.2019,18:00,0.0,0j
15883,24.11.2019,19:00,0.0,0j
15884,24.11.2019,20:00,1.0,(2.845727130703496+0j)
15885,24.11.2019,21:00,1.0,(2.845727130703496+0j)
15886,24.11.2019,22:00,4.0,(4.517310240893176+0j)
15887,24.11.2019,23:00,5.0,(4.866124944308272+0j)
15888,25.11.2019,00:00,16.0,(7.170783028460548+0j)
15889,25.11.2019,01:00,15.0,(7.018166609990766+0j)
15890,25.11.2019,02:00,13.0,(6.691256914211192+0j)
15891,25.11.2019,03:00,22.0,(7.9738393445443+0j)
15892,25.11.2019,04:00,25.0,(8.320956608290626+0j)
15893,25.11.2019,05:00,3.0,(4.1042487314692515+0j)
15894,25.11.2019,06:00,25.0,(8.320956608290626+0j)
15895,25.11.2019,07:00,36.0,(9.396383955788593+0j)
15896,25.11.2019,08:00,53.0,(10.689364281461948+0j)
15897,25.11.2019,09:00,40.0,(9.732249888616542+0j)
15898,25.11.2019,10:00,50.0,(10.483748386047209+0j)
15899,25.11.2019,11:00,55.0,(10.822164994364314+0j)
15900,25.11.2019,12:00,52.0,(10.621708264608335+0j)
15901,25.11.2019,13:00,45.0,(10.121947777604984+0j)
15902,25.11.2019,14:00,50.0,(10.483748386047209+0j)
15903,25.11.2019,15:00,65.0,(11.441888376335278+0j)
15904,25.11.2019,16:00,44.0,(10.0464080386713+0j)
15905,25.11.2019,17:00,15.0,(7.018166609990766+0j)
15906,25.11.2019,18:00,3.0,(4.1042487314692515+0j)
15907,25.11.2019,19:00,37.0,(9.482594128751929+0j)
15908,25.11.2019,20:00,48.0,(10.34205874156488+0j)
15909,25.11.2019,21:00,46.0,(10.19637653715948+0j)
15910,25.11.2019,22:00,30.0,(8.84233584359671+0j)
15911,25.11.2019,23:00,34.0,(9.219051195842558+0j)
15912,26.11.2019,00:00,14.0,(6.858607230018604+0j)
15913,26.11.2019,01:00,11.0,(6.32884048187752+0j)
15914,26.11.2019,02:00,4.0,(4.517310240893176+0j)
15915,26.11.2019,03:00,8.0,(5.691454261406992+0j)
15916,26.11.2019,04:00,5.0,(4.866124944308272+0j)
15917,26.11.2019,05:00,3.0,(4.1042487314692515+0j)
15918,26.11.2019,06:00,8.0,(5.691454261406992+0j)
15919,26.11.2019,07:00,4.0,(4.517310240893176+0j)
15920,26.11.2019,08:00,6.0,(5.171029370782441+0j)
15921,26.11.2019,09:00,0.0,0j
15922,26.11.2019,10:00,0.0,0j
15923,26.11.2019,11:00,0.0,0j
15924,26.11.2019,12:00,0.0,0j
15925,26.11.2019,13:00,0.0,0j
15926,26.11.2019,14:00,0.0,0j
15927,26.11.2019,15:00,0.0,0j
15928,26.11.2019,16:00,2.0,(3.585391514230274+0j)
15929,26.11.2019,17:00,2.0,(3.585391514230274+0j)
15930,26.11.2019,18:00,3.0,(4.1042487314692515+0j)
15931,26.11.2019,19:00,3.0,(4.1042487314692515+0j)
15932,26.11.2019,20:00,2.0,(3.585391514230274+0j)
15933,26.11.2019,21:00,0.0,0j
15934,26.11.2019,22:00,0.0,0j
15935,26.11.2019,23:00,0.0,0j
15936,27.11.2019,00:00,0.0,0j
15937,27.11.2019,01:00,2.0,(3.585391514230274+0j)
15938,27.11.2019,02:00,2.0,(3.585391514230274+0j)
15939,27.11.2019,03:00,3.0,(4.1042487314692515+0j)
15940,27.11.2019,04:00,8.0,(5.691454261406992+0j)
15941,27.11.2019,05:00,9.0,(5.919350969396254+0j)
15942,27.11.2019,06:00,9.0,(5.919350969396254+0j)
15943,27.11.2019,07:00,6.0,(5.171029370782441+0j)
15944,27.11.2019,08:00,9.0,(5.919350969396254+0j)
15945,27.11.2019,09:00,5.0,(4.866124944308272+0j)
15946,27.11.2019,10:00,1.0,(2.845727130703496+0j)
15947,27.11.2019,11:00,1.0,(2.845727130703496+0j)
15948,27.11.2019,12:00,1.0,(2.845727130703496+0j)
15949,27.11.2019,13:00,0.0,0j
15950,27.11.2019,14:00,0.0,0j
15951,27.11.2019,15:00,0.0,0j
15952,27.11.2019,16:00,0.0,0j
15953,27.11.2019,17:00,0.0,0j
15954,27.11.2019,18:00,0.0,0j
15955,27.11.2019,19:00,0.0,0j
15956,27.11.2019,20:00,0.0,0j
15957,27.11.2019,21:00,0.0,0j
15958,27.11.2019,22:00,0.0,0j
15959,27.11.2019,23:00,0.0,0j
15960,28.11.2019,00:00,0.0,0j
15961,28.11.2019,01:00,0.0,0j
15962,28.11.2019,02:00,1.0,(2.845727130703496+0j)
15963,28.11.2019,03:00,0.0,0j
15964,28.11.2019,04:00,3.0,(4.1042487314692515+0j)
15965,28.11.2019,05:00,4.0,(4.517310240893176+0j)
15966,28.11.2019,06:00,8.0,(5.691454261406992+0j)
15967,28.11.2019,07:00,14.0,(6.858607230018604+0j)
15968,28.11.2019,08:00,20.0,(7.724491855603646+0j)
15969,28.11.2019,09:00,23.0,(8.092869420675413+0j)
15970,28.11.2019,10:00,14.0,(6.858607230018604+0j)
15971,28.11.2019,11:00,17.0,(7.317165783214581+0j)
15972,28.11.2019,12:00,13.0,(6.691256914211192+0j)
15973,28.11.2019,13:00,14.0,(6.858607230018604+0j)
15974,28.11.2019,14:00,18.0,(7.457914888057963+0j)
15975,28.11.2019,15:00,21.0,(7.851145380281553+0j)
15976,28.11.2019,16:00,22.0,(7.9738393445443+0j)
15977,28.11.2019,17:00,22.0,(7.9738393445443+0j)
15978,28.11.2019,18:00,31.0,(8.939512150377235+0j)
15979,28.11.2019,19:00,38.0,(9.567264627885733+0j)
15980,28.11.2019,20:00,42.0,(9.891823330401618+0j)
15981,28.11.2019,21:00,54.0,(10.756174542690822+0j)
15982,28.11.2019,22:00,48.0,(10.34205874156488+0j)
15983,28.11.2019,23:00,45.0,(10.121947777604984+0j)
15984,29.11.2019,00:00,41.0,(9.812685353516676+0j)
15985,29.11.2019,01:00,57.0,(10.9517840818175+0j)
15986,29.11.2019,02:00,62.0,(11.263079534051261+0j)
15987,29.11.2019,03:00,66.0,(11.500266368369322+0j)
15988,29.11.2019,04:00,68.0,(11.615276661700541+0j)
15989,29.11.2019,05:00,65.0,(11.441888376335278+0j)
15990,29.11.2019,06:00,69.0,(11.671937444523078+0j)
15991,29.11.2019,07:00,68.0,(11.615276661700541+0j)
15992,29.11.2019,08:00,62.0,(11.263079534051261+0j)
15993,29.11.2019,09:00,69.0,(11.671937444523078+0j)
15994,29.11.2019,10:00,65.0,(11.441888376335278+0j)
15995,29.11.2019,11:00,59.0,(11.078405520382008+0j)
15996,29.11.2019,12:00,66.0,(11.500266368369322+0j)
15997,29.11.2019,13:00,64.0,(11.382908522813985+0j)
15998,29.11.2019,14:00,63.0,(11.323311051132062+0j)
15999,29.11.2019,15:00,63.0,(11.323311051132062+0j)
16000,29.11.2019,16:00,48.0,(10.34205874156488+0j)
16001,29.11.2019,17:00,30.0,(8.84233584359671+0j)
16002,29.11.2019,18:00,30.0,(8.84233584359671+0j)
16003,29.11.2019,19:00,16.0,(7.170783028460548+0j)
16004,29.11.2019,20:00,9.0,(5.919350969396254+0j)
16005,29.11.2019,21:00,6.0,(5.171029370782441+0j)
16006,29.11.2019,22:00,8.0,(5.691454261406992+0j)
16007,29.11.2019,23:00,8.0,(5.691454261406992+0j)
16008,30.11.2019,00:00,10.0,(6.130933248752508+0j)
16009,30.11.2019,01:00,11.0,(6.32884048187752+0j)
16010,30.11.2019,02:00,8.0,(5.691454261406992+0j)
16011,30.11.2019,03:00,5.0,(4.866124944308272+0j)
16012,30.11.2019,04:00,6.0,(5.171029370782441+0j)
16013,30.11.2019,05:00,6.0,(5.171029370782441+0j)
16014,30.11.2019,06:00,8.0,(5.691454261406992+0j)
16015,30.11.2019,07:00,14.0,(6.858607230018604+0j)
16016,30.11.2019,08:00,19.0,(7.593542967381978+0j)
16017,30.11.2019,09:00,22.0,(7.9738393445443+0j)
16018,30.11.2019,10:00,41.0,(9.812685353516676+0j)
16019,30.11.2019,11:00,44.0,(10.0464080386713+0j)
16020,30.11.2019,12:00,22.0,(7.9738393445443+0j)
16021,30.11.2019,13:00,45.0,(10.121947777604984+0j)
16022,30.11.2019,14:00,54.0,(10.756174542690822+0j)
16023,30.11.2019,15:00,49.0,(10.41338553855059+0j)
16024,30.11.2019,16:00,48.0,(10.34205874156488+0j)
16025,30.11.2019,17:00,27.0,(8.537181392110488+0j)
16026,30.11.2019,18:00,23.0,(8.092869420675413+0j)
16027,30.11.2019,19:00,23.0,(8.092869420675413+0j)
16028,30.11.2019,20:00,22.0,(7.9738393445443+0j)
16029,30.11.2019,21:00,19.0,(7.593542967381978+0j)
16030,30.11.2019,22:00,20.0,(7.724491855603646+0j)
16031,30.11.2019,23:00,15.0,(7.018166609990766+0j)
16032,01.12.2019,00:00,25.0,(8.320956608290626+0j)
16033,01.12.2019,01:00,8.0,(5.691454261406992+0j)
16034,01.12.2019,02:00,17.0,(7.317165783214581+0j)
16035,01.12.2019,03:00,29.0,(8.74297534497106+0j)
16036,01.12.2019,04:00,24.0,(8.208497462938503+0j)
16037,01.12.2019,05:00,23.0,(8.092869420675413+0j)
16038,01.12.2019,06:00,36.0,(9.396383955788593+0j)
16039,01.12.2019,07:00,46.0,(10.19637653715948+0j)
16040,01.12.2019,08:00,46.0,(10.19637653715948+0j)
16041,01.12.2019,09:00,47.0,(10.269734286241032+0j)
16042,01.12.2019,10:00,52.0,(10.621708264608335+0j)
16043,01.12.2019,11:00,44.0,(10.0464080386713+0j)
16044,01.12.2019,12:00,41.0,(9.812685353516676+0j)
16045,01.12.2019,13:00,51.0,(10.5531792067093+0j)
16046,01.12.2019,14:00,57.0,(10.9517840818175+0j)
16047,01.12.2019,15:00,60.0,(11.140645059587433+0j)
16048,01.12.2019,16:00,63.0,(11.323311051132062+0j)
16049,01.12.2019,17:00,60.0,(11.140645059587433+0j)
16050,01.12.2019,18:00,65.0,(11.441888376335278+0j)
16051,01.12.2019,19:00,63.0,(11.323311051132062+0j)
16052,01.12.2019,20:00,61.0,(11.202196833891742+0j)
16053,01.12.2019,21:00,60.0,(11.140645059587433+0j)
16054,01.12.2019,22:00,52.0,(10.621708264608335+0j)
16055,01.12.2019,23:00,50.0,(10.483748386047209+0j)
16056,02.12.2019,00:00,30.0,(8.84233584359671+0j)
16057,02.12.2019,01:00,30.0,(8.84233584359671+0j)
16058,02.12.2019,02:00,25.0,(8.320956608290626+0j)
16059,02.12.2019,03:00,18.0,(7.457914888057963+0j)
16060,02.12.2019,04:00,20.0,(7.724491855603646+0j)
16061,02.12.2019,05:00,15.0,(7.018166609990766+0j)
16062,02.12.2019,06:00,7.0,(5.443680165984116+0j)
16063,02.12.2019,07:00,7.0,(5.443680165984116+0j)
16064,02.12.2019,08:00,10.0,(6.130933248752508+0j)
16065,02.12.2019,09:00,5.0,(4.866124944308272+0j)
16066,02.12.2019,10:00,1.0,(2.845727130703496+0j)
16067,02.12.2019,11:00,0.0,0j
16068,02.12.2019,12:00,0.0,0j
16069,02.12.2019,13:00,0.0,0j
16070,02.12.2019,14:00,0.0,0j
16071,02.12.2019,15:00,1.0,(2.845727130703496+0j)
16072,02.12.2019,16:00,0.0,0j
16073,02.12.2019,17:00,0.0,0j
16074,02.12.2019,18:00,0.0,0j
16075,02.12.2019,19:00,0.0,0j
16076,02.12.2019,20:00,1.0,(2.845727130703496+0j)
16077,02.12.2019,21:00,0.0,0j
16078,02.12.2019,22:00,3.0,(4.1042487314692515+0j)
16079,02.12.2019,23:00,3.0,(4.1042487314692515+0j)
16080,03.12.2019,00:00,2.0,(3.585391514230274+0j)
16081,03.12.2019,01:00,0.0,0j
16082,03.12.2019,02:00,0.0,0j
16083,03.12.2019,03:00,1.0,(2.845727130703496+0j)
16084,03.12.2019,04:00,0.0,0j
16085,03.12.2019,05:00,0.0,0j
16086,03.12.2019,06:00,0.0,0j
16087,03.12.2019,07:00,0.0,0j
16088,03.12.2019,08:00,0.0,0j
16089,03.12.2019,09:00,0.0,0j
16090,03.12.2019,10:00,0.0,0j
16091,03.12.2019,11:00,0.0,0j
16092,03.12.2019,12:00,0.0,0j
16093,03.12.2019,13:00,0.0,0j
16094,03.12.2019,14:00,0.0,0j
16095,03.12.2019,15:00,0.0,0j
16096,03.12.2019,16:00,0.0,0j
16097,03.12.2019,17:00,0.0,0j
16098,03.12.2019,18:00,0.0,0j
16099,03.12.2019,19:00,0.0,0j
16100,03.12.2019,20:00,0.0,0j
16101,03.12.2019,21:00,1.0,(2.845727130703496+0j)
16102,03.12.2019,22:00,1.0,(2.845727130703496+0j)
16103,03.12.2019,23:00,0.0,0j
16104,04.12.2019,00:00,0.0,0j
16105,04.12.2019,01:00,0.0,0j
16106,04.12.2019,02:00,0.0,0j
16107,04.12.2019,03:00,4.0,(4.517310240893176+0j)
16108,04.12.2019,04:00,6.0,(5.171029370782441+0j)
16109,04.12.2019,05:00,5.0,(4.866124944308272+0j)
16110,04.12.2019,06:00,21.0,(7.851145380281553+0j)
16111,04.12.2019,07:00,32.0,(9.034620481786352+0j)
16112,04.12.2019,08:00,22.0,(7.9738393445443+0j)
16113,04.12.2019,09:00,53.0,(10.689364281461948+0j)
16114,04.12.2019,10:00,58.0,(11.015458675840927+0j)
16115,04.12.2019,11:00,52.0,(10.621708264608335+0j)
16116,04.12.2019,12:00,54.0,(10.756174542690822+0j)
16117,04.12.2019,13:00,58.0,(11.015458675840927+0j)
16118,04.12.2019,14:00,64.0,(11.382908522813985+0j)
16119,04.12.2019,15:00,67.0,(11.55805762209552+0j)
16120,04.12.2019,16:00,66.0,(11.500266368369322+0j)
16121,04.12.2019,17:00,68.0,(11.615276661700541+0j)
16122,04.12.2019,18:00,68.0,(11.615276661700541+0j)
16123,04.12.2019,19:00,66.0,(11.500266368369322+0j)
16124,04.12.2019,20:00,68.0,(11.615276661700541+0j)
16125,04.12.2019,21:00,68.0,(11.615276661700541+0j)
16126,04.12.2019,22:00,69.0,(11.671937444523078+0j)
16127,04.12.2019,23:00,69.0,(11.671937444523078+0j)
16128,05.12.2019,00:00,69.0,(11.671937444523078+0j)
16129,05.12.2019,01:00,68.0,(11.615276661700541+0j)
16130,05.12.2019,02:00,68.0,(11.615276661700541+0j)
16131,05.12.2019,03:00,69.0,(11.671937444523078+0j)
16132,05.12.2019,04:00,68.0,(11.615276661700541+0j)
16133,05.12.2019,05:00,66.0,(11.500266368369322+0j)
16134,05.12.2019,06:00,65.0,(11.441888376335278+0j)
16135,05.12.2019,07:00,57.0,(10.9517840818175+0j)
16136,05.12.2019,08:00,42.0,(9.891823330401618+0j)
16137,05.12.2019,09:00,50.0,(10.483748386047209+0j)
16138,05.12.2019,10:00,46.0,(10.19637653715948+0j)
16139,05.12.2019,11:00,60.0,(11.140645059587433+0j)
16140,05.12.2019,12:00,51.0,(10.5531792067093+0j)
16141,05.12.2019,13:00,57.0,(10.9517840818175+0j)
16142,05.12.2019,14:00,60.0,(11.140645059587433+0j)
16143,05.12.2019,15:00,62.0,(11.263079534051261+0j)
16144,05.12.2019,16:00,56.0,(10.887360331968232+0j)
16145,05.12.2019,17:00,53.0,(10.689364281461948+0j)
16146,05.12.2019,18:00,40.0,(9.732249888616542+0j)
16147,05.12.2019,19:00,55.0,(10.822164994364314+0j)
16148,05.12.2019,20:00,24.0,(8.208497462938503+0j)
16149,05.12.2019,21:00,24.0,(8.208497462938503+0j)
16150,05.12.2019,22:00,18.0,(7.457914888057963+0j)
16151,05.12.2019,23:00,31.0,(8.939512150377235+0j)
16152,06.12.2019,00:00,15.0,(7.018166609990766+0j)
16153,06.12.2019,01:00,15.0,(7.018166609990766+0j)
16154,06.12.2019,02:00,22.0,(7.9738393445443+0j)
16155,06.12.2019,03:00,25.0,(8.320956608290626+0j)
16156,06.12.2019,04:00,33.0,(9.127767465531983+0j)
16157,06.12.2019,05:00,20.0,(7.724491855603646+0j)
16158,06.12.2019,06:00,36.0,(9.396383955788593+0j)
16159,06.12.2019,07:00,31.0,(8.939512150377235+0j)
16160,06.12.2019,08:00,33.0,(9.127767465531983+0j)
16161,06.12.2019,09:00,6.0,(5.171029370782441+0j)
16162,06.12.2019,10:00,0.0,0j
16163,06.12.2019,11:00,0.0,0j
16164,06.12.2019,12:00,0.0,0j
16165,06.12.2019,13:00,7.0,(5.443680165984116+0j)
16166,06.12.2019,14:00,6.0,(5.171029370782441+0j)
16167,06.12.2019,15:00,4.0,(4.517310240893176+0j)
16168,06.12.2019,16:00,9.0,(5.919350969396254+0j)
16169,06.12.2019,17:00,3.0,(4.1042487314692515+0j)
16170,06.12.2019,18:00,15.0,(7.018166609990766+0j)
16171,06.12.2019,19:00,8.0,(5.691454261406992+0j)
16172,06.12.2019,20:00,6.0,(5.171029370782441+0j)
16173,06.12.2019,21:00,2.0,(3.585391514230274+0j)
16174,06.12.2019,22:00,0.0,0j
16175,06.12.2019,23:00,0.0,0j
16176,07.12.2019,00:00,0.0,0j
16177,07.12.2019,01:00,0.0,0j
16178,07.12.2019,02:00,0.0,0j
16179,07.12.2019,03:00,0.0,0j
16180,07.12.2019,04:00,0.0,0j
16181,07.12.2019,05:00,0.0,0j
16182,07.12.2019,06:00,0.0,0j
16183,07.12.2019,07:00,1.0,(2.845727130703496+0j)
16184,07.12.2019,08:00,0.0,0j
16185,07.12.2019,09:00,0.0,0j
16186,07.12.2019,10:00,0.0,0j
16187,07.12.2019,11:00,0.0,0j
16188,07.12.2019,12:00,0.0,0j
16189,07.12.2019,13:00,0.0,0j
16190,07.12.2019,14:00,4.0,(4.517310240893176+0j)
16191,07.12.2019,15:00,8.0,(5.691454261406992+0j)
16192,07.12.2019,16:00,6.0,(5.171029370782441+0j)
16193,07.12.2019,17:00,0.0,0j
16194,07.12.2019,18:00,1.0,(2.845727130703496+0j)
16195,07.12.2019,19:00,0.0,0j
16196,07.12.2019,20:00,0.0,0j
16197,07.12.2019,21:00,0.0,0j
16198,07.12.2019,22:00,0.0,0j
16199,07.12.2019,23:00,0.0,0j
16200,08.12.2019,00:00,0.0,0j
16201,08.12.2019,01:00,0.0,0j
16202,08.12.2019,02:00,0.0,0j
16203,08.12.2019,03:00,0.0,0j
16204,08.12.2019,04:00,0.0,0j
16205,08.12.2019,05:00,0.0,0j
16206,08.12.2019,06:00,0.0,0j
16207,08.12.2019,07:00,0.0,0j
16208,08.12.2019,08:00,0.0,0j
16209,08.12.2019,09:00,3.0,(4.1042487314692515+0j)
16210,08.12.2019,10:00,1.0,(2.845727130703496+0j)
16211,08.12.2019,11:00,1.0,(2.845727130703496+0j)
16212,08.12.2019,12:00,2.0,(3.585391514230274+0j)
16213,08.12.2019,13:00,6.0,(5.171029370782441+0j)
16214,08.12.2019,14:00,12.0,(6.515088753873438+0j)
16215,08.12.2019,15:00,12.0,(6.515088753873438+0j)
16216,08.12.2019,16:00,17.0,(7.317165783214581+0j)
16217,08.12.2019,17:00,20.0,(7.724491855603646+0j)
16218,08.12.2019,18:00,26.0,(8.430455436469295+0j)
16219,08.12.2019,19:00,38.0,(9.567264627885733+0j)
16220,08.12.2019,20:00,43.0,(9.969714910096506+0j)
16221,08.12.2019,21:00,41.0,(9.812685353516676+0j)
16222,08.12.2019,22:00,45.0,(10.121947777604984+0j)
16223,08.12.2019,23:00,46.0,(10.19637653715948+0j)
16224,09.12.2019,00:00,20.0,(7.724491855603646+0j)
16225,09.12.2019,01:00,18.0,(7.457914888057963+0j)
16226,09.12.2019,02:00,12.0,(6.515088753873438+0j)
16227,09.12.2019,03:00,12.0,(6.515088753873438+0j)
16228,09.12.2019,04:00,9.0,(5.919350969396254+0j)
16229,09.12.2019,05:00,11.0,(6.32884048187752+0j)
16230,09.12.2019,06:00,10.0,(6.130933248752508+0j)
16231,09.12.2019,07:00,10.0,(6.130933248752508+0j)
16232,09.12.2019,08:00,3.0,(4.1042487314692515+0j)
16233,09.12.2019,09:00,1.0,(2.845727130703496+0j)
16234,09.12.2019,10:00,0.0,0j
16235,09.12.2019,11:00,0.0,0j
16236,09.12.2019,12:00,0.0,0j
16237,09.12.2019,13:00,0.0,0j
16238,09.12.2019,14:00,0.0,0j
16239,09.12.2019,15:00,0.0,0j
16240,09.12.2019,16:00,0.0,0j
16241,09.12.2019,17:00,0.0,0j
16242,09.12.2019,18:00,0.0,0j
16243,09.12.2019,19:00,0.0,0j
16244,09.12.2019,20:00,0.0,0j
16245,09.12.2019,21:00,0.0,0j
16246,09.12.2019,22:00,0.0,0j
16247,09.12.2019,23:00,0.0,0j
16248,10.12.2019,00:00,0.0,0j
16249,10.12.2019,01:00,0.0,0j
16250,10.12.2019,02:00,1.0,(2.845727130703496+0j)
16251,10.12.2019,03:00,4.0,(4.517310240893176+0j)
16252,10.12.2019,04:00,1.0,(2.845727130703496+0j)
16253,10.12.2019,05:00,0.0,0j
16254,10.12.2019,06:00,0.0,0j
16255,10.12.2019,07:00,0.0,0j
16256,10.12.2019,08:00,0.0,0j
16257,10.12.2019,09:00,0.0,0j
16258,10.12.2019,10:00,0.0,0j
16259,10.12.2019,11:00,0.0,0j
16260,10.12.2019,12:00,0.0,0j
16261,10.12.2019,13:00,0.0,0j
16262,10.12.2019,14:00,0.0,0j
16263,10.12.2019,15:00,0.0,0j
16264,10.12.2019,16:00,0.0,0j
16265,10.12.2019,17:00,0.0,0j
16266,10.12.2019,18:00,0.0,0j
16267,10.12.2019,19:00,0.0,0j
16268,10.12.2019,20:00,11.0,(6.32884048187752+0j)
16269,10.12.2019,21:00,9.0,(5.919350969396254+0j)
16270,10.12.2019,22:00,11.0,(6.32884048187752+0j)
16271,10.12.2019,23:00,12.0,(6.515088753873438+0j)
16272,11.12.2019,00:00,9.0,(5.919350969396254+0j)
16273,11.12.2019,01:00,8.0,(5.691454261406992+0j)
16274,11.12.2019,02:00,18.0,(7.457914888057963+0j)
16275,11.12.2019,03:00,11.0,(6.32884048187752+0j)
16276,11.12.2019,04:00,20.0,(7.724491855603646+0j)
16277,11.12.2019,05:00,37.0,(9.482594128751929+0j)
16278,11.12.2019,06:00,33.0,(9.127767465531983+0j)
16279,11.12.2019,07:00,28.0,(8.641303622061608+0j)
16280,11.12.2019,08:00,29.0,(8.74297534497106+0j)
16281,11.12.2019,09:00,33.0,(9.127767465531983+0j)
16282,11.12.2019,10:00,50.0,(10.483748386047209+0j)
16283,11.12.2019,11:00,20.0,(7.724491855603646+0j)
16284,11.12.2019,12:00,45.0,(10.121947777604984+0j)
16285,11.12.2019,13:00,23.0,(8.092869420675413+0j)
16286,11.12.2019,14:00,6.0,(5.171029370782441+0j)
16287,11.12.2019,15:00,4.0,(4.517310240893176+0j)
16288,11.12.2019,16:00,4.0,(4.517310240893176+0j)
16289,11.12.2019,17:00,2.0,(3.585391514230274+0j)
16290,11.12.2019,18:00,7.0,(5.443680165984116+0j)
16291,11.12.2019,19:00,8.0,(5.691454261406992+0j)
16292,11.12.2019,20:00,18.0,(7.457914888057963+0j)
16293,11.12.2019,21:00,7.0,(5.443680165984116+0j)
16294,11.12.2019,22:00,8.0,(5.691454261406992+0j)
16295,11.12.2019,23:00,8.0,(5.691454261406992+0j)
16296,12.12.2019,00:00,36.0,(9.396383955788593+0j)
16297,12.12.2019,01:00,21.0,(7.851145380281553+0j)
16298,12.12.2019,02:00,5.0,(4.866124944308272+0j)
16299,12.12.2019,03:00,5.0,(4.866124944308272+0j)
16300,12.12.2019,04:00,3.0,(4.1042487314692515+0j)
16301,12.12.2019,05:00,5.0,(4.866124944308272+0j)
16302,12.12.2019,06:00,0.0,0j
16303,12.12.2019,07:00,0.0,0j
16304,12.12.2019,08:00,0.0,0j
16305,12.12.2019,09:00,0.0,0j
16306,12.12.2019,10:00,0.0,0j
16307,12.12.2019,11:00,0.0,0j
16308,12.12.2019,12:00,0.0,0j
16309,12.12.2019,13:00,0.0,0j
16310,12.12.2019,14:00,0.0,0j
16311,12.12.2019,15:00,0.0,0j
16312,12.12.2019,16:00,0.0,0j
16313,12.12.2019,17:00,0.0,0j
16314,12.12.2019,18:00,0.0,0j
16315,12.12.2019,19:00,0.0,0j
16316,12.12.2019,20:00,0.0,0j
16317,12.12.2019,21:00,0.0,0j
16318,12.12.2019,22:00,0.0,0j
16319,12.12.2019,23:00,0.0,0j
16320,13.12.2019,00:00,2.0,(3.585391514230274+0j)
16321,13.12.2019,01:00,9.0,(5.919350969396254+0j)
16322,13.12.2019,02:00,4.0,(4.517310240893176+0j)
16323,13.12.2019,03:00,10.0,(6.130933248752508+0j)
16324,13.12.2019,04:00,7.0,(5.443680165984116+0j)
16325,13.12.2019,05:00,4.0,(4.517310240893176+0j)
16326,13.12.2019,06:00,7.0,(5.443680165984116+0j)
16327,13.12.2019,07:00,14.0,(6.858607230018604+0j)
16328,13.12.2019,08:00,20.0,(7.724491855603646+0j)
16329,13.12.2019,09:00,18.0,(7.457914888057963+0j)
16330,13.12.2019,10:00,12.0,(6.515088753873438+0j)
16331,13.12.2019,11:00,11.0,(6.32884048187752+0j)
16332,13.12.2019,12:00,14.0,(6.858607230018604+0j)
16333,13.12.2019,13:00,20.0,(7.724491855603646+0j)
16334,13.12.2019,14:00,6.0,(5.171029370782441+0j)
16335,13.12.2019,15:00,10.0,(6.130933248752508+0j)
16336,13.12.2019,16:00,24.0,(8.208497462938503+0j)
16337,13.12.2019,17:00,33.0,(9.127767465531983+0j)
16338,13.12.2019,18:00,42.0,(9.891823330401618+0j)
16339,13.12.2019,19:00,49.0,(10.41338553855059+0j)
16340,13.12.2019,20:00,50.0,(10.483748386047209+0j)
16341,13.12.2019,21:00,42.0,(9.891823330401618+0j)
16342,13.12.2019,22:00,30.0,(8.84233584359671+0j)
16343,13.12.2019,23:00,32.0,(9.034620481786352+0j)
16344,14.12.2019,00:00,30.0,(8.84233584359671+0j)
16345,14.12.2019,01:00,37.0,(9.482594128751929+0j)
16346,14.12.2019,02:00,39.0,(9.650462409337567+0j)
16347,14.12.2019,03:00,38.0,(9.567264627885733+0j)
16348,14.12.2019,04:00,41.0,(9.812685353516676+0j)
16349,14.12.2019,05:00,47.0,(10.269734286241032+0j)
16350,14.12.2019,06:00,54.0,(10.756174542690822+0j)
16351,14.12.2019,07:00,58.0,(11.015458675840927+0j)
16352,14.12.2019,08:00,58.0,(11.015458675840927+0j)
16353,14.12.2019,09:00,63.0,(11.323311051132062+0j)
16354,14.12.2019,10:00,60.0,(11.140645059587433+0j)
16355,14.12.2019,11:00,51.0,(10.5531792067093+0j)
16356,14.12.2019,12:00,53.0,(10.689364281461948+0j)
16357,14.12.2019,13:00,51.0,(10.5531792067093+0j)
16358,14.12.2019,14:00,55.0,(10.822164994364314+0j)
16359,14.12.2019,15:00,52.0,(10.621708264608335+0j)
16360,14.12.2019,16:00,57.0,(10.9517840818175+0j)
16361,14.12.2019,17:00,48.0,(10.34205874156488+0j)
16362,14.12.2019,18:00,43.0,(9.969714910096506+0j)
16363,14.12.2019,19:00,35.0,(9.308562145233848+0j)
16364,14.12.2019,20:00,41.0,(9.812685353516676+0j)
16365,14.12.2019,21:00,47.0,(10.269734286241032+0j)
16366,14.12.2019,22:00,58.0,(11.015458675840927+0j)
16367,14.12.2019,23:00,25.0,(8.320956608290626+0j)
16368,15.12.2019,00:00,13.0,(6.691256914211192+0j)
16369,15.12.2019,01:00,12.0,(6.515088753873438+0j)
16370,15.12.2019,02:00,9.0,(5.919350969396254+0j)
16371,15.12.2019,03:00,25.0,(8.320956608290626+0j)
16372,15.12.2019,04:00,15.0,(7.018166609990766+0j)
16373,15.12.2019,05:00,6.0,(5.171029370782441+0j)
16374,15.12.2019,06:00,2.0,(3.585391514230274+0j)
16375,15.12.2019,07:00,1.0,(2.845727130703496+0j)
16376,15.12.2019,08:00,0.0,0j
16377,15.12.2019,09:00,0.0,0j
16378,15.12.2019,10:00,0.0,0j
16379,15.12.2019,11:00,0.0,0j
16380,15.12.2019,12:00,0.0,0j
16381,15.12.2019,13:00,3.0,(4.1042487314692515+0j)
16382,15.12.2019,14:00,2.0,(3.585391514230274+0j)
16383,15.12.2019,15:00,5.0,(4.866124944308272+0j)
16384,15.12.2019,16:00,5.0,(4.866124944308272+0j)
16385,15.12.2019,17:00,7.0,(5.443680165984116+0j)
16386,15.12.2019,18:00,8.0,(5.691454261406992+0j)
16387,15.12.2019,19:00,8.0,(5.691454261406992+0j)
16388,15.12.2019,20:00,4.0,(4.517310240893176+0j)
16389,15.12.2019,21:00,11.0,(6.32884048187752+0j)
16390,15.12.2019,22:00,2.0,(3.585391514230274+0j)
16391,15.12.2019,23:00,0.0,0j
16392,16.12.2019,00:00,0.0,0j
16393,16.12.2019,01:00,0.0,0j
16394,16.12.2019,02:00,0.0,0j
16395,16.12.2019,03:00,0.0,0j
16396,16.12.2019,04:00,0.0,0j
16397,16.12.2019,05:00,0.0,0j
16398,16.12.2019,06:00,0.0,0j
16399,16.12.2019,07:00,0.0,0j
16400,16.12.2019,08:00,0.0,0j
16401,16.12.2019,09:00,0.0,0j
16402,16.12.2019,10:00,0.0,0j
16403,16.12.2019,11:00,0.0,0j
16404,16.12.2019,12:00,0.0,0j
16405,16.12.2019,13:00,0.0,0j
16406,16.12.2019,14:00,0.0,0j
16407,16.12.2019,15:00,0.0,0j
16408,16.12.2019,16:00,0.0,0j
16409,16.12.2019,17:00,0.0,0j
16410,16.12.2019,18:00,0.0,0j
16411,16.12.2019,19:00,0.0,0j
16412,16.12.2019,20:00,0.0,0j
16413,16.12.2019,21:00,0.0,0j
16414,16.12.2019,22:00,0.0,0j
16415,16.12.2019,23:00,0.0,0j
16416,17.12.2019,00:00,0.0,0j
16417,17.12.2019,01:00,0.0,0j
16418,17.12.2019,02:00,0.0,0j
16419,17.12.2019,03:00,0.0,0j
16420,17.12.2019,04:00,1.0,(2.845727130703496+0j)
16421,17.12.2019,05:00,0.0,0j
16422,17.12.2019,06:00,0.0,0j
16423,17.12.2019,07:00,0.0,0j
16424,17.12.2019,08:00,0.0,0j
16425,17.12.2019,09:00,0.0,0j
16426,17.12.2019,10:00,0.0,0j
16427,17.12.2019,11:00,0.0,0j
16428,17.12.2019,12:00,0.0,0j
16429,17.12.2019,13:00,0.0,0j
16430,17.12.2019,14:00,0.0,0j
16431,17.12.2019,15:00,0.0,0j
16432,17.12.2019,16:00,0.0,0j
16433,17.12.2019,17:00,0.0,0j
16434,17.12.2019,18:00,0.0,0j
16435,17.12.2019,19:00,0.0,0j
16436,17.12.2019,20:00,2.0,(3.585391514230274+0j)
16437,17.12.2019,21:00,1.0,(2.845727130703496+0j)
16438,17.12.2019,22:00,0.0,0j
16439,17.12.2019,23:00,0.0,0j
16440,18.12.2019,00:00,0.0,0j
16441,18.12.2019,01:00,0.0,0j
16442,18.12.2019,02:00,0.0,0j
16443,18.12.2019,03:00,1.0,(2.845727130703496+0j)
16444,18.12.2019,04:00,1.0,(2.845727130703496+0j)
16445,18.12.2019,05:00,1.0,(2.845727130703496+0j)
16446,18.12.2019,06:00,2.0,(3.585391514230274+0j)
16447,18.12.2019,07:00,1.0,(2.845727130703496+0j)
16448,18.12.2019,08:00,0.0,0j
16449,18.12.2019,09:00,1.0,(2.845727130703496+0j)
16450,18.12.2019,10:00,0.01,(0.6130933248752509+0j)
16451,18.12.2019,11:00,0.19,(1.6359792389175385+0j)
16452,18.12.2019,12:00,0.22,(1.7179116096627338+0j)
16453,18.12.2019,13:00,0.0,0j
16454,18.12.2019,14:00,0.0,0j
16455,18.12.2019,15:00,0.0,0j
16456,18.12.2019,16:00,0.0,0j
16457,18.12.2019,17:00,0.0,0j
16458,18.12.2019,18:00,4.0,(4.517310240893176+0j)
16459,18.12.2019,19:00,3.0,(4.1042487314692515+0j)
16460,18.12.2019,20:00,1.0,(2.845727130703496+0j)
16461,18.12.2019,21:00,2.0,(3.585391514230274+0j)
16462,18.12.2019,22:00,3.0,(4.1042487314692515+0j)
16463,18.12.2019,23:00,3.0,(4.1042487314692515+0j)
16464,19.12.2019,00:00,1.0,(2.845727130703496+0j)
16465,19.12.2019,01:00,2.0,(3.585391514230274+0j)
16466,19.12.2019,02:00,2.0,(3.585391514230274+0j)
16467,19.12.2019,03:00,1.0,(2.845727130703496+0j)
16468,19.12.2019,04:00,0.0,0j
16469,19.12.2019,05:00,0.0,0j
16470,19.12.2019,06:00,0.0,0j
16471,19.12.2019,07:00,0.0,0j
16472,19.12.2019,08:00,0.0,0j
16473,19.12.2019,09:00,0.0,0j
16474,19.12.2019,10:00,0.0,0j
16475,19.12.2019,11:00,0.0,0j
16476,19.12.2019,12:00,0.22,(1.7179116096627338+0j)
16477,19.12.2019,13:00,0.0,0j
16478,19.12.2019,14:00,0.0,0j
16479,19.12.2019,15:00,0.0,0j
16480,19.12.2019,16:00,0.19,(1.6359792389175385+0j)
16481,19.12.2019,17:00,0.0,0j
16482,19.12.2019,18:00,0.0,0j
16483,19.12.2019,19:00,0.0,0j
16484,19.12.2019,20:00,0.0,0j
16485,19.12.2019,21:00,0.0,0j
16486,19.12.2019,22:00,0.0,0j
16487,19.12.2019,23:00,0.21,(1.6914779963762145+0j)
16488,20.12.2019,00:00,0.21,(1.6914779963762145+0j)
16489,20.12.2019,01:00,0.21,(1.6914779963762145+0j)
16490,20.12.2019,02:00,0.22,(1.7179116096627338+0j)
16491,20.12.2019,03:00,0.22,(1.7179116096627338+0j)
16492,20.12.2019,04:00,0.26,(1.8162865645097335+0j)
16493,20.12.2019,05:00,0.31,(1.9259595088734238+0j)
16494,20.12.2019,06:00,0.01,(0.6130933248752509+0j)
16495,20.12.2019,07:00,0.26,(1.8162865645097335+0j)
16496,20.12.2019,08:00,0.25,(1.792695757115137+0j)
16497,20.12.2019,09:00,1.62,(3.3421935178762303+0j)
16498,20.12.2019,10:00,0.69,(2.5146426930362615+0j)
16499,20.12.2019,11:00,0.19,(1.6359792389175385+0j)
16500,20.12.2019,12:00,0.22,(1.7179116096627338+0j)
16501,20.12.2019,13:00,2.96,(4.085925948495165+0j)
16502,20.12.2019,14:00,8.24,(5.747808958715535+0j)
16503,20.12.2019,15:00,11.0,(6.32884048187752+0j)
16504,20.12.2019,16:00,4.81,(4.803689707077509+0j)
16505,20.12.2019,17:00,7.0,(5.443680165984116+0j)
16506,20.12.2019,18:00,9.0,(5.919350969396254+0j)
16507,20.12.2019,19:00,17.0,(7.317165783214581+0j)
16508,20.12.2019,20:00,36.0,(9.396383955788593+0j)
16509,20.12.2019,21:00,39.0,(9.650462409337567+0j)
16510,20.12.2019,22:00,20.0,(7.724491855603646+0j)
16511,20.12.2019,23:00,26.0,(8.430455436469295+0j)
16512,21.12.2019,00:00,34.0,(9.219051195842558+0j)
16513,21.12.2019,01:00,40.0,(9.732249888616542+0j)
16514,21.12.2019,02:00,44.0,(10.0464080386713+0j)
16515,21.12.2019,03:00,37.0,(9.482594128751929+0j)
16516,21.12.2019,04:00,36.0,(9.396383955788593+0j)
16517,21.12.2019,05:00,47.0,(10.269734286241032+0j)
16518,21.12.2019,06:00,42.0,(9.891823330401618+0j)
16519,21.12.2019,07:00,37.0,(9.482594128751929+0j)
16520,21.12.2019,08:00,47.0,(10.269734286241032+0j)
16521,21.12.2019,09:00,44.0,(10.0464080386713+0j)
16522,21.12.2019,10:00,48.0,(10.34205874156488+0j)
16523,21.12.2019,11:00,51.0,(10.5531792067093+0j)
16524,21.12.2019,12:00,53.0,(10.689364281461948+0j)
16525,21.12.2019,13:00,63.0,(11.323311051132062+0j)
16526,21.12.2019,14:00,57.0,(10.9517840818175+0j)
16527,21.12.2019,15:00,49.0,(10.41338553855059+0j)
16528,21.12.2019,16:00,59.0,(11.078405520382008+0j)
16529,21.12.2019,17:00,52.0,(10.621708264608335+0j)
16530,21.12.2019,18:00,63.0,(11.323311051132062+0j)
16531,21.12.2019,19:00,58.0,(11.015458675840927+0j)
16532,21.12.2019,20:00,68.0,(11.615276661700541+0j)
16533,21.12.2019,21:00,56.0,(10.887360331968232+0j)
16534,21.12.2019,22:00,60.0,(11.140645059587433+0j)
16535,21.12.2019,23:00,58.0,(11.015458675840927+0j)
16536,22.12.2019,00:00,67.0,(11.55805762209552+0j)
16537,22.12.2019,01:00,60.0,(11.140645059587433+0j)
16538,22.12.2019,02:00,64.0,(11.382908522813985+0j)
16539,22.12.2019,03:00,67.0,(11.55805762209552+0j)
16540,22.12.2019,04:00,69.0,(11.671937444523078+0j)
16541,22.12.2019,05:00,68.0,(11.615276661700541+0j)
16542,22.12.2019,06:00,64.0,(11.382908522813985+0j)
16543,22.12.2019,07:00,48.0,(10.34205874156488+0j)
16544,22.12.2019,08:00,62.0,(11.263079534051261+0j)
16545,22.12.2019,09:00,61.0,(11.202196833891742+0j)
16546,22.12.2019,10:00,66.0,(11.500266368369322+0j)
16547,22.12.2019,11:00,66.0,(11.500266368369322+0j)
16548,22.12.2019,12:00,56.63,(10.928035779487317+0j)
16549,22.12.2019,13:00,62.95,(11.32031467336551+0j)
16550,22.12.2019,14:00,56.42,(10.914510968911213+0j)
16551,22.12.2019,15:00,65.84,(11.490965704087147+0j)
16552,22.12.2019,16:00,63.47,(11.351399814520573+0j)
16553,22.12.2019,17:00,66.42,(11.524609309036224+0j)
16554,22.12.2019,18:00,69.49,(11.699501522728854+0j)
16555,22.12.2019,19:00,69.23,(11.684891880732227+0j)
16556,22.12.2019,20:00,65.75,(11.485727457332985+0j)
16557,22.12.2019,21:00,63.24,(11.337671638557735+0j)
16558,22.12.2019,22:00,44.14,(10.0570520388029+0j)
16559,22.12.2019,23:00,28.0,(8.641303622061608+0j)
16560,23.12.2019,00:00,13.0,(6.691256914211192+0j)
16561,23.12.2019,01:00,6.0,(5.171029370782441+0j)
16562,23.12.2019,02:00,1.0,(2.845727130703496+0j)
16563,23.12.2019,03:00,3.0,(4.1042487314692515+0j)
16564,23.12.2019,04:00,46.0,(10.19637653715948+0j)
16565,23.12.2019,05:00,22.0,(7.9738393445443+0j)
16566,23.12.2019,06:00,37.0,(9.482594128751929+0j)
16567,23.12.2019,07:00,62.0,(11.263079534051261+0j)
16568,23.12.2019,08:00,49.0,(10.41338553855059+0j)
16569,23.12.2019,09:00,63.0,(11.323311051132062+0j)
16570,23.12.2019,10:00,49.0,(10.41338553855059+0j)
16571,23.12.2019,11:00,51.0,(10.5531792067093+0j)
16572,23.12.2019,12:00,63.0,(11.323311051132062+0j)
16573,23.12.2019,13:00,47.0,(10.269734286241032+0j)
16574,23.12.2019,14:00,36.0,(9.396383955788593+0j)
16575,23.12.2019,15:00,42.0,(9.891823330401618+0j)
16576,23.12.2019,16:00,31.0,(8.939512150377235+0j)
16577,23.12.2019,17:00,35.0,(9.308562145233848+0j)
16578,23.12.2019,18:00,40.0,(9.732249888616542+0j)
16579,23.12.2019,19:00,19.0,(7.593542967381978+0j)
16580,23.12.2019,20:00,2.0,(3.585391514230274+0j)
16581,23.12.2019,21:00,1.0,(2.845727130703496+0j)
16582,23.12.2019,22:00,3.0,(4.1042487314692515+0j)
16583,23.12.2019,23:00,6.0,(5.171029370782441+0j)
16584,24.12.2019,00:00,7.0,(5.443680165984116+0j)
16585,24.12.2019,01:00,0.0,0j
16586,24.12.2019,02:00,0.0,0j
16587,24.12.2019,03:00,0.0,0j
16588,24.12.2019,04:00,0.0,0j
16589,24.12.2019,05:00,0.0,0j
16590,24.12.2019,06:00,0.0,0j
16591,24.12.2019,07:00,0.0,0j
16592,24.12.2019,08:00,0.0,0j
16593,24.12.2019,09:00,0.0,0j
16594,24.12.2019,10:00,0.0,0j
16595,24.12.2019,11:00,1.0,(2.845727130703496+0j)
16596,24.12.2019,12:00,4.0,(4.517310240893176+0j)
16597,24.12.2019,13:00,4.0,(4.517310240893176+0j)
16598,24.12.2019,14:00,2.0,(3.585391514230274+0j)
16599,24.12.2019,15:00,15.0,(7.018166609990766+0j)
16600,24.12.2019,16:00,12.0,(6.515088753873438+0j)
16601,24.12.2019,17:00,11.0,(6.32884048187752+0j)
16602,24.12.2019,18:00,23.0,(8.092869420675413+0j)
16603,24.12.2019,19:00,24.0,(8.208497462938503+0j)
16604,24.12.2019,20:00,21.0,(7.851145380281553+0j)
16605,24.12.2019,21:00,20.0,(7.724491855603646+0j)
16606,24.12.2019,22:00,25.0,(8.320956608290626+0j)
16607,24.12.2019,23:00,21.0,(7.851145380281553+0j)
16608,25.12.2019,00:00,17.0,(7.317165783214581+0j)
16609,25.12.2019,01:00,17.0,(7.317165783214581+0j)
16610,25.12.2019,02:00,13.0,(6.691256914211192+0j)
16611,25.12.2019,03:00,15.0,(7.018166609990766+0j)
16612,25.12.2019,04:00,14.0,(6.858607230018604+0j)
16613,25.12.2019,05:00,9.0,(5.919350969396254+0j)
16614,25.12.2019,06:00,8.0,(5.691454261406992+0j)
16615,25.12.2019,07:00,7.0,(5.443680165984116+0j)
16616,25.12.2019,08:00,3.0,(4.1042487314692515+0j)
16617,25.12.2019,09:00,3.0,(4.1042487314692515+0j)
16618,25.12.2019,10:00,3.0,(4.1042487314692515+0j)
16619,25.12.2019,11:00,3.0,(4.1042487314692515+0j)
16620,25.12.2019,12:00,5.0,(4.866124944308272+0j)
16621,25.12.2019,13:00,5.0,(4.866124944308272+0j)
16622,25.12.2019,14:00,8.0,(5.691454261406992+0j)
16623,25.12.2019,15:00,14.0,(6.858607230018604+0j)
16624,25.12.2019,16:00,20.0,(7.724491855603646+0j)
16625,25.12.2019,17:00,28.0,(8.641303622061608+0j)
16626,25.12.2019,18:00,31.0,(8.939512150377235+0j)
16627,25.12.2019,19:00,44.0,(10.0464080386713+0j)
16628,25.12.2019,20:00,31.0,(8.939512150377235+0j)
16629,25.12.2019,21:00,25.0,(8.320956608290626+0j)
16630,25.12.2019,22:00,33.0,(9.127767465531983+0j)
16631,25.12.2019,23:00,32.0,(9.034620481786352+0j)
16632,26.12.2019,00:00,53.0,(10.689364281461948+0j)
16633,26.12.2019,01:00,48.0,(10.34205874156488+0j)
16634,26.12.2019,02:00,56.0,(10.887360331968232+0j)
16635,26.12.2019,03:00,57.0,(10.9517840818175+0j)
16636,26.12.2019,04:00,39.0,(9.650462409337567+0j)
16637,26.12.2019,05:00,46.0,(10.19637653715948+0j)
16638,26.12.2019,06:00,54.0,(10.756174542690822+0j)
16639,26.12.2019,07:00,53.0,(10.689364281461948+0j)
16640,26.12.2019,08:00,37.0,(9.482594128751929+0j)
16641,26.12.2019,09:00,46.0,(10.19637653715948+0j)
16642,26.12.2019,10:00,46.0,(10.19637653715948+0j)
16643,26.12.2019,11:00,36.0,(9.396383955788593+0j)
16644,26.12.2019,12:00,36.0,(9.396383955788593+0j)
16645,26.12.2019,13:00,51.0,(10.5531792067093+0j)
16646,26.12.2019,14:00,57.0,(10.9517840818175+0j)
16647,26.12.2019,15:00,57.0,(10.9517840818175+0j)
16648,26.12.2019,16:00,51.0,(10.5531792067093+0j)
16649,26.12.2019,17:00,57.0,(10.9517840818175+0j)
16650,26.12.2019,18:00,65.0,(11.441888376335278+0j)
16651,26.12.2019,19:00,62.0,(11.263079534051261+0j)
16652,26.12.2019,20:00,55.0,(10.822164994364314+0j)
16653,26.12.2019,21:00,49.0,(10.41338553855059+0j)
16654,26.12.2019,22:00,58.0,(11.015458675840927+0j)
16655,26.12.2019,23:00,50.0,(10.483748386047209+0j)
16656,27.12.2019,00:00,50.0,(10.483748386047209+0j)
16657,27.12.2019,01:00,56.0,(10.887360331968232+0j)
16658,27.12.2019,02:00,56.0,(10.887360331968232+0j)
16659,27.12.2019,03:00,49.0,(10.41338553855059+0j)
16660,27.12.2019,04:00,36.0,(9.396383955788593+0j)
16661,27.12.2019,05:00,19.0,(7.593542967381978+0j)
16662,27.12.2019,06:00,39.0,(9.650462409337567+0j)
16663,27.12.2019,07:00,37.0,(9.482594128751929+0j)
16664,27.12.2019,08:00,29.0,(8.74297534497106+0j)
16665,27.12.2019,09:00,54.0,(10.756174542690822+0j)
16666,27.12.2019,10:00,46.0,(10.19637653715948+0j)
16667,27.12.2019,11:00,19.0,(7.593542967381978+0j)
16668,27.12.2019,12:00,6.0,(5.171029370782441+0j)
16669,27.12.2019,13:00,5.0,(4.866124944308272+0j)
16670,27.12.2019,14:00,1.0,(2.845727130703496+0j)
16671,27.12.2019,15:00,5.0,(4.866124944308272+0j)
16672,27.12.2019,16:00,5.0,(4.866124944308272+0j)
16673,27.12.2019,17:00,10.0,(6.130933248752508+0j)
16674,27.12.2019,18:00,2.0,(3.585391514230274+0j)
16675,27.12.2019,19:00,9.0,(5.919350969396254+0j)
16676,27.12.2019,20:00,7.0,(5.443680165984116+0j)
16677,27.12.2019,21:00,7.0,(5.443680165984116+0j)
16678,27.12.2019,22:00,10.0,(6.130933248752508+0j)
16679,27.12.2019,23:00,15.0,(7.018166609990766+0j)
16680,28.12.2019,00:00,19.0,(7.593542967381978+0j)
16681,28.12.2019,01:00,23.0,(8.092869420675413+0j)
16682,28.12.2019,02:00,21.0,(7.851145380281553+0j)
16683,28.12.2019,03:00,27.0,(8.537181392110488+0j)
16684,28.12.2019,04:00,16.0,(7.170783028460548+0j)
16685,28.12.2019,05:00,14.0,(6.858607230018604+0j)
16686,28.12.2019,06:00,17.0,(7.317165783214581+0j)
16687,28.12.2019,07:00,27.0,(8.537181392110488+0j)
16688,28.12.2019,08:00,17.0,(7.317165783214581+0j)
16689,28.12.2019,09:00,16.0,(7.170783028460548+0j)
16690,28.12.2019,10:00,19.0,(7.593542967381978+0j)
16691,28.12.2019,11:00,28.0,(8.641303622061608+0j)
16692,28.12.2019,12:00,38.0,(9.567264627885733+0j)
16693,28.12.2019,13:00,48.0,(10.34205874156488+0j)
16694,28.12.2019,14:00,48.0,(10.34205874156488+0j)
16695,28.12.2019,15:00,46.0,(10.19637653715948+0j)
16696,28.12.2019,16:00,33.0,(9.127767465531983+0j)
16697,28.12.2019,17:00,53.0,(10.689364281461948+0j)
16698,28.12.2019,18:00,51.0,(10.5531792067093+0j)
16699,28.12.2019,19:00,61.0,(11.202196833891742+0j)
16700,28.12.2019,20:00,65.0,(11.441888376335278+0j)
16701,28.12.2019,21:00,60.0,(11.140645059587433+0j)
16702,28.12.2019,22:00,64.0,(11.382908522813985+0j)
16703,28.12.2019,23:00,63.0,(11.323311051132062+0j)
16704,29.12.2019,00:00,65.0,(11.441888376335278+0j)
16705,29.12.2019,01:00,56.0,(10.887360331968232+0j)
16706,29.12.2019,02:00,65.0,(11.441888376335278+0j)
16707,29.12.2019,03:00,59.0,(11.078405520382008+0j)
16708,29.12.2019,04:00,62.0,(11.263079534051261+0j)
16709,29.12.2019,05:00,64.0,(11.382908522813985+0j)
16710,29.12.2019,06:00,66.0,(11.500266368369322+0j)
16711,29.12.2019,07:00,56.0,(10.887360331968232+0j)
16712,29.12.2019,08:00,61.0,(11.202196833891742+0j)
16713,29.12.2019,09:00,68.0,(11.615276661700541+0j)
16714,29.12.2019,10:00,69.0,(11.671937444523078+0j)
16715,29.12.2019,11:00,69.0,(11.671937444523078+0j)
16716,29.12.2019,12:00,69.0,(11.671937444523078+0j)
16717,29.12.2019,13:00,69.0,(11.671937444523078+0j)
16718,29.12.2019,14:00,69.0,(11.671937444523078+0j)
16719,29.12.2019,15:00,69.0,(11.671937444523078+0j)
16720,29.12.2019,16:00,69.0,(11.671937444523078+0j)
16721,29.12.2019,17:00,69.0,(11.671937444523078+0j)
16722,29.12.2019,18:00,69.0,(11.671937444523078+0j)
16723,29.12.2019,19:00,69.0,(11.671937444523078+0j)
16724,29.12.2019,20:00,69.0,(11.671937444523078+0j)
16725,29.12.2019,21:00,69.0,(11.671937444523078+0j)
16726,29.12.2019,22:00,69.0,(11.671937444523078+0j)
16727,29.12.2019,23:00,69.0,(11.671937444523078+0j)
16728,30.12.2019,00:00,69.0,(11.671937444523078+0j)
16729,30.12.2019,01:00,69.0,(11.671937444523078+0j)
16730,30.12.2019,02:00,63.0,(11.323311051132062+0j)
16731,30.12.2019,03:00,47.0,(10.269734286241032+0j)
16732,30.12.2019,04:00,47.0,(10.269734286241032+0j)
16733,30.12.2019,05:00,57.0,(10.9517840818175+0j)
16734,30.12.2019,06:00,47.0,(10.269734286241032+0j)
16735,30.12.2019,07:00,41.0,(9.812685353516676+0j)
16736,30.12.2019,08:00,50.0,(10.483748386047209+0j)
16737,30.12.2019,09:00,47.0,(10.269734286241032+0j)
16738,30.12.2019,10:00,60.0,(11.140645059587433+0j)
16739,30.12.2019,11:00,51.0,(10.5531792067093+0j)
16740,30.12.2019,12:00,41.0,(9.812685353516676+0j)
16741,30.12.2019,13:00,41.0,(9.812685353516676+0j)
16742,30.12.2019,14:00,54.0,(10.756174542690822+0j)
16743,30.12.2019,15:00,67.0,(11.55805762209552+0j)
16744,30.12.2019,16:00,66.0,(11.500266368369322+0j)
16745,30.12.2019,17:00,68.0,(11.615276661700541+0j)
16746,30.12.2019,18:00,69.0,(11.671937444523078+0j)
16747,30.12.2019,19:00,69.0,(11.671937444523078+0j)
16748,30.12.2019,20:00,69.0,(11.671937444523078+0j)
16749,30.12.2019,21:00,69.0,(11.671937444523078+0j)
16750,30.12.2019,22:00,68.0,(11.615276661700541+0j)
16751,30.12.2019,23:00,69.0,(11.671937444523078+0j)
16752,31.12.2019,00:00,69.0,(11.671937444523078+0j)
16753,31.12.2019,01:00,69.0,(11.671937444523078+0j)
16754,31.12.2019,02:00,60.0,(11.140645059587433+0j)
16755,31.12.2019,03:00,69.0,(11.671937444523078+0j)
16756,31.12.2019,04:00,69.0,(11.671937444523078+0j)
16757,31.12.2019,05:00,68.0,(11.615276661700541+0j)
16758,31.12.2019,06:00,69.0,(11.671937444523078+0j)
16759,31.12.2019,07:00,69.0,(11.671937444523078+0j)
16760,31.12.2019,08:00,69.0,(11.671937444523078+0j)
16761,31.12.2019,09:00,69.0,(11.671937444523078+0j)
16762,31.12.2019,10:00,63.0,(11.323311051132062+0j)
16763,31.12.2019,11:00,54.0,(10.756174542690822+0j)
16764,31.12.2019,12:00,51.0,(10.5531792067093+0j)
16765,31.12.2019,13:00,55.0,(10.822164994364314+0j)
16766,31.12.2019,14:00,44.0,(10.0464080386713+0j)
16767,31.12.2019,15:00,24.0,(8.208497462938503+0j)
16768,31.12.2019,16:00,13.0,(6.691256914211192+0j)
16769,31.12.2019,17:00,11.0,(6.32884048187752+0j)
16770,31.12.2019,18:00,6.0,(5.171029370782441+0j)
16771,31.12.2019,19:00,10.0,(6.130933248752508+0j)
16772,31.12.2019,20:00,15.0,(7.018166609990766+0j)
16773,31.12.2019,21:00,11.0,(6.32884048187752+0j)
16774,31.12.2019,22:00,4.0,(4.517310240893176+0j)
16775,31.12.2019,23:00,1.0,(2.845727130703496+0j)
16776,01.01.2020,00:00,2.0,(3.585391514230274+0j)
16777,01.01.2020,01:00,0.0,0j
16778,01.01.2020,02:00,0.0,0j
16779,01.01.2020,03:00,0.0,0j
16780,01.01.2020,04:00,0.0,0j
16781,01.01.2020,05:00,5.0,(4.866124944308272+0j)
16782,01.01.2020,06:00,22.0,(7.9738393445443+0j)
16783,01.01.2020,07:00,22.0,(7.9738393445443+0j)
16784,01.01.2020,08:00,35.0,(9.308562145233848+0j)
16785,01.01.2020,09:00,48.0,(10.34205874156488+0j)
16786,01.01.2020,10:00,44.0,(10.0464080386713+0j)
16787,01.01.2020,11:00,39.0,(9.650462409337567+0j)
16788,01.01.2020,12:00,49.0,(10.41338553855059+0j)
16789,01.01.2020,13:00,49.0,(10.41338553855059+0j)
16790,01.01.2020,14:00,51.0,(10.5531792067093+0j)
16791,01.01.2020,15:00,65.0,(11.441888376335278+0j)
16792,01.01.2020,16:00,68.0,(11.615276661700541+0j)
16793,01.01.2020,17:00,69.0,(11.671937444523078+0j)
16794,01.01.2020,18:00,69.0,(11.671937444523078+0j)
16795,01.01.2020,19:00,69.0,(11.671937444523078+0j)
16796,01.01.2020,20:00,67.0,(11.55805762209552+0j)
16797,01.01.2020,21:00,66.0,(11.500266368369322+0j)
16798,01.01.2020,22:00,63.0,(11.323311051132062+0j)
16799,01.01.2020,23:00,65.0,(11.441888376335278+0j)
16800,02.01.2020,00:00,60.0,(11.140645059587433+0j)
16801,02.01.2020,01:00,61.0,(11.202196833891742+0j)
16802,02.01.2020,02:00,63.0,(11.323311051132062+0j)
16803,02.01.2020,03:00,63.0,(11.323311051132062+0j)
16804,02.01.2020,04:00,61.0,(11.202196833891742+0j)
16805,02.01.2020,05:00,63.0,(11.323311051132062+0j)
16806,02.01.2020,06:00,65.0,(11.441888376335278+0j)
16807,02.01.2020,07:00,65.0,(11.441888376335278+0j)
16808,02.01.2020,08:00,67.0,(11.55805762209552+0j)
16809,02.01.2020,09:00,60.0,(11.140645059587433+0j)
16810,02.01.2020,10:00,64.0,(11.382908522813985+0j)
16811,02.01.2020,11:00,60.0,(11.140645059587433+0j)
16812,02.01.2020,12:00,66.0,(11.500266368369322+0j)
16813,02.01.2020,13:00,66.0,(11.500266368369322+0j)
16814,02.01.2020,14:00,66.0,(11.500266368369322+0j)
16815,02.01.2020,15:00,66.0,(11.500266368369322+0j)
16816,02.01.2020,16:00,66.0,(11.500266368369322+0j)
16817,02.01.2020,17:00,66.0,(11.500266368369322+0j)
16818,02.01.2020,18:00,66.0,(11.500266368369322+0j)
16819,02.01.2020,19:00,66.0,(11.500266368369322+0j)
16820,02.01.2020,20:00,66.0,(11.500266368369322+0j)
16821,02.01.2020,21:00,66.0,(11.500266368369322+0j)
16822,02.01.2020,22:00,66.0,(11.500266368369322+0j)
16823,02.01.2020,23:00,66.0,(11.500266368369322+0j)
16824,03.01.2020,00:00,67.0,(11.55805762209552+0j)
16825,03.01.2020,01:00,57.0,(10.9517840818175+0j)
16826,03.01.2020,02:00,57.0,(10.9517840818175+0j)
16827,03.01.2020,03:00,66.0,(11.500266368369322+0j)
16828,03.01.2020,04:00,66.0,(11.500266368369322+0j)
16829,03.01.2020,05:00,67.0,(11.55805762209552+0j)
16830,03.01.2020,06:00,66.0,(11.500266368369322+0j)
16831,03.01.2020,07:00,66.0,(11.500266368369322+0j)
16832,03.01.2020,08:00,67.0,(11.55805762209552+0j)
16833,03.01.2020,09:00,66.0,(11.500266368369322+0j)
16834,03.01.2020,10:00,67.0,(11.55805762209552+0j)
16835,03.01.2020,11:00,63.0,(11.323311051132062+0j)
16836,03.01.2020,12:00,58.0,(11.015458675840927+0j)
16837,03.01.2020,13:00,62.0,(11.263079534051261+0j)
16838,03.01.2020,14:00,64.0,(11.382908522813985+0j)
16839,03.01.2020,15:00,61.0,(11.202196833891742+0j)
16840,03.01.2020,16:00,69.0,(11.671937444523078+0j)
16841,03.01.2020,17:00,61.0,(11.202196833891742+0j)
16842,03.01.2020,18:00,64.0,(11.382908522813985+0j)
16843,03.01.2020,19:00,59.0,(11.078405520382008+0j)
16844,03.01.2020,20:00,53.0,(10.689364281461948+0j)
16845,03.01.2020,21:00,59.0,(11.078405520382008+0j)
16846,03.01.2020,22:00,50.0,(10.483748386047209+0j)
16847,03.01.2020,23:00,46.0,(10.19637653715948+0j)
16848,04.01.2020,00:00,49.0,(10.41338553855059+0j)
16849,04.01.2020,01:00,33.0,(9.127767465531983+0j)
16850,04.01.2020,02:00,34.0,(9.219051195842558+0j)
16851,04.01.2020,03:00,15.0,(7.018166609990766+0j)
16852,04.01.2020,04:00,28.0,(8.641303622061608+0j)
16853,04.01.2020,05:00,26.0,(8.430455436469295+0j)
16854,04.01.2020,06:00,33.0,(9.127767465531983+0j)
16855,04.01.2020,07:00,34.0,(9.219051195842558+0j)
16856,04.01.2020,08:00,29.0,(8.74297534497106+0j)
16857,04.01.2020,09:00,34.0,(9.219051195842558+0j)
16858,04.01.2020,10:00,30.0,(8.84233584359671+0j)
16859,04.01.2020,11:00,14.0,(6.858607230018604+0j)
16860,04.01.2020,12:00,1.0,(2.845727130703496+0j)
16861,04.01.2020,13:00,0.0,0j
16862,04.01.2020,14:00,0.0,0j
16863,04.01.2020,15:00,0.0,0j
16864,04.01.2020,16:00,0.0,0j
16865,04.01.2020,17:00,0.0,0j
16866,04.01.2020,18:00,0.0,0j
16867,04.01.2020,19:00,0.0,0j
16868,04.01.2020,20:00,0.0,0j
16869,04.01.2020,21:00,0.0,0j
16870,04.01.2020,22:00,0.0,0j
16871,04.01.2020,23:00,0.0,0j
16872,05.01.2020,00:00,0.0,0j
16873,05.01.2020,01:00,0.0,0j
16874,05.01.2020,02:00,0.0,0j
16875,05.01.2020,03:00,0.0,0j
16876,05.01.2020,04:00,0.0,0j
16877,05.01.2020,05:00,0.0,0j
16878,05.01.2020,06:00,0.0,0j
16879,05.01.2020,07:00,0.0,0j
16880,05.01.2020,08:00,0.0,0j
16881,05.01.2020,09:00,0.0,0j
16882,05.01.2020,10:00,0.0,0j
16883,05.01.2020,11:00,0.0,0j
16884,05.01.2020,12:00,0.0,0j
16885,05.01.2020,13:00,0.0,0j
16886,05.01.2020,14:00,0.0,0j
16887,05.01.2020,15:00,7.0,(5.443680165984116+0j)
16888,05.01.2020,16:00,44.0,(10.0464080386713+0j)
16889,05.01.2020,17:00,49.0,(10.41338553855059+0j)
16890,05.01.2020,18:00,55.0,(10.822164994364314+0j)
16891,05.01.2020,19:00,51.0,(10.5531792067093+0j)
16892,05.01.2020,20:00,64.0,(11.382908522813985+0j)
16893,05.01.2020,21:00,54.0,(10.756174542690822+0j)
16894,05.01.2020,22:00,59.0,(11.078405520382008+0j)
16895,05.01.2020,23:00,59.0,(11.078405520382008+0j)
16896,06.01.2020,00:00,60.0,(11.140645059587433+0j)
16897,06.01.2020,01:00,59.0,(11.078405520382008+0j)
16898,06.01.2020,02:00,63.0,(11.323311051132062+0j)
16899,06.01.2020,03:00,56.0,(10.887360331968232+0j)
16900,06.01.2020,04:00,47.0,(10.269734286241032+0j)
16901,06.01.2020,05:00,38.0,(9.567264627885733+0j)
16902,06.01.2020,06:00,34.0,(9.219051195842558+0j)
16903,06.01.2020,07:00,7.0,(5.443680165984116+0j)
16904,06.01.2020,08:00,0.0,0j
16905,06.01.2020,09:00,12.0,(6.515088753873438+0j)
16906,06.01.2020,10:00,50.0,(10.483748386047209+0j)
16907,06.01.2020,11:00,35.0,(9.308562145233848+0j)
16908,06.01.2020,12:00,44.0,(10.0464080386713+0j)
16909,06.01.2020,13:00,47.0,(10.269734286241032+0j)
16910,06.01.2020,14:00,57.0,(10.9517840818175+0j)
16911,06.01.2020,15:00,54.0,(10.756174542690822+0j)
16912,06.01.2020,16:00,60.0,(11.140645059587433+0j)
16913,06.01.2020,17:00,50.0,(10.483748386047209+0j)
16914,06.01.2020,18:00,59.0,(11.078405520382008+0j)
16915,06.01.2020,19:00,60.0,(11.140645059587433+0j)
16916,06.01.2020,20:00,34.0,(9.219051195842558+0j)
16917,06.01.2020,21:00,46.0,(10.19637653715948+0j)
16918,06.01.2020,22:00,50.0,(10.483748386047209+0j)
16919,06.01.2020,23:00,47.0,(10.269734286241032+0j)
16920,07.01.2020,00:00,44.0,(10.0464080386713+0j)
16921,07.01.2020,01:00,41.0,(9.812685353516676+0j)
16922,07.01.2020,02:00,44.0,(10.0464080386713+0j)
16923,07.01.2020,03:00,41.0,(9.812685353516676+0j)
16924,07.01.2020,04:00,35.0,(9.308562145233848+0j)
16925,07.01.2020,05:00,44.0,(10.0464080386713+0j)
16926,07.01.2020,06:00,48.0,(10.34205874156488+0j)
16927,07.01.2020,07:00,58.0,(11.015458675840927+0j)
16928,07.01.2020,08:00,50.0,(10.483748386047209+0j)
16929,07.01.2020,09:00,42.0,(9.891823330401618+0j)
16930,07.01.2020,10:00,41.0,(9.812685353516676+0j)
16931,07.01.2020,11:00,47.0,(10.269734286241032+0j)
16932,07.01.2020,12:00,44.0,(10.0464080386713+0j)
16933,07.01.2020,13:00,35.0,(9.308562145233848+0j)
16934,07.01.2020,14:00,44.0,(10.0464080386713+0j)
16935,07.01.2020,15:00,50.0,(10.483748386047209+0j)
16936,07.01.2020,16:00,57.0,(10.9517840818175+0j)
16937,07.01.2020,17:00,59.0,(11.078405520382008+0j)
16938,07.01.2020,18:00,62.0,(11.263079534051261+0j)
16939,07.01.2020,19:00,54.0,(10.756174542690822+0j)
16940,07.01.2020,20:00,51.0,(10.5531792067093+0j)
16941,07.01.2020,21:00,47.0,(10.269734286241032+0j)
16942,07.01.2020,22:00,61.0,(11.202196833891742+0j)
16943,07.01.2020,23:00,59.0,(11.078405520382008+0j)
16944,08.01.2020,00:00,60.0,(11.140645059587433+0j)
16945,08.01.2020,01:00,53.0,(10.689364281461948+0j)
16946,08.01.2020,02:00,61.0,(11.202196833891742+0j)
16947,08.01.2020,03:00,63.0,(11.323311051132062+0j)
16948,08.01.2020,04:00,57.0,(10.9517840818175+0j)
16949,08.01.2020,05:00,62.0,(11.263079534051261+0j)
16950,08.01.2020,06:00,59.0,(11.078405520382008+0j)
16951,08.01.2020,07:00,58.0,(11.015458675840927+0j)
16952,08.01.2020,08:00,58.0,(11.015458675840927+0j)
16953,08.01.2020,09:00,61.0,(11.202196833891742+0j)
16954,08.01.2020,10:00,62.0,(11.263079534051261+0j)
16955,08.01.2020,11:00,62.0,(11.263079534051261+0j)
16956,08.01.2020,12:00,57.0,(10.9517840818175+0j)
16957,08.01.2020,13:00,54.0,(10.756174542690822+0j)
16958,08.01.2020,14:00,60.0,(11.140645059587433+0j)
16959,08.01.2020,15:00,59.0,(11.078405520382008+0j)
16960,08.01.2020,16:00,60.0,(11.140645059587433+0j)
16961,08.01.2020,17:00,59.0,(11.078405520382008+0j)
16962,08.01.2020,18:00,63.0,(11.323311051132062+0j)
16963,08.01.2020,19:00,56.0,(10.887360331968232+0j)
16964,08.01.2020,20:00,54.0,(10.756174542690822+0j)
16965,08.01.2020,21:00,63.0,(11.323311051132062+0j)
16966,08.01.2020,22:00,59.0,(11.078405520382008+0j)
16967,08.01.2020,23:00,63.0,(11.323311051132062+0j)
16968,09.01.2020,00:00,40.0,(9.732249888616542+0j)
16969,09.01.2020,01:00,60.0,(11.140645059587433+0j)
16970,09.01.2020,02:00,55.0,(10.822164994364314+0j)
16971,09.01.2020,03:00,57.0,(10.9517840818175+0j)
16972,09.01.2020,04:00,60.0,(11.140645059587433+0j)
16973,09.01.2020,05:00,59.0,(11.078405520382008+0j)
16974,09.01.2020,06:00,59.0,(11.078405520382008+0j)
16975,09.01.2020,07:00,63.0,(11.323311051132062+0j)
16976,09.01.2020,08:00,61.0,(11.202196833891742+0j)
16977,09.01.2020,09:00,63.0,(11.323311051132062+0j)
16978,09.01.2020,10:00,59.0,(11.078405520382008+0j)
16979,09.01.2020,11:00,62.0,(11.263079534051261+0j)
16980,09.01.2020,12:00,60.0,(11.140645059587433+0j)
16981,09.01.2020,13:00,61.0,(11.202196833891742+0j)
16982,09.01.2020,14:00,61.0,(11.202196833891742+0j)
16983,09.01.2020,15:00,59.0,(11.078405520382008+0j)
16984,09.01.2020,16:00,59.0,(11.078405520382008+0j)
16985,09.01.2020,17:00,59.0,(11.078405520382008+0j)
16986,09.01.2020,18:00,53.0,(10.689364281461948+0j)
16987,09.01.2020,19:00,59.0,(11.078405520382008+0j)
16988,09.01.2020,20:00,59.0,(11.078405520382008+0j)
16989,09.01.2020,21:00,36.0,(9.396383955788593+0j)
16990,09.01.2020,22:00,29.0,(8.74297534497106+0j)
16991,09.01.2020,23:00,23.0,(8.092869420675413+0j)
16992,10.01.2020,00:00,32.0,(9.034620481786352+0j)
16993,10.01.2020,01:00,14.0,(6.858607230018604+0j)
16994,10.01.2020,02:00,19.0,(7.593542967381978+0j)
16995,10.01.2020,03:00,27.0,(8.537181392110488+0j)
16996,10.01.2020,04:00,32.0,(9.034620481786352+0j)
16997,10.01.2020,05:00,26.0,(8.430455436469295+0j)
16998,10.01.2020,06:00,13.0,(6.691256914211192+0j)
16999,10.01.2020,07:00,11.0,(6.32884048187752+0j)
17000,10.01.2020,08:00,12.0,(6.515088753873438+0j)
17001,10.01.2020,09:00,13.0,(6.691256914211192+0j)
17002,10.01.2020,10:00,5.0,(4.866124944308272+0j)
17003,10.01.2020,11:00,0.0,0j
17004,10.01.2020,12:00,0.0,0j
17005,10.01.2020,13:00,0.0,0j
17006,10.01.2020,14:00,0.0,0j
17007,10.01.2020,15:00,0.0,0j
17008,10.01.2020,16:00,0.0,0j
17009,10.01.2020,17:00,1.0,(2.845727130703496+0j)
17010,10.01.2020,18:00,1.0,(2.845727130703496+0j)
17011,10.01.2020,19:00,0.0,0j
17012,10.01.2020,20:00,0.0,0j
17013,10.01.2020,21:00,0.0,0j
17014,10.01.2020,22:00,0.0,0j
17015,10.01.2020,23:00,0.0,0j
17016,11.01.2020,00:00,0.0,0j
17017,11.01.2020,01:00,0.0,0j
17018,11.01.2020,02:00,0.0,0j
17019,11.01.2020,03:00,0.0,0j
17020,11.01.2020,04:00,0.0,0j
17021,11.01.2020,05:00,0.0,0j
17022,11.01.2020,06:00,0.0,0j
17023,11.01.2020,07:00,0.0,0j
17024,11.01.2020,08:00,0.0,0j
17025,11.01.2020,09:00,0.0,0j
17026,11.01.2020,10:00,0.0,0j
17027,11.01.2020,11:00,0.0,0j
17028,11.01.2020,12:00,0.0,0j
17029,11.01.2020,13:00,0.0,0j
17030,11.01.2020,14:00,0.0,0j
17031,11.01.2020,15:00,0.0,0j
17032,11.01.2020,16:00,0.0,0j
17033,11.01.2020,17:00,0.0,0j
17034,11.01.2020,18:00,0.0,0j
17035,11.01.2020,19:00,0.0,0j
17036,11.01.2020,20:00,1.0,(2.845727130703496+0j)
17037,11.01.2020,21:00,0.0,0j
17038,11.01.2020,22:00,0.0,0j
17039,11.01.2020,23:00,0.0,0j
17040,12.01.2020,00:00,0.0,0j
17041,12.01.2020,01:00,0.0,0j
17042,12.01.2020,02:00,0.0,0j
17043,12.01.2020,03:00,0.0,0j
17044,12.01.2020,04:00,0.0,0j
17045,12.01.2020,05:00,0.0,0j
17046,12.01.2020,06:00,0.0,0j
17047,12.01.2020,07:00,2.0,(3.585391514230274+0j)
17048,12.01.2020,08:00,13.0,(6.691256914211192+0j)
17049,12.01.2020,09:00,13.0,(6.691256914211192+0j)
17050,12.01.2020,10:00,16.0,(7.170783028460548+0j)
17051,12.01.2020,11:00,21.0,(7.851145380281553+0j)
17052,12.01.2020,12:00,18.0,(7.457914888057963+0j)
17053,12.01.2020,13:00,10.0,(6.130933248752508+0j)
17054,12.01.2020,14:00,3.0,(4.1042487314692515+0j)
17055,12.01.2020,15:00,9.0,(5.919350969396254+0j)
17056,12.01.2020,16:00,16.0,(7.170783028460548+0j)
17057,12.01.2020,17:00,19.0,(7.593542967381978+0j)
17058,12.01.2020,18:00,23.0,(8.092869420675413+0j)
17059,12.01.2020,19:00,21.0,(7.851145380281553+0j)
17060,12.01.2020,20:00,10.0,(6.130933248752508+0j)
17061,12.01.2020,21:00,11.0,(6.32884048187752+0j)
17062,12.01.2020,22:00,12.0,(6.515088753873438+0j)
17063,12.01.2020,23:00,22.0,(7.9738393445443+0j)
17064,13.01.2020,00:00,24.0,(8.208497462938503+0j)
17065,13.01.2020,01:00,27.0,(8.537181392110488+0j)
17066,13.01.2020,02:00,30.0,(8.84233584359671+0j)
17067,13.01.2020,03:00,30.0,(8.84233584359671+0j)
17068,13.01.2020,04:00,29.0,(8.74297534497106+0j)
17069,13.01.2020,05:00,31.0,(8.939512150377235+0j)
17070,13.01.2020,06:00,32.0,(9.034620481786352+0j)
17071,13.01.2020,07:00,29.0,(8.74297534497106+0j)
17072,13.01.2020,08:00,29.0,(8.74297534497106+0j)
17073,13.01.2020,09:00,28.0,(8.641303622061608+0j)
17074,13.01.2020,10:00,14.0,(6.858607230018604+0j)
17075,13.01.2020,11:00,2.0,(3.585391514230274+0j)
17076,13.01.2020,12:00,4.0,(4.517310240893176+0j)
17077,13.01.2020,13:00,3.0,(4.1042487314692515+0j)
17078,13.01.2020,14:00,3.0,(4.1042487314692515+0j)
17079,13.01.2020,15:00,6.0,(5.171029370782441+0j)
17080,13.01.2020,16:00,8.0,(5.691454261406992+0j)
17081,13.01.2020,17:00,10.0,(6.130933248752508+0j)
17082,13.01.2020,18:00,12.0,(6.515088753873438+0j)
17083,13.01.2020,19:00,13.0,(6.691256914211192+0j)
17084,13.01.2020,20:00,11.0,(6.32884048187752+0j)
17085,13.01.2020,21:00,8.0,(5.691454261406992+0j)
17086,13.01.2020,22:00,1.0,(2.845727130703496+0j)
17087,13.01.2020,23:00,1.0,(2.845727130703496+0j)
17088,14.01.2020,00:00,1.0,(2.845727130703496+0j)
17089,14.01.2020,01:00,0.0,0j
17090,14.01.2020,02:00,0.0,0j
17091,14.01.2020,03:00,0.0,0j
17092,14.01.2020,04:00,0.0,0j
17093,14.01.2020,05:00,0.0,0j
17094,14.01.2020,06:00,0.0,0j
17095,14.01.2020,07:00,0.0,0j
17096,14.01.2020,08:00,0.0,0j
17097,14.01.2020,09:00,0.0,0j
17098,14.01.2020,10:00,0.0,0j
17099,14.01.2020,11:00,0.0,0j
17100,14.01.2020,12:00,0.0,0j
17101,14.01.2020,13:00,0.0,0j
17102,14.01.2020,14:00,0.0,0j
17103,14.01.2020,15:00,0.0,0j
17104,14.01.2020,16:00,0.0,0j
17105,14.01.2020,17:00,0.0,0j
17106,14.01.2020,18:00,0.0,0j
17107,14.01.2020,19:00,0.0,0j
17108,14.01.2020,20:00,0.0,0j
17109,14.01.2020,21:00,0.0,0j
17110,14.01.2020,22:00,0.0,0j
17111,14.01.2020,23:00,0.0,0j
17112,15.01.2020,00:00,1.0,(2.845727130703496+0j)
17113,15.01.2020,01:00,2.0,(3.585391514230274+0j)
17114,15.01.2020,02:00,7.0,(5.443680165984116+0j)
17115,15.01.2020,03:00,7.0,(5.443680165984116+0j)
17116,15.01.2020,04:00,6.0,(5.171029370782441+0j)
17117,15.01.2020,05:00,7.0,(5.443680165984116+0j)
17118,15.01.2020,06:00,11.0,(6.32884048187752+0j)
17119,15.01.2020,07:00,13.0,(6.691256914211192+0j)
17120,15.01.2020,08:00,10.0,(6.130933248752508+0j)
17121,15.01.2020,09:00,9.0,(5.919350969396254+0j)
17122,15.01.2020,10:00,8.0,(5.691454261406992+0j)
17123,15.01.2020,11:00,3.0,(4.1042487314692515+0j)
17124,15.01.2020,12:00,5.0,(4.866124944308272+0j)
17125,15.01.2020,13:00,3.0,(4.1042487314692515+0j)
17126,15.01.2020,14:00,8.0,(5.691454261406992+0j)
17127,15.01.2020,15:00,9.0,(5.919350969396254+0j)
17128,15.01.2020,16:00,17.0,(7.317165783214581+0j)
17129,15.01.2020,17:00,40.0,(9.732249888616542+0j)
17130,15.01.2020,18:00,34.0,(9.219051195842558+0j)
17131,15.01.2020,19:00,38.0,(9.567264627885733+0j)
17132,15.01.2020,20:00,31.0,(8.939512150377235+0j)
17133,15.01.2020,21:00,34.0,(9.219051195842558+0j)
17134,15.01.2020,22:00,30.0,(8.84233584359671+0j)
17135,15.01.2020,23:00,28.0,(8.641303622061608+0j)
17136,16.01.2020,00:00,25.0,(8.320956608290626+0j)
17137,16.01.2020,01:00,20.0,(7.724491855603646+0j)
17138,16.01.2020,02:00,38.0,(9.567264627885733+0j)
17139,16.01.2020,03:00,52.0,(10.621708264608335+0j)
17140,16.01.2020,04:00,48.0,(10.34205874156488+0j)
17141,16.01.2020,05:00,46.0,(10.19637653715948+0j)
17142,16.01.2020,06:00,47.0,(10.269734286241032+0j)
17143,16.01.2020,07:00,51.0,(10.5531792067093+0j)
17144,16.01.2020,08:00,53.0,(10.689364281461948+0j)
17145,16.01.2020,09:00,47.0,(10.269734286241032+0j)
17146,16.01.2020,10:00,51.0,(10.5531792067093+0j)
17147,16.01.2020,11:00,60.0,(11.140645059587433+0j)
17148,16.01.2020,12:00,60.0,(11.140645059587433+0j)
17149,16.01.2020,13:00,62.0,(11.263079534051261+0j)
17150,16.01.2020,14:00,59.0,(11.078405520382008+0j)
17151,16.01.2020,15:00,59.0,(11.078405520382008+0j)
17152,16.01.2020,16:00,63.0,(11.323311051132062+0j)
17153,16.01.2020,17:00,63.0,(11.323311051132062+0j)
17154,16.01.2020,18:00,64.0,(11.382908522813985+0j)
17155,16.01.2020,19:00,65.0,(11.441888376335278+0j)
17156,16.01.2020,20:00,66.0,(11.500266368369322+0j)
17157,16.01.2020,21:00,62.0,(11.263079534051261+0j)
17158,16.01.2020,22:00,64.0,(11.382908522813985+0j)
17159,16.01.2020,23:00,66.0,(11.500266368369322+0j)
17160,17.01.2020,00:00,67.0,(11.55805762209552+0j)
17161,17.01.2020,01:00,65.0,(11.441888376335278+0j)
17162,17.01.2020,02:00,66.0,(11.500266368369322+0j)
17163,17.01.2020,03:00,66.0,(11.500266368369322+0j)
17164,17.01.2020,04:00,66.0,(11.500266368369322+0j)
17165,17.01.2020,05:00,66.0,(11.500266368369322+0j)
17166,17.01.2020,06:00,63.0,(11.323311051132062+0j)
17167,17.01.2020,07:00,66.0,(11.500266368369322+0j)
17168,17.01.2020,08:00,66.0,(11.500266368369322+0j)
17169,17.01.2020,09:00,65.0,(11.441888376335278+0j)
17170,17.01.2020,10:00,65.0,(11.441888376335278+0j)
17171,17.01.2020,11:00,66.0,(11.500266368369322+0j)
17172,17.01.2020,12:00,66.0,(11.500266368369322+0j)
17173,17.01.2020,13:00,66.0,(11.500266368369322+0j)
17174,17.01.2020,14:00,68.0,(11.615276661700541+0j)
17175,17.01.2020,15:00,69.0,(11.671937444523078+0j)
17176,17.01.2020,16:00,67.0,(11.55805762209552+0j)
17177,17.01.2020,17:00,65.0,(11.441888376335278+0j)
17178,17.01.2020,18:00,68.0,(11.615276661700541+0j)
17179,17.01.2020,19:00,69.0,(11.671937444523078+0j)
17180,17.01.2020,20:00,69.0,(11.671937444523078+0j)
17181,17.01.2020,21:00,67.0,(11.55805762209552+0j)
17182,17.01.2020,22:00,68.0,(11.615276661700541+0j)
17183,17.01.2020,23:00,68.0,(11.615276661700541+0j)
17184,18.01.2020,00:00,67.0,(11.55805762209552+0j)
17185,18.01.2020,01:00,66.0,(11.500266368369322+0j)
17186,18.01.2020,02:00,60.0,(11.140645059587433+0j)
17187,18.01.2020,03:00,59.0,(11.078405520382008+0j)
17188,18.01.2020,04:00,62.0,(11.263079534051261+0j)
17189,18.01.2020,05:00,63.0,(11.323311051132062+0j)
17190,18.01.2020,06:00,68.0,(11.615276661700541+0j)
17191,18.01.2020,07:00,63.0,(11.323311051132062+0j)
17192,18.01.2020,08:00,61.0,(11.202196833891742+0j)
17193,18.01.2020,09:00,66.0,(11.500266368369322+0j)
17194,18.01.2020,10:00,64.0,(11.382908522813985+0j)
17195,18.01.2020,11:00,67.0,(11.55805762209552+0j)
17196,18.01.2020,12:00,60.0,(11.140645059587433+0j)
17197,18.01.2020,13:00,57.0,(10.9517840818175+0j)
17198,18.01.2020,14:00,66.0,(11.500266368369322+0j)
17199,18.01.2020,15:00,61.0,(11.202196833891742+0j)
17200,18.01.2020,16:00,59.0,(11.078405520382008+0j)
17201,18.01.2020,17:00,63.0,(11.323311051132062+0j)
17202,18.01.2020,18:00,64.0,(11.382908522813985+0j)
17203,18.01.2020,19:00,58.0,(11.015458675840927+0j)
17204,18.01.2020,20:00,52.0,(10.621708264608335+0j)
17205,18.01.2020,21:00,57.0,(10.9517840818175+0j)
17206,18.01.2020,22:00,53.0,(10.689364281461948+0j)
17207,18.01.2020,23:00,47.0,(10.269734286241032+0j)
17208,19.01.2020,00:00,43.0,(9.969714910096506+0j)
17209,19.01.2020,01:00,56.0,(10.887360331968232+0j)
17210,19.01.2020,02:00,48.0,(10.34205874156488+0j)
17211,19.01.2020,03:00,34.0,(9.219051195842558+0j)
17212,19.01.2020,04:00,35.0,(9.308562145233848+0j)
17213,19.01.2020,05:00,63.0,(11.323311051132062+0j)
17214,19.01.2020,06:00,63.0,(11.323311051132062+0j)
17215,19.01.2020,07:00,63.0,(11.323311051132062+0j)
17216,19.01.2020,08:00,65.0,(11.441888376335278+0j)
17217,19.01.2020,09:00,64.0,(11.382908522813985+0j)
17218,19.01.2020,10:00,60.0,(11.140645059587433+0j)
17219,19.01.2020,11:00,53.0,(10.689364281461948+0j)
17220,19.01.2020,12:00,32.0,(9.034620481786352+0j)
17221,19.01.2020,13:00,29.0,(8.74297534497106+0j)
17222,19.01.2020,14:00,36.0,(9.396383955788593+0j)
17223,19.01.2020,15:00,50.0,(10.483748386047209+0j)
17224,19.01.2020,16:00,55.0,(10.822164994364314+0j)
17225,19.01.2020,17:00,59.0,(11.078405520382008+0j)
17226,19.01.2020,18:00,47.0,(10.269734286241032+0j)
17227,19.01.2020,19:00,60.0,(11.140645059587433+0j)
17228,19.01.2020,20:00,58.0,(11.015458675840927+0j)
17229,19.01.2020,21:00,55.0,(10.822164994364314+0j)
17230,19.01.2020,22:00,52.0,(10.621708264608335+0j)
17231,19.01.2020,23:00,53.0,(10.689364281461948+0j)
17232,20.01.2020,00:00,44.0,(10.0464080386713+0j)
17233,20.01.2020,01:00,46.0,(10.19637653715948+0j)
17234,20.01.2020,02:00,36.0,(9.396383955788593+0j)
17235,20.01.2020,03:00,45.0,(10.121947777604984+0j)
17236,20.01.2020,04:00,32.0,(9.034620481786352+0j)
17237,20.01.2020,05:00,35.0,(9.308562145233848+0j)
17238,20.01.2020,06:00,23.0,(8.092869420675413+0j)
17239,20.01.2020,07:00,32.0,(9.034620481786352+0j)
17240,20.01.2020,08:00,67.0,(11.55805762209552+0j)
17241,20.01.2020,09:00,55.0,(10.822164994364314+0j)
17242,20.01.2020,10:00,59.0,(11.078405520382008+0j)
17243,20.01.2020,11:00,60.0,(11.140645059587433+0j)
17244,20.01.2020,12:00,62.0,(11.263079534051261+0j)
17245,20.01.2020,13:00,66.0,(11.500266368369322+0j)
17246,20.01.2020,14:00,68.0,(11.615276661700541+0j)
17247,20.01.2020,15:00,67.0,(11.55805762209552+0j)
17248,20.01.2020,16:00,68.0,(11.615276661700541+0j)
17249,20.01.2020,17:00,63.0,(11.323311051132062+0j)
17250,20.01.2020,18:00,59.0,(11.078405520382008+0j)
17251,20.01.2020,19:00,63.0,(11.323311051132062+0j)
17252,20.01.2020,20:00,67.0,(11.55805762209552+0j)
17253,20.01.2020,21:00,62.0,(11.263079534051261+0j)
17254,20.01.2020,22:00,65.0,(11.441888376335278+0j)
17255,20.01.2020,23:00,68.0,(11.615276661700541+0j)
17256,21.01.2020,00:00,48.0,(10.34205874156488+0j)
17257,21.01.2020,01:00,49.0,(10.41338553855059+0j)
17258,21.01.2020,02:00,48.0,(10.34205874156488+0j)
17259,21.01.2020,03:00,37.0,(9.482594128751929+0j)
17260,21.01.2020,04:00,42.0,(9.891823330401618+0j)
17261,21.01.2020,05:00,59.0,(11.078405520382008+0j)
17262,21.01.2020,06:00,66.0,(11.500266368369322+0j)
17263,21.01.2020,07:00,62.0,(11.263079534051261+0j)
17264,21.01.2020,08:00,67.0,(11.55805762209552+0j)
17265,21.01.2020,09:00,67.0,(11.55805762209552+0j)
17266,21.01.2020,10:00,69.0,(11.671937444523078+0j)
17267,21.01.2020,11:00,66.0,(11.500266368369322+0j)
17268,21.01.2020,12:00,69.0,(11.671937444523078+0j)
17269,21.01.2020,13:00,66.0,(11.500266368369322+0j)
17270,21.01.2020,14:00,66.0,(11.500266368369322+0j)
17271,21.01.2020,15:00,66.0,(11.500266368369322+0j)
17272,21.01.2020,16:00,68.0,(11.615276661700541+0j)
17273,21.01.2020,17:00,64.0,(11.382908522813985+0j)
17274,21.01.2020,18:00,62.0,(11.263079534051261+0j)
17275,21.01.2020,19:00,67.0,(11.55805762209552+0j)
17276,21.01.2020,20:00,66.0,(11.500266368369322+0j)
17277,21.01.2020,21:00,66.0,(11.500266368369322+0j)
17278,21.01.2020,22:00,66.0,(11.500266368369322+0j)
17279,21.01.2020,23:00,55.0,(10.822164994364314+0j)
17280,22.01.2020,00:00,61.0,(11.202196833891742+0j)
17281,22.01.2020,01:00,60.0,(11.140645059587433+0j)
17282,22.01.2020,02:00,61.0,(11.202196833891742+0j)
17283,22.01.2020,03:00,58.0,(11.015458675840927+0j)
17284,22.01.2020,04:00,53.0,(10.689364281461948+0j)
17285,22.01.2020,05:00,48.0,(10.34205874156488+0j)
17286,22.01.2020,06:00,50.0,(10.483748386047209+0j)
17287,22.01.2020,07:00,47.0,(10.269734286241032+0j)
17288,22.01.2020,08:00,47.0,(10.269734286241032+0j)
17289,22.01.2020,09:00,40.0,(9.732249888616542+0j)
17290,22.01.2020,10:00,12.0,(6.515088753873438+0j)
17291,22.01.2020,11:00,13.0,(6.691256914211192+0j)
17292,22.01.2020,12:00,1.0,(2.845727130703496+0j)
17293,22.01.2020,13:00,0.0,0j
17294,22.01.2020,14:00,0.0,0j
17295,22.01.2020,15:00,0.0,0j
17296,22.01.2020,16:00,0.0,0j
17297,22.01.2020,17:00,0.0,0j
17298,22.01.2020,18:00,0.0,0j
17299,22.01.2020,19:00,0.0,0j
17300,22.01.2020,20:00,0.0,0j
17301,22.01.2020,21:00,0.0,0j
17302,22.01.2020,22:00,0.0,0j
17303,22.01.2020,23:00,0.0,0j
17304,23.01.2020,00:00,0.0,0j
17305,23.01.2020,01:00,0.0,0j
17306,23.01.2020,02:00,0.0,0j
17307,23.01.2020,03:00,0.0,0j
17308,23.01.2020,04:00,0.0,0j
17309,23.01.2020,05:00,0.0,0j
17310,23.01.2020,06:00,0.0,0j
17311,23.01.2020,07:00,0.0,0j
17312,23.01.2020,08:00,2.0,(3.585391514230274+0j)
17313,23.01.2020,09:00,18.0,(7.457914888057963+0j)
17314,23.01.2020,10:00,58.0,(11.015458675840927+0j)
17315,23.01.2020,11:00,69.0,(11.671937444523078+0j)
17316,23.01.2020,12:00,69.0,(11.671937444523078+0j)
17317,23.01.2020,13:00,66.0,(11.500266368369322+0j)
17318,23.01.2020,14:00,69.0,(11.671937444523078+0j)
17319,23.01.2020,15:00,69.0,(11.671937444523078+0j)
17320,23.01.2020,16:00,68.0,(11.615276661700541+0j)
17321,23.01.2020,17:00,69.0,(11.671937444523078+0j)
17322,23.01.2020,18:00,69.0,(11.671937444523078+0j)
17323,23.01.2020,19:00,69.0,(11.671937444523078+0j)
17324,23.01.2020,20:00,69.0,(11.671937444523078+0j)
17325,23.01.2020,21:00,66.0,(11.500266368369322+0j)
17326,23.01.2020,22:00,66.0,(11.500266368369322+0j)
17327,23.01.2020,23:00,65.0,(11.441888376335278+0j)
17328,24.01.2020,00:00,57.0,(10.9517840818175+0j)
17329,24.01.2020,01:00,38.0,(9.567264627885733+0j)
17330,24.01.2020,02:00,29.0,(8.74297534497106+0j)
17331,24.01.2020,03:00,23.0,(8.092869420675413+0j)
17332,24.01.2020,04:00,43.0,(9.969714910096506+0j)
17333,24.01.2020,05:00,44.0,(10.0464080386713+0j)
17334,24.01.2020,06:00,46.0,(10.19637653715948+0j)
17335,24.01.2020,07:00,44.0,(10.0464080386713+0j)
17336,24.01.2020,08:00,54.0,(10.756174542690822+0j)
17337,24.01.2020,09:00,40.0,(9.732249888616542+0j)
17338,24.01.2020,10:00,26.0,(8.430455436469295+0j)
17339,24.01.2020,11:00,19.0,(7.593542967381978+0j)
17340,24.01.2020,12:00,17.0,(7.317165783214581+0j)
17341,24.01.2020,13:00,16.0,(7.170783028460548+0j)
17342,24.01.2020,14:00,20.0,(7.724491855603646+0j)
17343,24.01.2020,15:00,13.0,(6.691256914211192+0j)
17344,24.01.2020,16:00,8.0,(5.691454261406992+0j)
17345,24.01.2020,17:00,7.0,(5.443680165984116+0j)
17346,24.01.2020,18:00,9.0,(5.919350969396254+0j)
17347,24.01.2020,19:00,8.0,(5.691454261406992+0j)
17348,24.01.2020,20:00,5.0,(4.866124944308272+0j)
17349,24.01.2020,21:00,2.0,(3.585391514230274+0j)
17350,24.01.2020,22:00,0.0,0j
17351,24.01.2020,23:00,0.0,0j
17352,25.01.2020,00:00,1.0,(2.845727130703496+0j)
17353,25.01.2020,01:00,5.0,(4.866124944308272+0j)
17354,25.01.2020,02:00,0.0,0j
17355,25.01.2020,03:00,2.0,(3.585391514230274+0j)
17356,25.01.2020,04:00,0.0,0j
17357,25.01.2020,05:00,0.0,0j
17358,25.01.2020,06:00,0.0,0j
17359,25.01.2020,07:00,0.0,0j
17360,25.01.2020,08:00,0.0,0j
17361,25.01.2020,09:00,0.0,0j
17362,25.01.2020,10:00,0.0,0j
17363,25.01.2020,11:00,2.0,(3.585391514230274+0j)
17364,25.01.2020,12:00,1.0,(2.845727130703496+0j)
17365,25.01.2020,13:00,1.0,(2.845727130703496+0j)
17366,25.01.2020,14:00,0.0,0j
17367,25.01.2020,15:00,3.0,(4.1042487314692515+0j)
17368,25.01.2020,16:00,8.0,(5.691454261406992+0j)
17369,25.01.2020,17:00,8.0,(5.691454261406992+0j)
17370,25.01.2020,18:00,18.0,(7.457914888057963+0j)
17371,25.01.2020,19:00,18.0,(7.457914888057963+0j)
17372,25.01.2020,20:00,15.0,(7.018166609990766+0j)
17373,25.01.2020,21:00,27.0,(8.537181392110488+0j)
17374,25.01.2020,22:00,28.0,(8.641303622061608+0j)
17375,25.01.2020,23:00,30.0,(8.84233584359671+0j)
17376,26.01.2020,00:00,22.0,(7.9738393445443+0j)
17377,26.01.2020,01:00,22.0,(7.9738393445443+0j)
17378,26.01.2020,02:00,22.0,(7.9738393445443+0j)
17379,26.01.2020,03:00,23.0,(8.092869420675413+0j)
17380,26.01.2020,04:00,32.0,(9.034620481786352+0j)
17381,26.01.2020,05:00,22.0,(7.9738393445443+0j)
17382,26.01.2020,06:00,20.0,(7.724491855603646+0j)
17383,26.01.2020,07:00,16.0,(7.170783028460548+0j)
17384,26.01.2020,08:00,14.0,(6.858607230018604+0j)
17385,26.01.2020,09:00,14.0,(6.858607230018604+0j)
17386,26.01.2020,10:00,8.0,(5.691454261406992+0j)
17387,26.01.2020,11:00,6.0,(5.171029370782441+0j)
17388,26.01.2020,12:00,1.0,(2.845727130703496+0j)
17389,26.01.2020,13:00,2.0,(3.585391514230274+0j)
17390,26.01.2020,14:00,0.0,0j
17391,26.01.2020,15:00,0.0,0j
17392,26.01.2020,16:00,0.0,0j
17393,26.01.2020,17:00,1.0,(2.845727130703496+0j)
17394,26.01.2020,18:00,6.0,(5.171029370782441+0j)
17395,26.01.2020,19:00,11.0,(6.32884048187752+0j)
17396,26.01.2020,20:00,8.0,(5.691454261406992+0j)
17397,26.01.2020,21:00,13.0,(6.691256914211192+0j)
17398,26.01.2020,22:00,20.0,(7.724491855603646+0j)
17399,26.01.2020,23:00,15.0,(7.018166609990766+0j)
17400,27.01.2020,00:00,9.0,(5.919350969396254+0j)
17401,27.01.2020,01:00,16.0,(7.170783028460548+0j)
17402,27.01.2020,02:00,23.0,(8.092869420675413+0j)
17403,27.01.2020,03:00,14.0,(6.858607230018604+0j)
17404,27.01.2020,04:00,20.0,(7.724491855603646+0j)
17405,27.01.2020,05:00,26.0,(8.430455436469295+0j)
17406,27.01.2020,06:00,34.0,(9.219051195842558+0j)
17407,27.01.2020,07:00,21.0,(7.851145380281553+0j)
17408,27.01.2020,08:00,37.0,(9.482594128751929+0j)
17409,27.01.2020,09:00,33.0,(9.127767465531983+0j)
17410,27.01.2020,10:00,35.0,(9.308562145233848+0j)
17411,27.01.2020,11:00,28.0,(8.641303622061608+0j)
17412,27.01.2020,12:00,54.0,(10.756174542690822+0j)
17413,27.01.2020,13:00,51.0,(10.5531792067093+0j)
17414,27.01.2020,14:00,33.0,(9.127767465531983+0j)
17415,27.01.2020,15:00,32.0,(9.034620481786352+0j)
17416,27.01.2020,16:00,39.0,(9.650462409337567+0j)
17417,27.01.2020,17:00,37.0,(9.482594128751929+0j)
17418,27.01.2020,18:00,63.0,(11.323311051132062+0j)
17419,27.01.2020,19:00,64.0,(11.382908522813985+0j)
17420,27.01.2020,20:00,64.0,(11.382908522813985+0j)
17421,27.01.2020,21:00,61.0,(11.202196833891742+0j)
17422,27.01.2020,22:00,65.0,(11.441888376335278+0j)
17423,27.01.2020,23:00,55.0,(10.822164994364314+0j)
17424,28.01.2020,00:00,50.0,(10.483748386047209+0j)
17425,28.01.2020,01:00,46.0,(10.19637653715948+0j)
17426,28.01.2020,02:00,45.0,(10.121947777604984+0j)
17427,28.01.2020,03:00,34.0,(9.219051195842558+0j)
17428,28.01.2020,04:00,0.0,0j
17429,28.01.2020,05:00,4.0,(4.517310240893176+0j)
17430,28.01.2020,06:00,4.0,(4.517310240893176+0j)
17431,28.01.2020,07:00,1.0,(2.845727130703496+0j)
17432,28.01.2020,08:00,0.0,0j
17433,28.01.2020,09:00,2.0,(3.585391514230274+0j)
17434,28.01.2020,10:00,0.0,0j
17435,28.01.2020,11:00,2.0,(3.585391514230274+0j)
17436,28.01.2020,12:00,4.0,(4.517310240893176+0j)
17437,28.01.2020,13:00,3.0,(4.1042487314692515+0j)
17438,28.01.2020,14:00,2.0,(3.585391514230274+0j)
17439,28.01.2020,15:00,14.0,(6.858607230018604+0j)
17440,28.01.2020,16:00,18.0,(7.457914888057963+0j)
17441,28.01.2020,17:00,10.0,(6.130933248752508+0j)
17442,28.01.2020,18:00,15.0,(7.018166609990766+0j)
17443,28.01.2020,19:00,12.0,(6.515088753873438+0j)
17444,28.01.2020,20:00,10.0,(6.130933248752508+0j)
17445,28.01.2020,21:00,13.0,(6.691256914211192+0j)
17446,28.01.2020,22:00,13.0,(6.691256914211192+0j)
17447,28.01.2020,23:00,14.0,(6.858607230018604+0j)
17448,29.01.2020,00:00,22.0,(7.9738393445443+0j)
17449,29.01.2020,01:00,16.0,(7.170783028460548+0j)
17450,29.01.2020,02:00,33.0,(9.127767465531983+0j)
17451,29.01.2020,03:00,34.0,(9.219051195842558+0j)
17452,29.01.2020,04:00,36.0,(9.396383955788593+0j)
17453,29.01.2020,05:00,27.0,(8.537181392110488+0j)
17454,29.01.2020,06:00,38.0,(9.567264627885733+0j)
17455,29.01.2020,07:00,50.0,(10.483748386047209+0j)
17456,29.01.2020,08:00,41.0,(9.812685353516676+0j)
17457,29.01.2020,09:00,50.0,(10.483748386047209+0j)
17458,29.01.2020,10:00,54.0,(10.756174542690822+0j)
17459,29.01.2020,11:00,38.0,(9.567264627885733+0j)
17460,29.01.2020,12:00,42.0,(9.891823330401618+0j)
17461,29.01.2020,13:00,53.0,(10.689364281461948+0j)
17462,29.01.2020,14:00,59.0,(11.078405520382008+0j)
17463,29.01.2020,15:00,42.0,(9.891823330401618+0j)
17464,29.01.2020,16:00,42.0,(9.891823330401618+0j)
17465,29.01.2020,17:00,54.0,(10.756174542690822+0j)
17466,29.01.2020,18:00,26.0,(8.430455436469295+0j)
17467,29.01.2020,19:00,41.0,(9.812685353516676+0j)
17468,29.01.2020,20:00,51.0,(10.5531792067093+0j)
17469,29.01.2020,21:00,39.0,(9.650462409337567+0j)
17470,29.01.2020,22:00,45.0,(10.121947777604984+0j)
17471,29.01.2020,23:00,34.0,(9.219051195842558+0j)
17472,30.01.2020,00:00,64.0,(11.382908522813985+0j)
17473,30.01.2020,01:00,60.0,(11.140645059587433+0j)
17474,30.01.2020,02:00,51.0,(10.5531792067093+0j)
17475,30.01.2020,03:00,52.0,(10.621708264608335+0j)
17476,30.01.2020,04:00,51.0,(10.5531792067093+0j)
17477,30.01.2020,05:00,46.0,(10.19637653715948+0j)
17478,30.01.2020,06:00,35.0,(9.308562145233848+0j)
17479,30.01.2020,07:00,32.0,(9.034620481786352+0j)
17480,30.01.2020,08:00,30.0,(8.84233584359671+0j)
17481,30.01.2020,09:00,17.0,(7.317165783214581+0j)
17482,30.01.2020,10:00,14.0,(6.858607230018604+0j)
17483,30.01.2020,11:00,16.0,(7.170783028460548+0j)
17484,30.01.2020,12:00,18.0,(7.457914888057963+0j)
17485,30.01.2020,13:00,17.0,(7.317165783214581+0j)
17486,30.01.2020,14:00,6.0,(5.171029370782441+0j)
17487,30.01.2020,15:00,10.0,(6.130933248752508+0j)
17488,30.01.2020,16:00,23.0,(8.092869420675413+0j)
17489,30.01.2020,17:00,17.0,(7.317165783214581+0j)
17490,30.01.2020,18:00,31.0,(8.939512150377235+0j)
17491,30.01.2020,19:00,44.0,(10.0464080386713+0j)
17492,30.01.2020,20:00,21.0,(7.851145380281553+0j)
17493,30.01.2020,21:00,13.0,(6.691256914211192+0j)
17494,30.01.2020,22:00,12.0,(6.515088753873438+0j)
17495,30.01.2020,23:00,15.0,(7.018166609990766+0j)
17496,31.01.2020,00:00,19.0,(7.593542967381978+0j)
17497,31.01.2020,01:00,19.0,(7.593542967381978+0j)
17498,31.01.2020,02:00,12.0,(6.515088753873438+0j)
17499,31.01.2020,03:00,11.0,(6.32884048187752+0j)
17500,31.01.2020,04:00,9.0,(5.919350969396254+0j)
17501,31.01.2020,05:00,8.0,(5.691454261406992+0j)
17502,31.01.2020,06:00,7.0,(5.443680165984116+0j)
17503,31.01.2020,07:00,1.0,(2.845727130703496+0j)
17504,31.01.2020,08:00,0.0,0j
17505,31.01.2020,09:00,0.0,0j
17506,31.01.2020,10:00,0.0,0j
17507,31.01.2020,11:00,0.0,0j
17508,31.01.2020,12:00,0.0,0j
17509,31.01.2020,13:00,1.0,(2.845727130703496+0j)
17510,31.01.2020,14:00,2.0,(3.585391514230274+0j)
17511,31.01.2020,15:00,4.0,(4.517310240893176+0j)
17512,31.01.2020,16:00,1.0,(2.845727130703496+0j)
17513,31.01.2020,17:00,1.0,(2.845727130703496+0j)
17514,31.01.2020,18:00,8.0,(5.691454261406992+0j)
17515,31.01.2020,19:00,19.0,(7.593542967381978+0j)
17516,31.01.2020,20:00,21.0,(7.851145380281553+0j)
17517,31.01.2020,21:00,11.0,(6.32884048187752+0j)
17518,31.01.2020,22:00,19.0,(7.593542967381978+0j)
17519,31.01.2020,23:00,26.0,(8.430455436469295+0j)
17520,01.02.2020,00:00,22.0,(7.9738393445443+0j)
17521,01.02.2020,01:00,33.0,(9.127767465531983+0j)
17522,01.02.2020,02:00,36.0,(9.396383955788593+0j)
17523,01.02.2020,03:00,28.0,(8.641303622061608+0j)
17524,01.02.2020,04:00,28.0,(8.641303622061608+0j)
17525,01.02.2020,05:00,14.0,(6.858607230018604+0j)
17526,01.02.2020,06:00,14.0,(6.858607230018604+0j)
17527,01.02.2020,07:00,7.0,(5.443680165984116+0j)
17528,01.02.2020,08:00,2.0,(3.585391514230274+0j)
17529,01.02.2020,09:00,0.0,0j
17530,01.02.2020,10:00,2.0,(3.585391514230274+0j)
17531,01.02.2020,11:00,0.0,0j
17532,01.02.2020,12:00,0.0,0j
17533,01.02.2020,13:00,0.0,0j
17534,01.02.2020,14:00,0.0,0j
17535,01.02.2020,15:00,0.0,0j
17536,01.02.2020,16:00,0.0,0j
17537,01.02.2020,17:00,0.0,0j
17538,01.02.2020,18:00,0.0,0j
17539,01.02.2020,19:00,0.0,0j
17540,01.02.2020,20:00,0.0,0j
17541,01.02.2020,21:00,0.0,0j
17542,01.02.2020,22:00,4.0,(4.517310240893176+0j)
17543,01.02.2020,23:00,3.0,(4.1042487314692515+0j)
17544,02.02.2020,00:00,6.0,(5.171029370782441+0j)
17545,02.02.2020,01:00,5.0,(4.866124944308272+0j)
17546,02.02.2020,02:00,3.0,(4.1042487314692515+0j)
17547,02.02.2020,03:00,2.0,(3.585391514230274+0j)
17548,02.02.2020,04:00,2.0,(3.585391514230274+0j)
17549,02.02.2020,05:00,2.0,(3.585391514230274+0j)
17550,02.02.2020,06:00,3.0,(4.1042487314692515+0j)
17551,02.02.2020,07:00,5.0,(4.866124944308272+0j)
17552,02.02.2020,08:00,7.0,(5.443680165984116+0j)
17553,02.02.2020,09:00,6.0,(5.171029370782441+0j)
17554,02.02.2020,10:00,5.0,(4.866124944308272+0j)
17555,02.02.2020,11:00,8.0,(5.691454261406992+0j)
17556,02.02.2020,12:00,16.0,(7.170783028460548+0j)
17557,02.02.2020,13:00,20.0,(7.724491855603646+0j)
17558,02.02.2020,14:00,11.0,(6.32884048187752+0j)
17559,02.02.2020,15:00,12.0,(6.515088753873438+0j)
17560,02.02.2020,16:00,13.0,(6.691256914211192+0j)
17561,02.02.2020,17:00,15.0,(7.018166609990766+0j)
17562,02.02.2020,18:00,14.0,(6.858607230018604+0j)
17563,02.02.2020,19:00,31.0,(8.939512150377235+0j)
17564,02.02.2020,20:00,26.0,(8.430455436469295+0j)
17565,02.02.2020,21:00,25.0,(8.320956608290626+0j)
17566,02.02.2020,22:00,11.0,(6.32884048187752+0j)
17567,02.02.2020,23:00,12.0,(6.515088753873438+0j)
17568,03.02.2020,00:00,33.0,(9.127767465531983+0j)
17569,03.02.2020,01:00,24.0,(8.208497462938503+0j)
17570,03.02.2020,02:00,30.0,(8.84233584359671+0j)
17571,03.02.2020,03:00,36.0,(9.396383955788593+0j)
17572,03.02.2020,04:00,36.0,(9.396383955788593+0j)
17573,03.02.2020,05:00,29.0,(8.74297534497106+0j)
17574,03.02.2020,06:00,37.0,(9.482594128751929+0j)
17575,03.02.2020,07:00,43.0,(9.969714910096506+0j)
17576,03.02.2020,08:00,46.0,(10.19637653715948+0j)
17577,03.02.2020,09:00,47.0,(10.269734286241032+0j)
17578,03.02.2020,10:00,47.0,(10.269734286241032+0j)
17579,03.02.2020,11:00,35.0,(9.308562145233848+0j)
17580,03.02.2020,12:00,19.0,(7.593542967381978+0j)
17581,03.02.2020,13:00,26.0,(8.430455436469295+0j)
17582,03.02.2020,14:00,32.0,(9.034620481786352+0j)
17583,03.02.2020,15:00,36.0,(9.396383955788593+0j)
17584,03.02.2020,16:00,43.0,(9.969714910096506+0j)
17585,03.02.2020,17:00,31.0,(8.939512150377235+0j)
17586,03.02.2020,18:00,27.0,(8.537181392110488+0j)
17587,03.02.2020,19:00,35.0,(9.308562145233848+0j)
17588,03.02.2020,20:00,40.0,(9.732249888616542+0j)
17589,03.02.2020,21:00,11.0,(6.32884048187752+0j)
17590,03.02.2020,22:00,30.0,(8.84233584359671+0j)
17591,03.02.2020,23:00,38.0,(9.567264627885733+0j)
17592,04.02.2020,00:00,6.0,(5.171029370782441+0j)
17593,04.02.2020,01:00,11.0,(6.32884048187752+0j)
17594,04.02.2020,02:00,2.0,(3.585391514230274+0j)
17595,04.02.2020,03:00,0.0,0j
17596,04.02.2020,04:00,11.0,(6.32884048187752+0j)
17597,04.02.2020,05:00,16.0,(7.170783028460548+0j)
17598,04.02.2020,06:00,1.0,(2.845727130703496+0j)
17599,04.02.2020,07:00,2.0,(3.585391514230274+0j)
17600,04.02.2020,08:00,13.0,(6.691256914211192+0j)
17601,04.02.2020,09:00,16.0,(7.170783028460548+0j)
17602,04.02.2020,10:00,28.0,(8.641303622061608+0j)
17603,04.02.2020,11:00,28.0,(8.641303622061608+0j)
17604,04.02.2020,12:00,25.0,(8.320956608290626+0j)
17605,04.02.2020,13:00,18.0,(7.457914888057963+0j)
17606,04.02.2020,14:00,20.0,(7.724491855603646+0j)
17607,04.02.2020,15:00,35.0,(9.308562145233848+0j)
17608,04.02.2020,16:00,51.0,(10.5531792067093+0j)
17609,04.02.2020,17:00,44.0,(10.0464080386713+0j)
17610,04.02.2020,18:00,61.0,(11.202196833891742+0j)
17611,04.02.2020,19:00,69.0,(11.671937444523078+0j)
17612,04.02.2020,20:00,58.0,(11.015458675840927+0j)
17613,04.02.2020,21:00,68.0,(11.615276661700541+0j)
17614,04.02.2020,22:00,69.0,(11.671937444523078+0j)
17615,04.02.2020,23:00,69.0,(11.671937444523078+0j)
17616,05.02.2020,00:00,66.0,(11.500266368369322+0j)
17617,05.02.2020,01:00,69.0,(11.671937444523078+0j)
17618,05.02.2020,02:00,65.0,(11.441888376335278+0j)
17619,05.02.2020,03:00,66.0,(11.500266368369322+0j)
17620,05.02.2020,04:00,69.0,(11.671937444523078+0j)
17621,05.02.2020,05:00,69.0,(11.671937444523078+0j)
17622,05.02.2020,06:00,66.0,(11.500266368369322+0j)
17623,05.02.2020,07:00,69.0,(11.671937444523078+0j)
17624,05.02.2020,08:00,69.0,(11.671937444523078+0j)
17625,05.02.2020,09:00,69.0,(11.671937444523078+0j)
17626,05.02.2020,10:00,51.0,(10.5531792067093+0j)
17627,05.02.2020,11:00,17.0,(7.317165783214581+0j)
17628,05.02.2020,12:00,16.0,(7.170783028460548+0j)
17629,05.02.2020,13:00,0.0,0j
17630,05.02.2020,14:00,6.0,(5.171029370782441+0j)
17631,05.02.2020,15:00,0.0,0j
17632,05.02.2020,16:00,69.0,(11.671937444523078+0j)
17633,05.02.2020,17:00,68.0,(11.615276661700541+0j)
17634,05.02.2020,18:00,69.0,(11.671937444523078+0j)
17635,05.02.2020,19:00,53.0,(10.689364281461948+0j)
17636,05.02.2020,20:00,36.0,(9.396383955788593+0j)
17637,05.02.2020,21:00,47.0,(10.269734286241032+0j)
17638,05.02.2020,22:00,38.0,(9.567264627885733+0j)
17639,05.02.2020,23:00,30.0,(8.84233584359671+0j)
17640,06.02.2020,00:00,25.0,(8.320956608290626+0j)
17641,06.02.2020,01:00,11.0,(6.32884048187752+0j)
17642,06.02.2020,02:00,1.0,(2.845727130703496+0j)
17643,06.02.2020,03:00,2.0,(3.585391514230274+0j)
17644,06.02.2020,04:00,16.0,(7.170783028460548+0j)
17645,06.02.2020,05:00,10.0,(6.130933248752508+0j)
17646,06.02.2020,06:00,51.0,(10.5531792067093+0j)
17647,06.02.2020,07:00,10.0,(6.130933248752508+0j)
17648,06.02.2020,08:00,0.0,0j
17649,06.02.2020,09:00,0.0,0j
17650,06.02.2020,10:00,0.0,0j
17651,06.02.2020,11:00,0.0,0j
17652,06.02.2020,12:00,3.0,(4.1042487314692515+0j)
17653,06.02.2020,13:00,38.0,(9.567264627885733+0j)
17654,06.02.2020,14:00,29.0,(8.74297534497106+0j)
17655,06.02.2020,15:00,50.0,(10.483748386047209+0j)
17656,06.02.2020,16:00,52.0,(10.621708264608335+0j)
17657,06.02.2020,17:00,56.0,(10.887360331968232+0j)
17658,06.02.2020,18:00,59.0,(11.078405520382008+0j)
17659,06.02.2020,19:00,62.0,(11.263079534051261+0j)
17660,06.02.2020,20:00,58.0,(11.015458675840927+0j)
17661,06.02.2020,21:00,64.0,(11.382908522813985+0j)
17662,06.02.2020,22:00,62.0,(11.263079534051261+0j)
17663,06.02.2020,23:00,59.0,(11.078405520382008+0j)
17664,07.02.2020,00:00,60.0,(11.140645059587433+0j)
17665,07.02.2020,01:00,57.0,(10.9517840818175+0j)
17666,07.02.2020,02:00,51.0,(10.5531792067093+0j)
17667,07.02.2020,03:00,55.0,(10.822164994364314+0j)
17668,07.02.2020,04:00,63.0,(11.323311051132062+0j)
17669,07.02.2020,05:00,63.0,(11.323311051132062+0j)
17670,07.02.2020,06:00,57.0,(10.9517840818175+0j)
17671,07.02.2020,07:00,52.0,(10.621708264608335+0j)
17672,07.02.2020,08:00,63.0,(11.323311051132062+0j)
17673,07.02.2020,09:00,53.0,(10.689364281461948+0j)
17674,07.02.2020,10:00,53.0,(10.689364281461948+0j)
17675,07.02.2020,11:00,54.0,(10.756174542690822+0j)
17676,07.02.2020,12:00,50.0,(10.483748386047209+0j)
17677,07.02.2020,13:00,62.0,(11.263079534051261+0j)
17678,07.02.2020,14:00,58.0,(11.015458675840927+0j)
17679,07.02.2020,15:00,57.0,(10.9517840818175+0j)
17680,07.02.2020,16:00,41.0,(9.812685353516676+0j)
17681,07.02.2020,17:00,38.0,(9.567264627885733+0j)
17682,07.02.2020,18:00,38.0,(9.567264627885733+0j)
17683,07.02.2020,19:00,23.0,(8.092869420675413+0j)
17684,07.02.2020,20:00,12.0,(6.515088753873438+0j)
17685,07.02.2020,21:00,17.0,(7.317165783214581+0j)
17686,07.02.2020,22:00,2.0,(3.585391514230274+0j)
17687,07.02.2020,23:00,2.0,(3.585391514230274+0j)
17688,08.02.2020,00:00,0.0,0j
17689,08.02.2020,01:00,2.0,(3.585391514230274+0j)
17690,08.02.2020,02:00,5.0,(4.866124944308272+0j)
17691,08.02.2020,03:00,6.0,(5.171029370782441+0j)
17692,08.02.2020,04:00,41.0,(9.812685353516676+0j)
17693,08.02.2020,05:00,67.0,(11.55805762209552+0j)
17694,08.02.2020,06:00,60.0,(11.140645059587433+0j)
17695,08.02.2020,07:00,69.0,(11.671937444523078+0j)
17696,08.02.2020,08:00,61.0,(11.202196833891742+0j)
17697,08.02.2020,09:00,69.0,(11.671937444523078+0j)
17698,08.02.2020,10:00,68.0,(11.615276661700541+0j)
17699,08.02.2020,11:00,63.0,(11.323311051132062+0j)
17700,08.02.2020,12:00,61.0,(11.202196833891742+0j)
17701,08.02.2020,13:00,49.0,(10.41338553855059+0j)
17702,08.02.2020,14:00,50.0,(10.483748386047209+0j)
17703,08.02.2020,15:00,51.0,(10.5531792067093+0j)
17704,08.02.2020,16:00,54.0,(10.756174542690822+0j)
17705,08.02.2020,17:00,58.0,(11.015458675840927+0j)
17706,08.02.2020,18:00,45.0,(10.121947777604984+0j)
17707,08.02.2020,19:00,36.0,(9.396383955788593+0j)
17708,08.02.2020,20:00,22.0,(7.9738393445443+0j)
17709,08.02.2020,21:00,25.0,(8.320956608290626+0j)
17710,08.02.2020,22:00,17.0,(7.317165783214581+0j)
17711,08.02.2020,23:00,23.0,(8.092869420675413+0j)
17712,09.02.2020,00:00,19.0,(7.593542967381978+0j)
17713,09.02.2020,01:00,18.0,(7.457914888057963+0j)
17714,09.02.2020,02:00,17.0,(7.317165783214581+0j)
17715,09.02.2020,03:00,15.0,(7.018166609990766+0j)
17716,09.02.2020,04:00,13.0,(6.691256914211192+0j)
17717,09.02.2020,05:00,14.0,(6.858607230018604+0j)
17718,09.02.2020,06:00,15.0,(7.018166609990766+0j)
17719,09.02.2020,07:00,17.0,(7.317165783214581+0j)
17720,09.02.2020,08:00,24.0,(8.208497462938503+0j)
17721,09.02.2020,09:00,13.0,(6.691256914211192+0j)
17722,09.02.2020,10:00,11.0,(6.32884048187752+0j)
17723,09.02.2020,11:00,11.0,(6.32884048187752+0j)
17724,09.02.2020,12:00,5.0,(4.866124944308272+0j)
17725,09.02.2020,13:00,10.0,(6.130933248752508+0j)
17726,09.02.2020,14:00,9.0,(5.919350969396254+0j)
17727,09.02.2020,15:00,12.0,(6.515088753873438+0j)
17728,09.02.2020,16:00,5.0,(4.866124944308272+0j)
17729,09.02.2020,17:00,1.0,(2.845727130703496+0j)
17730,09.02.2020,18:00,0.0,0j
17731,09.02.2020,19:00,0.0,0j
17732,09.02.2020,20:00,0.0,0j
17733,09.02.2020,21:00,0.0,0j
17734,09.02.2020,22:00,0.0,0j
17735,09.02.2020,23:00,0.0,0j
17736,10.02.2020,00:00,0.0,0j
17737,10.02.2020,01:00,0.0,0j
17738,10.02.2020,02:00,0.0,0j
17739,10.02.2020,03:00,0.0,0j
17740,10.02.2020,04:00,0.0,0j
17741,10.02.2020,05:00,0.0,0j
17742,10.02.2020,06:00,0.0,0j
17743,10.02.2020,07:00,0.0,0j
17744,10.02.2020,08:00,0.0,0j
17745,10.02.2020,09:00,0.0,0j
17746,10.02.2020,10:00,0.0,0j
17747,10.02.2020,11:00,0.0,0j
17748,10.02.2020,12:00,0.0,0j
17749,10.02.2020,13:00,0.0,0j
17750,10.02.2020,14:00,0.0,0j
17751,10.02.2020,15:00,0.0,0j
17752,10.02.2020,16:00,0.0,0j
17753,10.02.2020,17:00,0.0,0j
17754,10.02.2020,18:00,7.0,(5.443680165984116+0j)
17755,10.02.2020,19:00,13.0,(6.691256914211192+0j)
17756,10.02.2020,20:00,17.0,(7.317165783214581+0j)
17757,10.02.2020,21:00,23.0,(8.092869420675413+0j)
17758,10.02.2020,22:00,29.0,(8.74297534497106+0j)
17759,10.02.2020,23:00,37.0,(9.482594128751929+0j)
17760,11.02.2020,00:00,39.0,(9.650462409337567+0j)
17761,11.02.2020,01:00,41.0,(9.812685353516676+0j)
17762,11.02.2020,02:00,38.0,(9.567264627885733+0j)
17763,11.02.2020,03:00,42.0,(9.891823330401618+0j)
17764,11.02.2020,04:00,47.0,(10.269734286241032+0j)
17765,11.02.2020,05:00,48.0,(10.34205874156488+0j)
17766,11.02.2020,06:00,45.0,(10.121947777604984+0j)
17767,11.02.2020,07:00,53.0,(10.689364281461948+0j)
17768,11.02.2020,08:00,38.0,(9.567264627885733+0j)
17769,11.02.2020,09:00,32.0,(9.034620481786352+0j)
17770,11.02.2020,10:00,22.0,(7.9738393445443+0j)
17771,11.02.2020,11:00,17.0,(7.317165783214581+0j)
17772,11.02.2020,12:00,13.0,(6.691256914211192+0j)
17773,11.02.2020,13:00,18.0,(7.457914888057963+0j)
17774,11.02.2020,14:00,16.0,(7.170783028460548+0j)
17775,11.02.2020,15:00,23.0,(8.092869420675413+0j)
17776,11.02.2020,16:00,33.0,(9.127767465531983+0j)
17777,11.02.2020,17:00,29.0,(8.74297534497106+0j)
17778,11.02.2020,18:00,29.0,(8.74297534497106+0j)
17779,11.02.2020,19:00,36.0,(9.396383955788593+0j)
17780,11.02.2020,20:00,56.0,(10.887360331968232+0j)
17781,11.02.2020,21:00,53.0,(10.689364281461948+0j)
17782,11.02.2020,22:00,63.0,(11.323311051132062+0j)
17783,11.02.2020,23:00,49.0,(10.41338553855059+0j)
17784,12.02.2020,00:00,43.0,(9.969714910096506+0j)
17785,12.02.2020,01:00,33.0,(9.127767465531983+0j)
17786,12.02.2020,02:00,27.0,(8.537181392110488+0j)
17787,12.02.2020,03:00,36.0,(9.396383955788593+0j)
17788,12.02.2020,04:00,35.0,(9.308562145233848+0j)
17789,12.02.2020,05:00,24.0,(8.208497462938503+0j)
17790,12.02.2020,06:00,26.0,(8.430455436469295+0j)
17791,12.02.2020,07:00,13.0,(6.691256914211192+0j)
17792,12.02.2020,08:00,1.0,(2.845727130703496+0j)
17793,12.02.2020,09:00,0.0,0j
17794,12.02.2020,10:00,0.0,0j
17795,12.02.2020,11:00,10.0,(6.130933248752508+0j)
17796,12.02.2020,12:00,4.0,(4.517310240893176+0j)
17797,12.02.2020,13:00,0.0,0j
17798,12.02.2020,14:00,0.0,0j
17799,12.02.2020,15:00,0.0,0j
17800,12.02.2020,16:00,0.0,0j
17801,12.02.2020,17:00,8.0,(5.691454261406992+0j)
17802,12.02.2020,18:00,18.0,(7.457914888057963+0j)
17803,12.02.2020,19:00,11.0,(6.32884048187752+0j)
17804,12.02.2020,20:00,7.0,(5.443680165984116+0j)
17805,12.02.2020,21:00,30.0,(8.84233584359671+0j)
17806,12.02.2020,22:00,18.0,(7.457914888057963+0j)
17807,12.02.2020,23:00,8.0,(5.691454261406992+0j)
17808,13.02.2020,00:00,0.0,0j
17809,13.02.2020,01:00,0.0,0j
17810,13.02.2020,02:00,0.0,0j
17811,13.02.2020,03:00,9.0,(5.919350969396254+0j)
17812,13.02.2020,04:00,15.0,(7.018166609990766+0j)
17813,13.02.2020,05:00,26.0,(8.430455436469295+0j)
17814,13.02.2020,06:00,48.0,(10.34205874156488+0j)
17815,13.02.2020,07:00,44.0,(10.0464080386713+0j)
17816,13.02.2020,08:00,44.0,(10.0464080386713+0j)
17817,13.02.2020,09:00,24.0,(8.208497462938503+0j)
17818,13.02.2020,10:00,20.0,(7.724491855603646+0j)
17819,13.02.2020,11:00,6.0,(5.171029370782441+0j)
17820,13.02.2020,12:00,3.0,(4.1042487314692515+0j)
17821,13.02.2020,13:00,6.0,(5.171029370782441+0j)
17822,13.02.2020,14:00,11.0,(6.32884048187752+0j)
17823,13.02.2020,15:00,12.0,(6.515088753873438+0j)
17824,13.02.2020,16:00,11.0,(6.32884048187752+0j)
17825,13.02.2020,17:00,9.0,(5.919350969396254+0j)
17826,13.02.2020,18:00,9.0,(5.919350969396254+0j)
17827,13.02.2020,19:00,15.0,(7.018166609990766+0j)
17828,13.02.2020,20:00,12.0,(6.515088753873438+0j)
17829,13.02.2020,21:00,7.0,(5.443680165984116+0j)
17830,13.02.2020,22:00,2.0,(3.585391514230274+0j)
17831,13.02.2020,23:00,0.0,0j
17832,14.02.2020,00:00,0.0,0j
17833,14.02.2020,01:00,0.0,0j
17834,14.02.2020,02:00,0.0,0j
17835,14.02.2020,03:00,2.0,(3.585391514230274+0j)
17836,14.02.2020,04:00,3.0,(4.1042487314692515+0j)
17837,14.02.2020,05:00,10.0,(6.130933248752508+0j)
17838,14.02.2020,06:00,12.0,(6.515088753873438+0j)
17839,14.02.2020,07:00,7.0,(5.443680165984116+0j)
17840,14.02.2020,08:00,12.0,(6.515088753873438+0j)
17841,14.02.2020,09:00,16.0,(7.170783028460548+0j)
17842,14.02.2020,10:00,16.0,(7.170783028460548+0j)
17843,14.02.2020,11:00,13.0,(6.691256914211192+0j)
17844,14.02.2020,12:00,13.0,(6.691256914211192+0j)
17845,14.02.2020,13:00,17.0,(7.317165783214581+0j)
17846,14.02.2020,14:00,15.0,(7.018166609990766+0j)
17847,14.02.2020,15:00,9.0,(5.919350969396254+0j)
17848,14.02.2020,16:00,13.0,(6.691256914211192+0j)
17849,14.02.2020,17:00,8.0,(5.691454261406992+0j)
17850,14.02.2020,18:00,14.0,(6.858607230018604+0j)
17851,14.02.2020,19:00,31.0,(8.939512150377235+0j)
17852,14.02.2020,20:00,21.0,(7.851145380281553+0j)
17853,14.02.2020,21:00,14.0,(6.858607230018604+0j)
17854,14.02.2020,22:00,18.0,(7.457914888057963+0j)
17855,14.02.2020,23:00,12.0,(6.515088753873438+0j)
17856,15.02.2020,00:00,21.0,(7.851145380281553+0j)
17857,15.02.2020,01:00,15.0,(7.018166609990766+0j)
17858,15.02.2020,02:00,17.0,(7.317165783214581+0j)
17859,15.02.2020,03:00,9.0,(5.919350969396254+0j)
17860,15.02.2020,04:00,7.0,(5.443680165984116+0j)
17861,15.02.2020,05:00,3.0,(4.1042487314692515+0j)
17862,15.02.2020,06:00,13.0,(6.691256914211192+0j)
17863,15.02.2020,07:00,5.0,(4.866124944308272+0j)
17864,15.02.2020,08:00,5.0,(4.866124944308272+0j)
17865,15.02.2020,09:00,11.0,(6.32884048187752+0j)
17866,15.02.2020,10:00,14.0,(6.858607230018604+0j)
17867,15.02.2020,11:00,18.0,(7.457914888057963+0j)
17868,15.02.2020,12:00,22.0,(7.9738393445443+0j)
17869,15.02.2020,13:00,27.0,(8.537181392110488+0j)
17870,15.02.2020,14:00,47.0,(10.269734286241032+0j)
17871,15.02.2020,15:00,57.0,(10.9517840818175+0j)
17872,15.02.2020,16:00,67.0,(11.55805762209552+0j)
17873,15.02.2020,17:00,66.0,(11.500266368369322+0j)
17874,15.02.2020,18:00,69.0,(11.671937444523078+0j)
17875,15.02.2020,19:00,65.0,(11.441888376335278+0j)
17876,15.02.2020,20:00,68.0,(11.615276661700541+0j)
17877,15.02.2020,21:00,69.0,(11.671937444523078+0j)
17878,15.02.2020,22:00,68.0,(11.615276661700541+0j)
17879,15.02.2020,23:00,67.0,(11.55805762209552+0j)
17880,16.02.2020,00:00,69.0,(11.671937444523078+0j)
17881,16.02.2020,01:00,69.0,(11.671937444523078+0j)
17882,16.02.2020,02:00,68.0,(11.615276661700541+0j)
17883,16.02.2020,03:00,69.0,(11.671937444523078+0j)
17884,16.02.2020,04:00,69.0,(11.671937444523078+0j)
17885,16.02.2020,05:00,66.0,(11.500266368369322+0j)
17886,16.02.2020,06:00,68.0,(11.615276661700541+0j)
17887,16.02.2020,07:00,69.0,(11.671937444523078+0j)
17888,16.02.2020,08:00,68.0,(11.615276661700541+0j)
17889,16.02.2020,09:00,69.0,(11.671937444523078+0j)
17890,16.02.2020,10:00,68.0,(11.615276661700541+0j)
17891,16.02.2020,11:00,67.0,(11.55805762209552+0j)
17892,16.02.2020,12:00,63.0,(11.323311051132062+0j)
17893,16.02.2020,13:00,69.0,(11.671937444523078+0j)
17894,16.02.2020,14:00,68.0,(11.615276661700541+0j)
17895,16.02.2020,15:00,69.0,(11.671937444523078+0j)
17896,16.02.2020,16:00,69.0,(11.671937444523078+0j)
17897,16.02.2020,17:00,69.0,(11.671937444523078+0j)
17898,16.02.2020,18:00,69.0,(11.671937444523078+0j)
17899,16.02.2020,19:00,68.0,(11.615276661700541+0j)
17900,16.02.2020,20:00,65.0,(11.441888376335278+0j)
17901,16.02.2020,21:00,55.0,(10.822164994364314+0j)
17902,16.02.2020,22:00,57.0,(10.9517840818175+0j)
17903,16.02.2020,23:00,58.0,(11.015458675840927+0j)
17904,17.02.2020,00:00,48.0,(10.34205874156488+0j)
17905,17.02.2020,01:00,50.0,(10.483748386047209+0j)
17906,17.02.2020,02:00,46.0,(10.19637653715948+0j)
17907,17.02.2020,03:00,38.0,(9.567264627885733+0j)
17908,17.02.2020,04:00,44.0,(10.0464080386713+0j)
17909,17.02.2020,05:00,59.0,(11.078405520382008+0j)
17910,17.02.2020,06:00,62.0,(11.263079534051261+0j)
17911,17.02.2020,07:00,56.0,(10.887360331968232+0j)
17912,17.02.2020,08:00,63.0,(11.323311051132062+0j)
17913,17.02.2020,09:00,61.0,(11.202196833891742+0j)
17914,17.02.2020,10:00,56.0,(10.887360331968232+0j)
17915,17.02.2020,11:00,36.0,(9.396383955788593+0j)
17916,17.02.2020,12:00,6.0,(5.171029370782441+0j)
17917,17.02.2020,13:00,7.0,(5.443680165984116+0j)
17918,17.02.2020,14:00,7.0,(5.443680165984116+0j)
17919,17.02.2020,15:00,11.0,(6.32884048187752+0j)
17920,17.02.2020,16:00,21.0,(7.851145380281553+0j)
17921,17.02.2020,17:00,24.0,(8.208497462938503+0j)
17922,17.02.2020,18:00,32.0,(9.034620481786352+0j)
17923,17.02.2020,19:00,29.0,(8.74297534497106+0j)
17924,17.02.2020,20:00,28.0,(8.641303622061608+0j)
17925,17.02.2020,21:00,10.0,(6.130933248752508+0j)
17926,17.02.2020,22:00,10.0,(6.130933248752508+0j)
17927,17.02.2020,23:00,11.0,(6.32884048187752+0j)
17928,18.02.2020,00:00,13.0,(6.691256914211192+0j)
17929,18.02.2020,01:00,5.0,(4.866124944308272+0j)
17930,18.02.2020,02:00,5.0,(4.866124944308272+0j)
17931,18.02.2020,03:00,8.0,(5.691454261406992+0j)
17932,18.02.2020,04:00,5.0,(4.866124944308272+0j)
17933,18.02.2020,05:00,4.0,(4.517310240893176+0j)
17934,18.02.2020,06:00,3.0,(4.1042487314692515+0j)
17935,18.02.2020,07:00,3.0,(4.1042487314692515+0j)
17936,18.02.2020,08:00,6.0,(5.171029370782441+0j)
17937,18.02.2020,09:00,6.0,(5.171029370782441+0j)
17938,18.02.2020,10:00,0.0,0j
17939,18.02.2020,11:00,1.0,(2.845727130703496+0j)
17940,18.02.2020,12:00,0.0,0j
17941,18.02.2020,13:00,0.0,0j
17942,18.02.2020,14:00,0.0,0j
17943,18.02.2020,15:00,0.0,0j
17944,18.02.2020,16:00,0.0,0j
17945,18.02.2020,17:00,2.0,(3.585391514230274+0j)
17946,18.02.2020,18:00,2.0,(3.585391514230274+0j)
17947,18.02.2020,19:00,1.0,(2.845727130703496+0j)
17948,18.02.2020,20:00,1.0,(2.845727130703496+0j)
17949,18.02.2020,21:00,0.0,0j
17950,18.02.2020,22:00,0.0,0j
17951,18.02.2020,23:00,0.0,0j
17952,19.02.2020,00:00,0.0,0j
17953,19.02.2020,01:00,0.0,0j
17954,19.02.2020,02:00,0.0,0j
17955,19.02.2020,03:00,0.0,0j
17956,19.02.2020,04:00,0.0,0j
17957,19.02.2020,05:00,0.0,0j
17958,19.02.2020,06:00,0.0,0j
17959,19.02.2020,07:00,0.0,0j
17960,19.02.2020,08:00,0.0,0j
17961,19.02.2020,09:00,0.0,0j
17962,19.02.2020,10:00,0.0,0j
17963,19.02.2020,11:00,0.0,0j
17964,19.02.2020,12:00,0.0,0j
17965,19.02.2020,13:00,0.0,0j
17966,19.02.2020,14:00,0.0,0j
17967,19.02.2020,15:00,1.0,(2.845727130703496+0j)
17968,19.02.2020,16:00,5.0,(4.866124944308272+0j)
17969,19.02.2020,17:00,2.0,(3.585391514230274+0j)
17970,19.02.2020,18:00,1.0,(2.845727130703496+0j)
17971,19.02.2020,19:00,2.0,(3.585391514230274+0j)
17972,19.02.2020,20:00,1.0,(2.845727130703496+0j)
17973,19.02.2020,21:00,0.0,0j
17974,19.02.2020,22:00,2.0,(3.585391514230274+0j)
17975,19.02.2020,23:00,3.0,(4.1042487314692515+0j)
17976,20.02.2020,00:00,1.0,(2.845727130703496+0j)
17977,20.02.2020,01:00,1.0,(2.845727130703496+0j)
17978,20.02.2020,02:00,1.0,(2.845727130703496+0j)
17979,20.02.2020,03:00,3.0,(4.1042487314692515+0j)
17980,20.02.2020,04:00,1.0,(2.845727130703496+0j)
17981,20.02.2020,05:00,7.0,(5.443680165984116+0j)
17982,20.02.2020,06:00,2.0,(3.585391514230274+0j)
17983,20.02.2020,07:00,3.0,(4.1042487314692515+0j)
17984,20.02.2020,08:00,6.0,(5.171029370782441+0j)
17985,20.02.2020,09:00,11.0,(6.32884048187752+0j)
17986,20.02.2020,10:00,6.0,(5.171029370782441+0j)
17987,20.02.2020,11:00,1.0,(2.845727130703496+0j)
17988,20.02.2020,12:00,1.0,(2.845727130703496+0j)
17989,20.02.2020,13:00,1.0,(2.845727130703496+0j)
17990,20.02.2020,14:00,16.0,(7.170783028460548+0j)
17991,20.02.2020,15:00,0.0,0j
17992,20.02.2020,16:00,1.0,(2.845727130703496+0j)
17993,20.02.2020,17:00,5.0,(4.866124944308272+0j)
17994,20.02.2020,18:00,2.0,(3.585391514230274+0j)
17995,20.02.2020,19:00,23.0,(8.092869420675413+0j)
17996,20.02.2020,20:00,37.0,(9.482594128751929+0j)
17997,20.02.2020,21:00,46.0,(10.19637653715948+0j)
17998,20.02.2020,22:00,53.0,(10.689364281461948+0j)
17999,20.02.2020,23:00,51.0,(10.5531792067093+0j)
18000,21.02.2020,00:00,58.0,(11.015458675840927+0j)
18001,21.02.2020,01:00,66.0,(11.500266368369322+0j)
18002,21.02.2020,02:00,62.0,(11.263079534051261+0j)
18003,21.02.2020,03:00,65.0,(11.441888376335278+0j)
18004,21.02.2020,04:00,63.0,(11.323311051132062+0j)
18005,21.02.2020,05:00,64.0,(11.382908522813985+0j)
18006,21.02.2020,06:00,68.0,(11.615276661700541+0j)
18007,21.02.2020,07:00,68.0,(11.615276661700541+0j)
18008,21.02.2020,08:00,69.0,(11.671937444523078+0j)
18009,21.02.2020,09:00,67.0,(11.55805762209552+0j)
18010,21.02.2020,10:00,67.0,(11.55805762209552+0j)
18011,21.02.2020,11:00,69.0,(11.671937444523078+0j)
18012,21.02.2020,12:00,68.0,(11.615276661700541+0j)
18013,21.02.2020,13:00,68.0,(11.615276661700541+0j)
18014,21.02.2020,14:00,69.0,(11.671937444523078+0j)
18015,21.02.2020,15:00,66.0,(11.500266368369322+0j)
18016,21.02.2020,16:00,69.0,(11.671937444523078+0j)
18017,21.02.2020,17:00,69.0,(11.671937444523078+0j)
18018,21.02.2020,18:00,69.0,(11.671937444523078+0j)
18019,21.02.2020,19:00,67.0,(11.55805762209552+0j)
18020,21.02.2020,20:00,63.0,(11.323311051132062+0j)
18021,21.02.2020,21:00,64.0,(11.382908522813985+0j)
18022,21.02.2020,22:00,68.0,(11.615276661700541+0j)
18023,21.02.2020,23:00,62.0,(11.263079534051261+0j)
18024,22.02.2020,00:00,47.0,(10.269734286241032+0j)
18025,22.02.2020,01:00,52.0,(10.621708264608335+0j)
18026,22.02.2020,02:00,62.0,(11.263079534051261+0j)
18027,22.02.2020,03:00,62.0,(11.263079534051261+0j)
18028,22.02.2020,04:00,61.0,(11.202196833891742+0j)
18029,22.02.2020,05:00,66.0,(11.500266368369322+0j)
18030,22.02.2020,06:00,67.0,(11.55805762209552+0j)
18031,22.02.2020,07:00,66.0,(11.500266368369322+0j)
18032,22.02.2020,08:00,69.0,(11.671937444523078+0j)
18033,22.02.2020,09:00,69.0,(11.671937444523078+0j)
18034,22.02.2020,10:00,69.0,(11.671937444523078+0j)
18035,22.02.2020,11:00,69.0,(11.671937444523078+0j)
18036,22.02.2020,12:00,69.0,(11.671937444523078+0j)
18037,22.02.2020,13:00,69.0,(11.671937444523078+0j)
18038,22.02.2020,14:00,69.0,(11.671937444523078+0j)
18039,22.02.2020,15:00,66.0,(11.500266368369322+0j)
18040,22.02.2020,16:00,67.0,(11.55805762209552+0j)
18041,22.02.2020,17:00,66.0,(11.500266368369322+0j)
18042,22.02.2020,18:00,67.0,(11.55805762209552+0j)
18043,22.02.2020,19:00,66.0,(11.500266368369322+0j)
18044,22.02.2020,20:00,69.0,(11.671937444523078+0j)
18045,22.02.2020,21:00,63.0,(11.323311051132062+0j)
18046,22.02.2020,22:00,69.0,(11.671937444523078+0j)
18047,22.02.2020,23:00,69.0,(11.671937444523078+0j)
18048,23.02.2020,00:00,69.0,(11.671937444523078+0j)
18049,23.02.2020,01:00,67.0,(11.55805762209552+0j)
18050,23.02.2020,02:00,67.0,(11.55805762209552+0j)
18051,23.02.2020,03:00,69.0,(11.671937444523078+0j)
18052,23.02.2020,04:00,69.0,(11.671937444523078+0j)
18053,23.02.2020,05:00,66.0,(11.500266368369322+0j)
18054,23.02.2020,06:00,64.0,(11.382908522813985+0j)
18055,23.02.2020,07:00,67.0,(11.55805762209552+0j)
18056,23.02.2020,08:00,69.0,(11.671937444523078+0j)
18057,23.02.2020,09:00,69.0,(11.671937444523078+0j)
18058,23.02.2020,10:00,68.0,(11.615276661700541+0j)
18059,23.02.2020,11:00,59.0,(11.078405520382008+0j)
18060,23.02.2020,12:00,53.0,(10.689364281461948+0j)
18061,23.02.2020,13:00,45.0,(10.121947777604984+0j)
18062,23.02.2020,14:00,33.0,(9.127767465531983+0j)
18063,23.02.2020,15:00,35.0,(9.308562145233848+0j)
18064,23.02.2020,16:00,14.0,(6.858607230018604+0j)
18065,23.02.2020,17:00,26.0,(8.430455436469295+0j)
18066,23.02.2020,18:00,18.0,(7.457914888057963+0j)
18067,23.02.2020,19:00,10.0,(6.130933248752508+0j)
18068,23.02.2020,20:00,0.0,0j
18069,23.02.2020,21:00,4.0,(4.517310240893176+0j)
18070,23.02.2020,22:00,0.0,0j
18071,23.02.2020,23:00,0.0,0j
18072,24.02.2020,00:00,0.0,0j
18073,24.02.2020,01:00,1.0,(2.845727130703496+0j)
18074,24.02.2020,02:00,4.0,(4.517310240893176+0j)
18075,24.02.2020,03:00,1.0,(2.845727130703496+0j)
18076,24.02.2020,04:00,1.0,(2.845727130703496+0j)
18077,24.02.2020,05:00,6.0,(5.171029370782441+0j)
18078,24.02.2020,06:00,14.0,(6.858607230018604+0j)
18079,24.02.2020,07:00,6.0,(5.171029370782441+0j)
18080,24.02.2020,08:00,6.0,(5.171029370782441+0j)
18081,24.02.2020,09:00,4.0,(4.517310240893176+0j)
18082,24.02.2020,10:00,14.0,(6.858607230018604+0j)
18083,24.02.2020,11:00,1.0,(2.845727130703496+0j)
18084,24.02.2020,12:00,0.0,0j
18085,24.02.2020,13:00,2.0,(3.585391514230274+0j)
18086,24.02.2020,14:00,1.0,(2.845727130703496+0j)
18087,24.02.2020,15:00,1.0,(2.845727130703496+0j)
18088,24.02.2020,16:00,2.0,(3.585391514230274+0j)
18089,24.02.2020,17:00,1.0,(2.845727130703496+0j)
18090,24.02.2020,18:00,1.0,(2.845727130703496+0j)
18091,24.02.2020,19:00,3.0,(4.1042487314692515+0j)
18092,24.02.2020,20:00,8.0,(5.691454261406992+0j)
18093,24.02.2020,21:00,5.0,(4.866124944308272+0j)
18094,24.02.2020,22:00,2.0,(3.585391514230274+0j)
18095,24.02.2020,23:00,2.0,(3.585391514230274+0j)
18096,25.02.2020,00:00,8.0,(5.691454261406992+0j)
18097,25.02.2020,01:00,35.0,(9.308562145233848+0j)
18098,25.02.2020,02:00,39.0,(9.650462409337567+0j)
18099,25.02.2020,03:00,36.0,(9.396383955788593+0j)
18100,25.02.2020,04:00,36.0,(9.396383955788593+0j)
18101,25.02.2020,05:00,39.0,(9.650462409337567+0j)
18102,25.02.2020,06:00,32.0,(9.034620481786352+0j)
18103,25.02.2020,07:00,30.0,(8.84233584359671+0j)
18104,25.02.2020,08:00,20.0,(7.724491855603646+0j)
18105,25.02.2020,09:00,10.0,(6.130933248752508+0j)
18106,25.02.2020,10:00,2.0,(3.585391514230274+0j)
18107,25.02.2020,11:00,0.0,0j
18108,25.02.2020,12:00,0.0,0j
18109,25.02.2020,13:00,0.0,0j
18110,25.02.2020,14:00,0.0,0j
18111,25.02.2020,15:00,0.0,0j
18112,25.02.2020,16:00,0.0,0j
18113,25.02.2020,17:00,1.0,(2.845727130703496+0j)
18114,25.02.2020,18:00,0.0,0j
18115,25.02.2020,19:00,0.0,0j
18116,25.02.2020,20:00,0.0,0j
18117,25.02.2020,21:00,3.0,(4.1042487314692515+0j)
18118,25.02.2020,22:00,13.0,(6.691256914211192+0j)
18119,25.02.2020,23:00,11.0,(6.32884048187752+0j)
18120,26.02.2020,00:00,12.0,(6.515088753873438+0j)
18121,26.02.2020,01:00,13.0,(6.691256914211192+0j)
18122,26.02.2020,02:00,12.0,(6.515088753873438+0j)
18123,26.02.2020,03:00,15.0,(7.018166609990766+0j)
18124,26.02.2020,04:00,20.0,(7.724491855603646+0j)
18125,26.02.2020,05:00,32.0,(9.034620481786352+0j)
18126,26.02.2020,06:00,43.0,(9.969714910096506+0j)
18127,26.02.2020,07:00,54.0,(10.756174542690822+0j)
18128,26.02.2020,08:00,59.0,(11.078405520382008+0j)
18129,26.02.2020,09:00,49.0,(10.41338553855059+0j)
18130,26.02.2020,10:00,44.0,(10.0464080386713+0j)
18131,26.02.2020,11:00,41.0,(9.812685353516676+0j)
18132,26.02.2020,12:00,39.0,(9.650462409337567+0j)
18133,26.02.2020,13:00,58.0,(11.015458675840927+0j)
18134,26.02.2020,14:00,69.0,(11.671937444523078+0j)
18135,26.02.2020,15:00,68.0,(11.615276661700541+0j)
18136,26.02.2020,16:00,69.0,(11.671937444523078+0j)
18137,26.02.2020,17:00,67.0,(11.55805762209552+0j)
18138,26.02.2020,18:00,66.0,(11.500266368369322+0j)
18139,26.02.2020,19:00,66.0,(11.500266368369322+0j)
18140,26.02.2020,20:00,66.0,(11.500266368369322+0j)
18141,26.02.2020,21:00,68.0,(11.615276661700541+0j)
18142,26.02.2020,22:00,68.0,(11.615276661700541+0j)
18143,26.02.2020,23:00,64.0,(11.382908522813985+0j)
18144,27.02.2020,00:00,62.0,(11.263079534051261+0j)
18145,27.02.2020,01:00,66.0,(11.500266368369322+0j)
18146,27.02.2020,02:00,57.0,(10.9517840818175+0j)
18147,27.02.2020,03:00,64.0,(11.382908522813985+0j)
18148,27.02.2020,04:00,68.0,(11.615276661700541+0j)
18149,27.02.2020,05:00,69.0,(11.671937444523078+0j)
18150,27.02.2020,06:00,69.0,(11.671937444523078+0j)
18151,27.02.2020,07:00,69.0,(11.671937444523078+0j)
18152,27.02.2020,08:00,69.0,(11.671937444523078+0j)
18153,27.02.2020,09:00,69.0,(11.671937444523078+0j)
18154,27.02.2020,10:00,69.0,(11.671937444523078+0j)
18155,27.02.2020,11:00,67.0,(11.55805762209552+0j)
18156,27.02.2020,12:00,60.0,(11.140645059587433+0j)
18157,27.02.2020,13:00,50.0,(10.483748386047209+0j)
18158,27.02.2020,14:00,63.0,(11.323311051132062+0j)
18159,27.02.2020,15:00,66.0,(11.500266368369322+0j)
18160,27.02.2020,16:00,67.0,(11.55805762209552+0j)
18161,27.02.2020,17:00,68.0,(11.615276661700541+0j)
18162,27.02.2020,18:00,69.0,(11.671937444523078+0j)
18163,27.02.2020,19:00,47.0,(10.269734286241032+0j)
18164,27.02.2020,20:00,66.0,(11.500266368369322+0j)
18165,27.02.2020,21:00,47.0,(10.269734286241032+0j)
18166,27.02.2020,22:00,13.0,(6.691256914211192+0j)
18167,27.02.2020,23:00,21.0,(7.851145380281553+0j)
18168,28.02.2020,00:00,21.0,(7.851145380281553+0j)
18169,28.02.2020,01:00,20.0,(7.724491855603646+0j)
18170,28.02.2020,02:00,6.0,(5.171029370782441+0j)
18171,28.02.2020,03:00,4.0,(4.517310240893176+0j)
18172,28.02.2020,04:00,6.0,(5.171029370782441+0j)
18173,28.02.2020,05:00,1.0,(2.845727130703496+0j)
18174,28.02.2020,06:00,1.0,(2.845727130703496+0j)
18175,28.02.2020,07:00,1.0,(2.845727130703496+0j)
18176,28.02.2020,08:00,1.0,(2.845727130703496+0j)
18177,28.02.2020,09:00,1.0,(2.845727130703496+0j)
18178,28.02.2020,10:00,8.0,(5.691454261406992+0j)
18179,28.02.2020,11:00,9.0,(5.919350969396254+0j)
18180,28.02.2020,12:00,18.0,(7.457914888057963+0j)
18181,28.02.2020,13:00,13.0,(6.691256914211192+0j)
18182,28.02.2020,14:00,18.0,(7.457914888057963+0j)
18183,28.02.2020,15:00,20.0,(7.724491855603646+0j)
18184,28.02.2020,16:00,18.0,(7.457914888057963+0j)
18185,28.02.2020,17:00,23.0,(8.092869420675413+0j)
18186,28.02.2020,18:00,14.0,(6.858607230018604+0j)
18187,28.02.2020,19:00,29.0,(8.74297534497106+0j)
18188,28.02.2020,20:00,41.0,(9.812685353516676+0j)
18189,28.02.2020,21:00,56.0,(10.887360331968232+0j)
18190,28.02.2020,22:00,49.0,(10.41338553855059+0j)
18191,28.02.2020,23:00,54.0,(10.756174542690822+0j)
18192,29.02.2020,00:00,37.0,(9.482594128751929+0j)
18193,29.02.2020,01:00,63.0,(11.323311051132062+0j)
18194,29.02.2020,02:00,49.0,(10.41338553855059+0j)
18195,29.02.2020,03:00,7.0,(5.443680165984116+0j)
18196,29.02.2020,04:00,2.0,(3.585391514230274+0j)
18197,29.02.2020,05:00,1.0,(2.845727130703496+0j)
18198,29.02.2020,06:00,29.0,(8.74297534497106+0j)
18199,29.02.2020,07:00,47.0,(10.269734286241032+0j)
18200,29.02.2020,08:00,42.0,(9.891823330401618+0j)
18201,29.02.2020,09:00,29.0,(8.74297534497106+0j)
18202,29.02.2020,10:00,31.0,(8.939512150377235+0j)
18203,29.02.2020,11:00,14.0,(6.858607230018604+0j)
18204,29.02.2020,12:00,7.0,(5.443680165984116+0j)
18205,29.02.2020,13:00,25.0,(8.320956608290626+0j)
18206,29.02.2020,14:00,57.0,(10.9517840818175+0j)
18207,29.02.2020,15:00,48.0,(10.34205874156488+0j)
18208,29.02.2020,16:00,56.0,(10.887360331968232+0j)
18209,29.02.2020,17:00,60.0,(11.140645059587433+0j)
18210,29.02.2020,18:00,49.0,(10.41338553855059+0j)
18211,29.02.2020,19:00,29.0,(8.74297534497106+0j)
18212,29.02.2020,20:00,40.0,(9.732249888616542+0j)
18213,29.02.2020,21:00,51.0,(10.5531792067093+0j)
18214,29.02.2020,22:00,51.0,(10.5531792067093+0j)
18215,29.02.2020,23:00,56.0,(10.887360331968232+0j)
18216,01.03.2020,00:00,35.0,(9.308562145233848+0j)
18217,01.03.2020,01:00,36.0,(9.396383955788593+0j)
18218,01.03.2020,02:00,22.0,(7.9738393445443+0j)
18219,01.03.2020,03:00,31.0,(8.939512150377235+0j)
18220,01.03.2020,04:00,18.0,(7.457914888057963+0j)
18221,01.03.2020,05:00,8.0,(5.691454261406992+0j)
18222,01.03.2020,06:00,3.0,(4.1042487314692515+0j)
18223,01.03.2020,07:00,4.0,(4.517310240893176+0j)
18224,01.03.2020,08:00,1.0,(2.845727130703496+0j)
18225,01.03.2020,09:00,0.0,0j
18226,01.03.2020,10:00,0.0,0j
18227,01.03.2020,11:00,0.0,0j
18228,01.03.2020,12:00,0.0,0j
18229,01.03.2020,13:00,0.0,0j
18230,01.03.2020,14:00,0.0,0j
18231,01.03.2020,15:00,0.0,0j
18232,01.03.2020,16:00,0.0,0j
18233,01.03.2020,17:00,0.0,0j
18234,01.03.2020,18:00,0.0,0j
18235,01.03.2020,19:00,0.0,0j
18236,01.03.2020,20:00,0.0,0j
18237,01.03.2020,21:00,1.0,(2.845727130703496+0j)
18238,01.03.2020,22:00,2.0,(3.585391514230274+0j)
18239,01.03.2020,23:00,1.0,(2.845727130703496+0j)
18240,02.03.2020,00:00,2.0,(3.585391514230274+0j)
18241,02.03.2020,01:00,7.0,(5.443680165984116+0j)
18242,02.03.2020,02:00,5.0,(4.866124944308272+0j)
18243,02.03.2020,03:00,6.0,(5.171029370782441+0j)
18244,02.03.2020,04:00,12.0,(6.515088753873438+0j)
18245,02.03.2020,05:00,15.0,(7.018166609990766+0j)
18246,02.03.2020,06:00,14.0,(6.858607230018604+0j)
18247,02.03.2020,07:00,14.0,(6.858607230018604+0j)
18248,02.03.2020,08:00,16.0,(7.170783028460548+0j)
18249,02.03.2020,09:00,5.0,(4.866124944308272+0j)
18250,02.03.2020,10:00,4.0,(4.517310240893176+0j)
18251,02.03.2020,11:00,5.0,(4.866124944308272+0j)
18252,02.03.2020,12:00,5.0,(4.866124944308272+0j)
18253,02.03.2020,13:00,11.0,(6.32884048187752+0j)
18254,02.03.2020,14:00,6.0,(5.171029370782441+0j)
18255,02.03.2020,15:00,9.0,(5.919350969396254+0j)
18256,02.03.2020,16:00,9.0,(5.919350969396254+0j)
18257,02.03.2020,17:00,10.0,(6.130933248752508+0j)
18258,02.03.2020,18:00,4.0,(4.517310240893176+0j)
18259,02.03.2020,19:00,10.0,(6.130933248752508+0j)
18260,02.03.2020,20:00,7.0,(5.443680165984116+0j)
18261,02.03.2020,21:00,10.0,(6.130933248752508+0j)
18262,02.03.2020,22:00,10.0,(6.130933248752508+0j)
18263,02.03.2020,23:00,13.0,(6.691256914211192+0j)
18264,03.03.2020,00:00,16.0,(7.170783028460548+0j)
18265,03.03.2020,01:00,36.0,(9.396383955788593+0j)
18266,03.03.2020,02:00,30.0,(8.84233584359671+0j)
18267,03.03.2020,03:00,33.0,(9.127767465531983+0j)
18268,03.03.2020,04:00,24.0,(8.208497462938503+0j)
18269,03.03.2020,05:00,24.0,(8.208497462938503+0j)
18270,03.03.2020,06:00,39.0,(9.650462409337567+0j)
18271,03.03.2020,07:00,45.0,(10.121947777604984+0j)
18272,03.03.2020,08:00,31.0,(8.939512150377235+0j)
18273,03.03.2020,09:00,20.0,(7.724491855603646+0j)
18274,03.03.2020,10:00,19.0,(7.593542967381978+0j)
18275,03.03.2020,11:00,23.0,(8.092869420675413+0j)
18276,03.03.2020,12:00,32.0,(9.034620481786352+0j)
18277,03.03.2020,13:00,18.0,(7.457914888057963+0j)
18278,03.03.2020,14:00,11.0,(6.32884048187752+0j)
18279,03.03.2020,15:00,13.0,(6.691256914211192+0j)
18280,03.03.2020,16:00,18.0,(7.457914888057963+0j)
18281,03.03.2020,17:00,21.0,(7.851145380281553+0j)
18282,03.03.2020,18:00,5.0,(4.866124944308272+0j)
18283,03.03.2020,19:00,2.0,(3.585391514230274+0j)
18284,03.03.2020,20:00,4.0,(4.517310240893176+0j)
18285,03.03.2020,21:00,5.0,(4.866124944308272+0j)
18286,03.03.2020,22:00,8.0,(5.691454261406992+0j)
18287,03.03.2020,23:00,15.0,(7.018166609990766+0j)
18288,04.03.2020,00:00,16.0,(7.170783028460548+0j)
18289,04.03.2020,01:00,11.0,(6.32884048187752+0j)
18290,04.03.2020,02:00,22.0,(7.9738393445443+0j)
18291,04.03.2020,03:00,2.0,(3.585391514230274+0j)
18292,04.03.2020,04:00,8.0,(5.691454261406992+0j)
18293,04.03.2020,05:00,26.0,(8.430455436469295+0j)
18294,04.03.2020,06:00,25.0,(8.320956608290626+0j)
18295,04.03.2020,07:00,56.0,(10.887360331968232+0j)
18296,04.03.2020,08:00,28.0,(8.641303622061608+0j)
18297,04.03.2020,09:00,22.0,(7.9738393445443+0j)
18298,04.03.2020,10:00,38.0,(9.567264627885733+0j)
18299,04.03.2020,11:00,11.0,(6.32884048187752+0j)
18300,04.03.2020,12:00,31.0,(8.939512150377235+0j)
18301,04.03.2020,13:00,20.0,(7.724491855603646+0j)
18302,04.03.2020,14:00,26.0,(8.430455436469295+0j)
18303,04.03.2020,15:00,38.0,(9.567264627885733+0j)
18304,04.03.2020,16:00,14.0,(6.858607230018604+0j)
18305,04.03.2020,17:00,22.0,(7.9738393445443+0j)
18306,04.03.2020,18:00,11.0,(6.32884048187752+0j)
18307,04.03.2020,19:00,7.0,(5.443680165984116+0j)
18308,04.03.2020,20:00,27.0,(8.537181392110488+0j)
18309,04.03.2020,21:00,38.0,(9.567264627885733+0j)
18310,04.03.2020,22:00,52.0,(10.621708264608335+0j)
18311,04.03.2020,23:00,46.0,(10.19637653715948+0j)
18312,05.03.2020,00:00,36.0,(9.396383955788593+0j)
18313,05.03.2020,01:00,47.0,(10.269734286241032+0j)
18314,05.03.2020,02:00,3.0,(4.1042487314692515+0j)
18315,05.03.2020,03:00,23.0,(8.092869420675413+0j)
18316,05.03.2020,04:00,42.0,(9.891823330401618+0j)
18317,05.03.2020,05:00,30.0,(8.84233584359671+0j)
18318,05.03.2020,06:00,21.0,(7.851145380281553+0j)
18319,05.03.2020,07:00,45.0,(10.121947777604984+0j)
18320,05.03.2020,08:00,55.0,(10.822164994364314+0j)
18321,05.03.2020,09:00,37.0,(9.482594128751929+0j)
18322,05.03.2020,10:00,25.0,(8.320956608290626+0j)
18323,05.03.2020,11:00,13.0,(6.691256914211192+0j)
18324,05.03.2020,12:00,13.0,(6.691256914211192+0j)
18325,05.03.2020,13:00,0.0,0j
18326,05.03.2020,14:00,0.0,0j
18327,05.03.2020,15:00,0.0,0j
18328,05.03.2020,16:00,0.0,0j
18329,05.03.2020,17:00,1.0,(2.845727130703496+0j)
18330,05.03.2020,18:00,5.0,(4.866124944308272+0j)
18331,05.03.2020,19:00,7.0,(5.443680165984116+0j)
18332,05.03.2020,20:00,7.0,(5.443680165984116+0j)
18333,05.03.2020,21:00,11.0,(6.32884048187752+0j)
18334,05.03.2020,22:00,11.0,(6.32884048187752+0j)
18335,05.03.2020,23:00,7.0,(5.443680165984116+0j)
18336,06.03.2020,00:00,9.0,(5.919350969396254+0j)
18337,06.03.2020,01:00,6.0,(5.171029370782441+0j)
18338,06.03.2020,02:00,5.0,(4.866124944308272+0j)
18339,06.03.2020,03:00,7.0,(5.443680165984116+0j)
18340,06.03.2020,04:00,8.0,(5.691454261406992+0j)
18341,06.03.2020,05:00,4.0,(4.517310240893176+0j)
18342,06.03.2020,06:00,8.0,(5.691454261406992+0j)
18343,06.03.2020,07:00,12.0,(6.515088753873438+0j)
18344,06.03.2020,08:00,9.0,(5.919350969396254+0j)
18345,06.03.2020,09:00,5.0,(4.866124944308272+0j)
18346,06.03.2020,10:00,3.0,(4.1042487314692515+0j)
18347,06.03.2020,11:00,1.0,(2.845727130703496+0j)
18348,06.03.2020,12:00,3.0,(4.1042487314692515+0j)
18349,06.03.2020,13:00,5.0,(4.866124944308272+0j)
18350,06.03.2020,14:00,6.0,(5.171029370782441+0j)
18351,06.03.2020,15:00,9.0,(5.919350969396254+0j)
18352,06.03.2020,16:00,9.0,(5.919350969396254+0j)
18353,06.03.2020,17:00,17.0,(7.317165783214581+0j)
18354,06.03.2020,18:00,17.0,(7.317165783214581+0j)
18355,06.03.2020,19:00,15.0,(7.018166609990766+0j)
18356,06.03.2020,20:00,15.0,(7.018166609990766+0j)
18357,06.03.2020,21:00,15.0,(7.018166609990766+0j)
18358,06.03.2020,22:00,23.0,(8.092869420675413+0j)
18359,06.03.2020,23:00,30.0,(8.84233584359671+0j)
18360,07.03.2020,00:00,23.0,(8.092869420675413+0j)
18361,07.03.2020,01:00,35.0,(9.308562145233848+0j)
18362,07.03.2020,02:00,42.0,(9.891823330401618+0j)
18363,07.03.2020,03:00,46.0,(10.19637653715948+0j)
18364,07.03.2020,04:00,40.0,(9.732249888616542+0j)
18365,07.03.2020,05:00,25.0,(8.320956608290626+0j)
18366,07.03.2020,06:00,36.0,(9.396383955788593+0j)
18367,07.03.2020,07:00,45.0,(10.121947777604984+0j)
18368,07.03.2020,08:00,27.0,(8.537181392110488+0j)
18369,07.03.2020,09:00,23.0,(8.092869420675413+0j)
18370,07.03.2020,10:00,15.0,(7.018166609990766+0j)
18371,07.03.2020,11:00,15.0,(7.018166609990766+0j)
18372,07.03.2020,12:00,19.0,(7.593542967381978+0j)
18373,07.03.2020,13:00,20.0,(7.724491855603646+0j)
18374,07.03.2020,14:00,8.0,(5.691454261406992+0j)
18375,07.03.2020,15:00,3.0,(4.1042487314692515+0j)
18376,07.03.2020,16:00,2.0,(3.585391514230274+0j)
18377,07.03.2020,17:00,7.0,(5.443680165984116+0j)
18378,07.03.2020,18:00,6.0,(5.171029370782441+0j)
18379,07.03.2020,19:00,13.0,(6.691256914211192+0j)
18380,07.03.2020,20:00,9.0,(5.919350969396254+0j)
18381,07.03.2020,21:00,9.0,(5.919350969396254+0j)
18382,07.03.2020,22:00,6.0,(5.171029370782441+0j)
18383,07.03.2020,23:00,6.0,(5.171029370782441+0j)
18384,08.03.2020,00:00,19.0,(7.593542967381978+0j)
18385,08.03.2020,01:00,35.0,(9.308562145233848+0j)
18386,08.03.2020,02:00,28.0,(8.641303622061608+0j)
18387,08.03.2020,03:00,32.0,(9.034620481786352+0j)
18388,08.03.2020,04:00,28.0,(8.641303622061608+0j)
18389,08.03.2020,05:00,16.0,(7.170783028460548+0j)
18390,08.03.2020,06:00,37.0,(9.482594128751929+0j)
18391,08.03.2020,07:00,32.0,(9.034620481786352+0j)
18392,08.03.2020,08:00,54.0,(10.756174542690822+0j)
18393,08.03.2020,09:00,46.0,(10.19637653715948+0j)
18394,08.03.2020,10:00,39.0,(9.650462409337567+0j)
18395,08.03.2020,11:00,25.0,(8.320956608290626+0j)
18396,08.03.2020,12:00,25.0,(8.320956608290626+0j)
18397,08.03.2020,13:00,14.0,(6.858607230018604+0j)
18398,08.03.2020,14:00,8.0,(5.691454261406992+0j)
18399,08.03.2020,15:00,7.0,(5.443680165984116+0j)
18400,08.03.2020,16:00,3.0,(4.1042487314692515+0j)
18401,08.03.2020,17:00,1.0,(2.845727130703496+0j)
18402,08.03.2020,18:00,2.0,(3.585391514230274+0j)
18403,08.03.2020,19:00,0.0,0j
18404,08.03.2020,20:00,1.0,(2.845727130703496+0j)
18405,08.03.2020,21:00,5.0,(4.866124944308272+0j)
18406,08.03.2020,22:00,6.0,(5.171029370782441+0j)
18407,08.03.2020,23:00,1.0,(2.845727130703496+0j)
18408,09.03.2020,00:00,0.0,0j
18409,09.03.2020,01:00,0.0,0j
18410,09.03.2020,02:00,0.0,0j
18411,09.03.2020,03:00,0.0,0j
18412,09.03.2020,04:00,0.0,0j
18413,09.03.2020,05:00,0.0,0j
18414,09.03.2020,06:00,7.0,(5.443680165984116+0j)
18415,09.03.2020,07:00,12.0,(6.515088753873438+0j)
18416,09.03.2020,08:00,11.0,(6.32884048187752+0j)
18417,09.03.2020,09:00,3.0,(4.1042487314692515+0j)
18418,09.03.2020,10:00,4.0,(4.517310240893176+0j)
18419,09.03.2020,11:00,4.0,(4.517310240893176+0j)
18420,09.03.2020,12:00,12.0,(6.515088753873438+0j)
18421,09.03.2020,13:00,13.0,(6.691256914211192+0j)
18422,09.03.2020,14:00,3.0,(4.1042487314692515+0j)
18423,09.03.2020,15:00,0.0,0j
18424,09.03.2020,16:00,5.0,(4.866124944308272+0j)
18425,09.03.2020,17:00,2.0,(3.585391514230274+0j)
18426,09.03.2020,18:00,0.0,0j
18427,09.03.2020,19:00,3.0,(4.1042487314692515+0j)
18428,09.03.2020,20:00,2.0,(3.585391514230274+0j)
18429,09.03.2020,21:00,15.0,(7.018166609990766+0j)
18430,09.03.2020,22:00,18.0,(7.457914888057963+0j)
18431,09.03.2020,23:00,29.0,(8.74297534497106+0j)
18432,10.03.2020,00:00,42.0,(9.891823330401618+0j)
18433,10.03.2020,01:00,49.0,(10.41338553855059+0j)
18434,10.03.2020,02:00,38.0,(9.567264627885733+0j)
18435,10.03.2020,03:00,25.0,(8.320956608290626+0j)
18436,10.03.2020,04:00,22.0,(7.9738393445443+0j)
18437,10.03.2020,05:00,27.0,(8.537181392110488+0j)
18438,10.03.2020,06:00,13.0,(6.691256914211192+0j)
18439,10.03.2020,07:00,16.0,(7.170783028460548+0j)
18440,10.03.2020,08:00,13.0,(6.691256914211192+0j)
18441,10.03.2020,09:00,15.0,(7.018166609990766+0j)
18442,10.03.2020,10:00,38.0,(9.567264627885733+0j)
18443,10.03.2020,11:00,36.0,(9.396383955788593+0j)
18444,10.03.2020,12:00,41.0,(9.812685353516676+0j)
18445,10.03.2020,13:00,34.0,(9.219051195842558+0j)
18446,10.03.2020,14:00,42.0,(9.891823330401618+0j)
18447,10.03.2020,15:00,30.0,(8.84233584359671+0j)
18448,10.03.2020,16:00,11.0,(6.32884048187752+0j)
18449,10.03.2020,17:00,9.0,(5.919350969396254+0j)
18450,10.03.2020,18:00,3.0,(4.1042487314692515+0j)
18451,10.03.2020,19:00,8.0,(5.691454261406992+0j)
18452,10.03.2020,20:00,10.0,(6.130933248752508+0j)
18453,10.03.2020,21:00,11.0,(6.32884048187752+0j)
18454,10.03.2020,22:00,15.0,(7.018166609990766+0j)
18455,10.03.2020,23:00,23.0,(8.092869420675413+0j)
18456,11.03.2020,00:00,8.0,(5.691454261406992+0j)
18457,11.03.2020,01:00,15.0,(7.018166609990766+0j)
18458,11.03.2020,02:00,8.0,(5.691454261406992+0j)
18459,11.03.2020,03:00,12.0,(6.515088753873438+0j)
18460,11.03.2020,04:00,8.0,(5.691454261406992+0j)
18461,11.03.2020,05:00,13.0,(6.691256914211192+0j)
18462,11.03.2020,06:00,6.0,(5.171029370782441+0j)
18463,11.03.2020,07:00,3.0,(4.1042487314692515+0j)
18464,11.03.2020,08:00,2.0,(3.585391514230274+0j)
18465,11.03.2020,09:00,3.0,(4.1042487314692515+0j)
18466,11.03.2020,10:00,2.0,(3.585391514230274+0j)
18467,11.03.2020,11:00,1.0,(2.845727130703496+0j)
18468,11.03.2020,12:00,0.0,0j
18469,11.03.2020,13:00,0.0,0j
18470,11.03.2020,14:00,0.0,0j
18471,11.03.2020,15:00,0.0,0j
18472,11.03.2020,16:00,0.0,0j
18473,11.03.2020,17:00,0.0,0j
18474,11.03.2020,18:00,0.0,0j
18475,11.03.2020,19:00,0.0,0j
18476,11.03.2020,20:00,0.0,0j
18477,11.03.2020,21:00,0.0,0j
18478,11.03.2020,22:00,1.0,(2.845727130703496+0j)
18479,11.03.2020,23:00,4.0,(4.517310240893176+0j)
18480,12.03.2020,00:00,9.0,(5.919350969396254+0j)
18481,12.03.2020,01:00,14.0,(6.858607230018604+0j)
18482,12.03.2020,02:00,22.0,(7.9738393445443+0j)
18483,12.03.2020,03:00,33.0,(9.127767465531983+0j)
18484,12.03.2020,04:00,36.0,(9.396383955788593+0j)
18485,12.03.2020,05:00,44.0,(10.0464080386713+0j)
18486,12.03.2020,06:00,42.0,(9.891823330401618+0j)
18487,12.03.2020,07:00,42.0,(9.891823330401618+0j)
18488,12.03.2020,08:00,45.0,(10.121947777604984+0j)
18489,12.03.2020,09:00,35.0,(9.308562145233848+0j)
18490,12.03.2020,10:00,53.0,(10.689364281461948+0j)
18491,12.03.2020,11:00,57.0,(10.9517840818175+0j)
18492,12.03.2020,12:00,56.0,(10.887360331968232+0j)
18493,12.03.2020,13:00,57.0,(10.9517840818175+0j)
18494,12.03.2020,14:00,62.0,(11.263079534051261+0j)
18495,12.03.2020,15:00,62.0,(11.263079534051261+0j)
18496,12.03.2020,16:00,59.0,(11.078405520382008+0j)
18497,12.03.2020,17:00,63.0,(11.323311051132062+0j)
18498,12.03.2020,18:00,62.0,(11.263079534051261+0j)
18499,12.03.2020,19:00,53.0,(10.689364281461948+0j)
18500,12.03.2020,20:00,64.0,(11.382908522813985+0j)
18501,12.03.2020,21:00,50.0,(10.483748386047209+0j)
18502,12.03.2020,22:00,59.0,(11.078405520382008+0j)
18503,12.03.2020,23:00,68.0,(11.615276661700541+0j)
18504,13.03.2020,00:00,58.0,(11.015458675840927+0j)
18505,13.03.2020,01:00,46.0,(10.19637653715948+0j)
18506,13.03.2020,02:00,53.0,(10.689364281461948+0j)
18507,13.03.2020,03:00,49.0,(10.41338553855059+0j)
18508,13.03.2020,04:00,46.0,(10.19637653715948+0j)
18509,13.03.2020,05:00,46.0,(10.19637653715948+0j)
18510,13.03.2020,06:00,47.0,(10.269734286241032+0j)
18511,13.03.2020,07:00,56.0,(10.887360331968232+0j)
18512,13.03.2020,08:00,39.0,(9.650462409337567+0j)
18513,13.03.2020,09:00,39.0,(9.650462409337567+0j)
18514,13.03.2020,10:00,46.0,(10.19637653715948+0j)
18515,13.03.2020,11:00,56.0,(10.887360331968232+0j)
18516,13.03.2020,12:00,48.0,(10.34205874156488+0j)
18517,13.03.2020,13:00,46.0,(10.19637653715948+0j)
18518,13.03.2020,14:00,49.0,(10.41338553855059+0j)
18519,13.03.2020,15:00,46.0,(10.19637653715948+0j)
18520,13.03.2020,16:00,44.0,(10.0464080386713+0j)
18521,13.03.2020,17:00,44.0,(10.0464080386713+0j)
18522,13.03.2020,18:00,39.0,(9.650462409337567+0j)
18523,13.03.2020,19:00,46.0,(10.19637653715948+0j)
18524,13.03.2020,20:00,44.0,(10.0464080386713+0j)
18525,13.03.2020,21:00,42.0,(9.891823330401618+0j)
18526,13.03.2020,22:00,33.0,(9.127767465531983+0j)
18527,13.03.2020,23:00,27.0,(8.537181392110488+0j)
18528,14.03.2020,00:00,19.0,(7.593542967381978+0j)
18529,14.03.2020,01:00,27.0,(8.537181392110488+0j)
18530,14.03.2020,02:00,36.0,(9.396383955788593+0j)
18531,14.03.2020,03:00,40.0,(9.732249888616542+0j)
18532,14.03.2020,04:00,38.0,(9.567264627885733+0j)
18533,14.03.2020,05:00,36.0,(9.396383955788593+0j)
18534,14.03.2020,06:00,35.0,(9.308562145233848+0j)
18535,14.03.2020,07:00,52.0,(10.621708264608335+0j)
18536,14.03.2020,08:00,53.0,(10.689364281461948+0j)
18537,14.03.2020,09:00,56.0,(10.887360331968232+0j)
18538,14.03.2020,10:00,50.0,(10.483748386047209+0j)
18539,14.03.2020,11:00,33.0,(9.127767465531983+0j)
18540,14.03.2020,12:00,13.0,(6.691256914211192+0j)
18541,14.03.2020,13:00,15.0,(7.018166609990766+0j)
18542,14.03.2020,14:00,12.0,(6.515088753873438+0j)
18543,14.03.2020,15:00,9.0,(5.919350969396254+0j)
18544,14.03.2020,16:00,9.0,(5.919350969396254+0j)
18545,14.03.2020,17:00,6.0,(5.171029370782441+0j)
18546,14.03.2020,18:00,6.0,(5.171029370782441+0j)
18547,14.03.2020,19:00,3.0,(4.1042487314692515+0j)
18548,14.03.2020,20:00,1.0,(2.845727130703496+0j)
18549,14.03.2020,21:00,0.0,0j
18550,14.03.2020,22:00,0.0,0j
18551,14.03.2020,23:00,0.0,0j
18552,15.03.2020,00:00,0.0,0j
18553,15.03.2020,01:00,0.0,0j
18554,15.03.2020,02:00,0.0,0j
18555,15.03.2020,03:00,1.0,(2.845727130703496+0j)
18556,15.03.2020,04:00,0.0,0j
18557,15.03.2020,05:00,0.0,0j
18558,15.03.2020,06:00,0.0,0j
18559,15.03.2020,07:00,1.0,(2.845727130703496+0j)
18560,15.03.2020,08:00,6.0,(5.171029370782441+0j)
18561,15.03.2020,09:00,7.0,(5.443680165984116+0j)
18562,15.03.2020,10:00,10.0,(6.130933248752508+0j)
18563,15.03.2020,11:00,7.0,(5.443680165984116+0j)
18564,15.03.2020,12:00,19.0,(7.593542967381978+0j)
18565,15.03.2020,13:00,21.0,(7.851145380281553+0j)
18566,15.03.2020,14:00,23.0,(8.092869420675413+0j)
18567,15.03.2020,15:00,41.0,(9.812685353516676+0j)
18568,15.03.2020,16:00,50.0,(10.483748386047209+0j)
18569,15.03.2020,17:00,58.0,(11.015458675840927+0j)
18570,15.03.2020,18:00,59.0,(11.078405520382008+0j)
18571,15.03.2020,19:00,66.0,(11.500266368369322+0j)
18572,15.03.2020,20:00,67.0,(11.55805762209552+0j)
18573,15.03.2020,21:00,69.0,(11.671937444523078+0j)
18574,15.03.2020,22:00,64.0,(11.382908522813985+0j)
18575,15.03.2020,23:00,67.0,(11.55805762209552+0j)
18576,16.03.2020,00:00,66.0,(11.500266368369322+0j)
18577,16.03.2020,01:00,69.0,(11.671937444523078+0j)
18578,16.03.2020,02:00,69.0,(11.671937444523078+0j)
18579,16.03.2020,03:00,68.0,(11.615276661700541+0j)
18580,16.03.2020,04:00,69.0,(11.671937444523078+0j)
18581,16.03.2020,05:00,66.0,(11.500266368369322+0j)
18582,16.03.2020,06:00,69.0,(11.671937444523078+0j)
18583,16.03.2020,07:00,69.0,(11.671937444523078+0j)
18584,16.03.2020,08:00,66.0,(11.500266368369322+0j)
18585,16.03.2020,09:00,66.0,(11.500266368369322+0j)
18586,16.03.2020,10:00,60.0,(11.140645059587433+0j)
18587,16.03.2020,11:00,59.0,(11.078405520382008+0j)
18588,16.03.2020,12:00,66.0,(11.500266368369322+0j)
18589,16.03.2020,13:00,51.0,(10.5531792067093+0j)
18590,16.03.2020,14:00,48.0,(10.34205874156488+0j)
18591,16.03.2020,15:00,50.0,(10.483748386047209+0j)
18592,16.03.2020,16:00,57.0,(10.9517840818175+0j)
18593,16.03.2020,17:00,57.0,(10.9517840818175+0j)
18594,16.03.2020,18:00,49.0,(10.41338553855059+0j)
18595,16.03.2020,19:00,15.0,(7.018166609990766+0j)
18596,16.03.2020,20:00,15.0,(7.018166609990766+0j)
18597,16.03.2020,21:00,15.0,(7.018166609990766+0j)
18598,16.03.2020,22:00,15.0,(7.018166609990766+0j)
18599,16.03.2020,23:00,50.0,(10.483748386047209+0j)
18600,17.03.2020,00:00,67.0,(11.55805762209552+0j)
18601,17.03.2020,01:00,66.0,(11.500266368369322+0j)
18602,17.03.2020,02:00,66.0,(11.500266368369322+0j)
18603,17.03.2020,03:00,69.0,(11.671937444523078+0j)
18604,17.03.2020,04:00,69.0,(11.671937444523078+0j)
18605,17.03.2020,05:00,69.0,(11.671937444523078+0j)
18606,17.03.2020,06:00,69.0,(11.671937444523078+0j)
18607,17.03.2020,07:00,69.0,(11.671937444523078+0j)
18608,17.03.2020,08:00,69.0,(11.671937444523078+0j)
18609,17.03.2020,09:00,67.0,(11.55805762209552+0j)
18610,17.03.2020,10:00,68.0,(11.615276661700541+0j)
18611,17.03.2020,11:00,64.0,(11.382908522813985+0j)
18612,17.03.2020,12:00,63.0,(11.323311051132062+0j)
18613,17.03.2020,13:00,63.0,(11.323311051132062+0j)
18614,17.03.2020,14:00,68.0,(11.615276661700541+0j)
18615,17.03.2020,15:00,67.0,(11.55805762209552+0j)
18616,17.03.2020,16:00,69.0,(11.671937444523078+0j)
18617,17.03.2020,17:00,64.0,(11.382908522813985+0j)
18618,17.03.2020,18:00,62.0,(11.263079534051261+0j)
18619,17.03.2020,19:00,64.0,(11.382908522813985+0j)
18620,17.03.2020,20:00,55.0,(10.822164994364314+0j)
18621,17.03.2020,21:00,54.0,(10.756174542690822+0j)
18622,17.03.2020,22:00,62.0,(11.263079534051261+0j)
18623,17.03.2020,23:00,61.0,(11.202196833891742+0j)
18624,18.03.2020,00:00,43.0,(9.969714910096506+0j)
18625,18.03.2020,01:00,35.0,(9.308562145233848+0j)
18626,18.03.2020,02:00,34.0,(9.219051195842558+0j)
18627,18.03.2020,03:00,46.0,(10.19637653715948+0j)
18628,18.03.2020,04:00,44.0,(10.0464080386713+0j)
18629,18.03.2020,05:00,39.0,(9.650462409337567+0j)
18630,18.03.2020,06:00,43.0,(9.969714910096506+0j)
18631,18.03.2020,07:00,51.0,(10.5531792067093+0j)
18632,18.03.2020,08:00,56.0,(10.887360331968232+0j)
18633,18.03.2020,09:00,47.0,(10.269734286241032+0j)
18634,18.03.2020,10:00,65.0,(11.441888376335278+0j)
18635,18.03.2020,11:00,61.0,(11.202196833891742+0j)
18636,18.03.2020,12:00,64.0,(11.382908522813985+0j)
18637,18.03.2020,13:00,63.0,(11.323311051132062+0j)
18638,18.03.2020,14:00,69.0,(11.671937444523078+0j)
18639,18.03.2020,15:00,69.0,(11.671937444523078+0j)
18640,18.03.2020,16:00,69.0,(11.671937444523078+0j)
18641,18.03.2020,17:00,69.0,(11.671937444523078+0j)
18642,18.03.2020,18:00,69.0,(11.671937444523078+0j)
18643,18.03.2020,19:00,66.0,(11.500266368369322+0j)
18644,18.03.2020,20:00,58.0,(11.015458675840927+0j)
18645,18.03.2020,21:00,57.0,(10.9517840818175+0j)
18646,18.03.2020,22:00,36.0,(9.396383955788593+0j)
18647,18.03.2020,23:00,64.0,(11.382908522813985+0j)
18648,19.03.2020,00:00,50.0,(10.483748386047209+0j)
18649,19.03.2020,01:00,54.0,(10.756174542690822+0j)
18650,19.03.2020,02:00,39.0,(9.650462409337567+0j)
18651,19.03.2020,03:00,46.0,(10.19637653715948+0j)
18652,19.03.2020,04:00,15.0,(7.018166609990766+0j)
18653,19.03.2020,05:00,43.0,(9.969714910096506+0j)
18654,19.03.2020,06:00,58.0,(11.015458675840927+0j)
18655,19.03.2020,07:00,66.0,(11.500266368369322+0j)
18656,19.03.2020,08:00,69.0,(11.671937444523078+0j)
18657,19.03.2020,09:00,65.0,(11.441888376335278+0j)
18658,19.03.2020,10:00,60.0,(11.140645059587433+0j)
18659,19.03.2020,11:00,63.0,(11.323311051132062+0j)
18660,19.03.2020,12:00,66.0,(11.500266368369322+0j)
18661,19.03.2020,13:00,65.0,(11.441888376335278+0j)
18662,19.03.2020,14:00,63.0,(11.323311051132062+0j)
18663,19.03.2020,15:00,65.0,(11.441888376335278+0j)
18664,19.03.2020,16:00,57.0,(10.9517840818175+0j)
18665,19.03.2020,17:00,66.0,(11.500266368369322+0j)
18666,19.03.2020,18:00,66.0,(11.500266368369322+0j)
18667,19.03.2020,19:00,59.0,(11.078405520382008+0j)
18668,19.03.2020,20:00,65.0,(11.441888376335278+0j)
18669,19.03.2020,21:00,54.0,(10.756174542690822+0j)
18670,19.03.2020,22:00,35.0,(9.308562145233848+0j)
18671,19.03.2020,23:00,26.0,(8.430455436469295+0j)
18672,20.03.2020,00:00,25.0,(8.320956608290626+0j)
18673,20.03.2020,01:00,26.0,(8.430455436469295+0j)
18674,20.03.2020,02:00,42.0,(9.891823330401618+0j)
18675,20.03.2020,03:00,34.0,(9.219051195842558+0j)
18676,20.03.2020,04:00,38.0,(9.567264627885733+0j)
18677,20.03.2020,05:00,48.0,(10.34205874156488+0j)
18678,20.03.2020,06:00,41.0,(9.812685353516676+0j)
18679,20.03.2020,07:00,41.0,(9.812685353516676+0j)
18680,20.03.2020,08:00,42.0,(9.891823330401618+0j)
18681,20.03.2020,09:00,66.0,(11.500266368369322+0j)
18682,20.03.2020,10:00,66.0,(11.500266368369322+0j)
18683,20.03.2020,11:00,64.0,(11.382908522813985+0j)
18684,20.03.2020,12:00,65.0,(11.441888376335278+0j)
18685,20.03.2020,13:00,69.0,(11.671937444523078+0j)
18686,20.03.2020,14:00,67.0,(11.55805762209552+0j)
18687,20.03.2020,15:00,67.0,(11.55805762209552+0j)
18688,20.03.2020,16:00,63.0,(11.323311051132062+0j)
18689,20.03.2020,17:00,63.0,(11.323311051132062+0j)
18690,20.03.2020,18:00,68.0,(11.615276661700541+0j)
18691,20.03.2020,19:00,62.0,(11.263079534051261+0j)
18692,20.03.2020,20:00,65.0,(11.441888376335278+0j)
18693,20.03.2020,21:00,64.0,(11.382908522813985+0j)
18694,20.03.2020,22:00,62.0,(11.263079534051261+0j)
18695,20.03.2020,23:00,37.0,(9.482594128751929+0j)
18696,21.03.2020,00:00,32.0,(9.034620481786352+0j)
18697,21.03.2020,01:00,42.0,(9.891823330401618+0j)
18698,21.03.2020,02:00,19.0,(7.593542967381978+0j)
18699,21.03.2020,03:00,17.0,(7.317165783214581+0j)
18700,21.03.2020,04:00,13.0,(6.691256914211192+0j)
18701,21.03.2020,05:00,17.0,(7.317165783214581+0j)
18702,21.03.2020,06:00,10.0,(6.130933248752508+0j)
18703,21.03.2020,07:00,14.0,(6.858607230018604+0j)
18704,21.03.2020,08:00,1.0,(2.845727130703496+0j)
18705,21.03.2020,09:00,1.0,(2.845727130703496+0j)
18706,21.03.2020,10:00,0.0,0j
18707,21.03.2020,11:00,0.0,0j
18708,21.03.2020,12:00,0.0,0j
18709,21.03.2020,13:00,0.0,0j
18710,21.03.2020,14:00,0.0,0j
18711,21.03.2020,15:00,0.0,0j
18712,21.03.2020,16:00,0.0,0j
18713,21.03.2020,17:00,0.0,0j
18714,21.03.2020,18:00,0.0,0j
18715,21.03.2020,19:00,0.0,0j
18716,21.03.2020,20:00,0.0,0j
18717,21.03.2020,21:00,1.0,(2.845727130703496+0j)
18718,21.03.2020,22:00,2.0,(3.585391514230274+0j)
18719,21.03.2020,23:00,5.0,(4.866124944308272+0j)
18720,22.03.2020,00:00,11.0,(6.32884048187752+0j)
18721,22.03.2020,01:00,14.0,(6.858607230018604+0j)
18722,22.03.2020,02:00,11.0,(6.32884048187752+0j)
18723,22.03.2020,03:00,3.0,(4.1042487314692515+0j)
18724,22.03.2020,04:00,0.0,0j
18725,22.03.2020,05:00,0.0,0j
18726,22.03.2020,06:00,5.0,(4.866124944308272+0j)
18727,22.03.2020,07:00,1.0,(2.845727130703496+0j)
18728,22.03.2020,08:00,2.0,(3.585391514230274+0j)
18729,22.03.2020,09:00,0.0,0j
18730,22.03.2020,10:00,1.0,(2.845727130703496+0j)
18731,22.03.2020,11:00,1.0,(2.845727130703496+0j)
18732,22.03.2020,12:00,0.0,0j
18733,22.03.2020,13:00,0.0,0j
18734,22.03.2020,14:00,0.0,0j
18735,22.03.2020,15:00,1.0,(2.845727130703496+0j)
18736,22.03.2020,16:00,3.0,(4.1042487314692515+0j)
18737,22.03.2020,17:00,0.0,0j
18738,22.03.2020,18:00,0.0,0j
18739,22.03.2020,19:00,1.0,(2.845727130703496+0j)
18740,22.03.2020,20:00,0.0,0j
18741,22.03.2020,21:00,0.0,0j
18742,22.03.2020,22:00,0.0,0j
18743,22.03.2020,23:00,0.0,0j
18744,23.03.2020,00:00,0.0,0j
18745,23.03.2020,01:00,0.0,0j
18746,23.03.2020,02:00,0.0,0j
18747,23.03.2020,03:00,0.0,0j
18748,23.03.2020,04:00,0.0,0j
18749,23.03.2020,05:00,0.0,0j
18750,23.03.2020,06:00,0.0,0j
18751,23.03.2020,07:00,0.0,0j
18752,23.03.2020,08:00,0.0,0j
18753,23.03.2020,09:00,1.0,(2.845727130703496+0j)
18754,23.03.2020,10:00,3.0,(4.1042487314692515+0j)
18755,23.03.2020,11:00,5.0,(4.866124944308272+0j)
18756,23.03.2020,12:00,7.0,(5.443680165984116+0j)
18757,23.03.2020,13:00,6.0,(5.171029370782441+0j)
18758,23.03.2020,14:00,5.0,(4.866124944308272+0j)
18759,23.03.2020,15:00,5.0,(4.866124944308272+0j)
18760,23.03.2020,16:00,7.0,(5.443680165984116+0j)
18761,23.03.2020,17:00,6.0,(5.171029370782441+0j)
18762,23.03.2020,18:00,12.0,(6.515088753873438+0j)
18763,23.03.2020,19:00,19.0,(7.593542967381978+0j)
18764,23.03.2020,20:00,19.0,(7.593542967381978+0j)
18765,23.03.2020,21:00,17.0,(7.317165783214581+0j)
18766,23.03.2020,22:00,15.0,(7.018166609990766+0j)
18767,23.03.2020,23:00,11.0,(6.32884048187752+0j)
18768,24.03.2020,00:00,10.0,(6.130933248752508+0j)
18769,24.03.2020,01:00,10.0,(6.130933248752508+0j)
18770,24.03.2020,02:00,5.0,(4.866124944308272+0j)
18771,24.03.2020,03:00,6.0,(5.171029370782441+0j)
18772,24.03.2020,04:00,4.0,(4.517310240893176+0j)
18773,24.03.2020,05:00,5.0,(4.866124944308272+0j)
18774,24.03.2020,06:00,4.0,(4.517310240893176+0j)
18775,24.03.2020,07:00,5.0,(4.866124944308272+0j)
18776,24.03.2020,08:00,4.0,(4.517310240893176+0j)
18777,24.03.2020,09:00,2.0,(3.585391514230274+0j)
18778,24.03.2020,10:00,2.0,(3.585391514230274+0j)
18779,24.03.2020,11:00,2.0,(3.585391514230274+0j)
18780,24.03.2020,12:00,5.0,(4.866124944308272+0j)
18781,24.03.2020,13:00,8.0,(5.691454261406992+0j)
18782,24.03.2020,14:00,10.0,(6.130933248752508+0j)
18783,24.03.2020,15:00,12.0,(6.515088753873438+0j)
18784,24.03.2020,16:00,23.0,(8.092869420675413+0j)
18785,24.03.2020,17:00,33.0,(9.127767465531983+0j)
18786,24.03.2020,18:00,49.0,(10.41338553855059+0j)
18787,24.03.2020,19:00,52.0,(10.621708264608335+0j)
18788,24.03.2020,20:00,52.0,(10.621708264608335+0j)
18789,24.03.2020,21:00,54.0,(10.756174542690822+0j)
18790,24.03.2020,22:00,40.0,(9.732249888616542+0j)
18791,24.03.2020,23:00,43.0,(9.969714910096506+0j)
18792,25.03.2020,00:00,44.0,(10.0464080386713+0j)
18793,25.03.2020,01:00,42.0,(9.891823330401618+0j)
18794,25.03.2020,02:00,55.0,(10.822164994364314+0j)
18795,25.03.2020,03:00,53.0,(10.689364281461948+0j)
18796,25.03.2020,04:00,50.0,(10.483748386047209+0j)
18797,25.03.2020,05:00,55.0,(10.822164994364314+0j)
18798,25.03.2020,06:00,46.0,(10.19637653715948+0j)
18799,25.03.2020,07:00,54.0,(10.756174542690822+0j)
18800,25.03.2020,08:00,44.0,(10.0464080386713+0j)
18801,25.03.2020,09:00,46.0,(10.19637653715948+0j)
18802,25.03.2020,10:00,61.0,(11.202196833891742+0j)
18803,25.03.2020,11:00,60.0,(11.140645059587433+0j)
18804,25.03.2020,12:00,59.0,(11.078405520382008+0j)
18805,25.03.2020,13:00,64.0,(11.382908522813985+0j)
18806,25.03.2020,14:00,57.0,(10.9517840818175+0j)
18807,25.03.2020,15:00,67.0,(11.55805762209552+0j)
18808,25.03.2020,16:00,63.0,(11.323311051132062+0j)
18809,25.03.2020,17:00,56.0,(10.887360331968232+0j)
18810,25.03.2020,18:00,59.0,(11.078405520382008+0j)
18811,25.03.2020,19:00,58.0,(11.015458675840927+0j)
18812,25.03.2020,20:00,57.0,(10.9517840818175+0j)
18813,25.03.2020,21:00,59.0,(11.078405520382008+0j)
18814,25.03.2020,22:00,55.0,(10.822164994364314+0j)
18815,25.03.2020,23:00,58.0,(11.015458675840927+0j)
18816,26.03.2020,00:00,55.0,(10.822164994364314+0j)
18817,26.03.2020,01:00,56.0,(10.887360331968232+0j)
18818,26.03.2020,02:00,49.0,(10.41338553855059+0j)
18819,26.03.2020,03:00,40.0,(9.732249888616542+0j)
18820,26.03.2020,04:00,37.0,(9.482594128751929+0j)
18821,26.03.2020,05:00,39.0,(9.650462409337567+0j)
18822,26.03.2020,06:00,30.0,(8.84233584359671+0j)
18823,26.03.2020,07:00,38.0,(9.567264627885733+0j)
18824,26.03.2020,08:00,33.0,(9.127767465531983+0j)
18825,26.03.2020,09:00,33.0,(9.127767465531983+0j)
18826,26.03.2020,10:00,28.0,(8.641303622061608+0j)
18827,26.03.2020,11:00,18.0,(7.457914888057963+0j)
18828,26.03.2020,12:00,17.0,(7.317165783214581+0j)
18829,26.03.2020,13:00,10.0,(6.130933248752508+0j)
18830,26.03.2020,14:00,12.0,(6.515088753873438+0j)
18831,26.03.2020,15:00,21.0,(7.851145380281553+0j)
18832,26.03.2020,16:00,30.0,(8.84233584359671+0j)
18833,26.03.2020,17:00,28.0,(8.641303622061608+0j)
18834,26.03.2020,18:00,35.0,(9.308562145233848+0j)
18835,26.03.2020,19:00,30.0,(8.84233584359671+0j)
18836,26.03.2020,20:00,27.0,(8.537181392110488+0j)
18837,26.03.2020,21:00,31.0,(8.939512150377235+0j)
18838,26.03.2020,22:00,34.0,(9.219051195842558+0j)
18839,26.03.2020,23:00,30.0,(8.84233584359671+0j)
18840,27.03.2020,00:00,30.0,(8.84233584359671+0j)
18841,27.03.2020,01:00,35.0,(9.308562145233848+0j)
18842,27.03.2020,02:00,37.0,(9.482594128751929+0j)
18843,27.03.2020,03:00,24.0,(8.208497462938503+0j)
18844,27.03.2020,04:00,29.0,(8.74297534497106+0j)
18845,27.03.2020,05:00,28.0,(8.641303622061608+0j)
18846,27.03.2020,06:00,28.0,(8.641303622061608+0j)
18847,27.03.2020,07:00,22.0,(7.9738393445443+0j)
18848,27.03.2020,08:00,16.0,(7.170783028460548+0j)
18849,27.03.2020,09:00,17.0,(7.317165783214581+0j)
18850,27.03.2020,10:00,21.0,(7.851145380281553+0j)
18851,27.03.2020,11:00,16.0,(7.170783028460548+0j)
18852,27.03.2020,12:00,15.0,(7.018166609990766+0j)
18853,27.03.2020,13:00,14.0,(6.858607230018604+0j)
18854,27.03.2020,14:00,16.0,(7.170783028460548+0j)
18855,27.03.2020,15:00,19.0,(7.593542967381978+0j)
18856,27.03.2020,16:00,24.0,(8.208497462938503+0j)
18857,27.03.2020,17:00,18.0,(7.457914888057963+0j)
18858,27.03.2020,18:00,27.0,(8.537181392110488+0j)
18859,27.03.2020,19:00,24.0,(8.208497462938503+0j)
18860,27.03.2020,20:00,20.0,(7.724491855603646+0j)
18861,27.03.2020,21:00,18.0,(7.457914888057963+0j)
18862,27.03.2020,22:00,10.0,(6.130933248752508+0j)
18863,27.03.2020,23:00,8.0,(5.691454261406992+0j)
18864,28.03.2020,00:00,5.0,(4.866124944308272+0j)
18865,28.03.2020,01:00,3.0,(4.1042487314692515+0j)
18866,28.03.2020,02:00,2.0,(3.585391514230274+0j)
18867,28.03.2020,03:00,2.0,(3.585391514230274+0j)
18868,28.03.2020,04:00,1.0,(2.845727130703496+0j)
18869,28.03.2020,05:00,1.0,(2.845727130703496+0j)
18870,28.03.2020,06:00,0.0,0j
18871,28.03.2020,07:00,0.0,0j
18872,28.03.2020,08:00,0.0,0j
18873,28.03.2020,09:00,0.0,0j
18874,28.03.2020,10:00,0.0,0j
18875,28.03.2020,11:00,0.0,0j
18876,28.03.2020,12:00,0.0,0j
18877,28.03.2020,13:00,0.0,0j
18878,28.03.2020,14:00,0.0,0j
18879,28.03.2020,15:00,1.0,(2.845727130703496+0j)
18880,28.03.2020,16:00,4.0,(4.517310240893176+0j)
18881,28.03.2020,17:00,11.0,(6.32884048187752+0j)
18882,28.03.2020,18:00,9.0,(5.919350969396254+0j)
18883,28.03.2020,19:00,12.0,(6.515088753873438+0j)
18884,28.03.2020,20:00,9.0,(5.919350969396254+0j)
18885,28.03.2020,21:00,9.0,(5.919350969396254+0j)
18886,28.03.2020,22:00,7.0,(5.443680165984116+0j)
18887,28.03.2020,23:00,6.0,(5.171029370782441+0j)
18888,29.03.2020,00:00,7.0,(5.443680165984116+0j)
18889,29.03.2020,01:00,10.0,(6.130933248752508+0j)
18890,29.03.2020,02:00,9.0,(5.919350969396254+0j)
18891,29.03.2020,03:00,8.0,(5.691454261406992+0j)
18892,29.03.2020,04:00,4.0,(4.517310240893176+0j)
18893,29.03.2020,05:00,2.0,(3.585391514230274+0j)
18894,29.03.2020,06:00,1.0,(2.845727130703496+0j)
18895,29.03.2020,07:00,3.0,(4.1042487314692515+0j)
18896,29.03.2020,08:00,3.0,(4.1042487314692515+0j)
18897,29.03.2020,09:00,2.0,(3.585391514230274+0j)
18898,29.03.2020,10:00,1.0,(2.845727130703496+0j)
18899,29.03.2020,11:00,0.0,0j
18900,29.03.2020,12:00,2.0,(3.585391514230274+0j)
18901,29.03.2020,13:00,9.0,(5.919350969396254+0j)
18902,29.03.2020,14:00,2.0,(3.585391514230274+0j)
18903,29.03.2020,15:00,2.0,(3.585391514230274+0j)
18904,29.03.2020,16:00,1.0,(2.845727130703496+0j)
18905,29.03.2020,17:00,0.0,0j
18906,29.03.2020,18:00,0.0,0j
18907,29.03.2020,19:00,0.0,0j
18908,29.03.2020,20:00,0.0,0j
18909,29.03.2020,21:00,0.0,0j
18910,29.03.2020,22:00,0.0,0j
18911,29.03.2020,23:00,0.0,0j
18912,30.03.2020,00:00,0.0,0j
18913,30.03.2020,01:00,0.0,0j
18914,30.03.2020,02:00,0.0,0j
18915,30.03.2020,03:00,0.0,0j
18916,30.03.2020,04:00,0.0,0j
18917,30.03.2020,05:00,0.0,0j
18918,30.03.2020,06:00,1.0,(2.845727130703496+0j)
18919,30.03.2020,07:00,0.0,0j
18920,30.03.2020,08:00,0.0,0j
18921,30.03.2020,09:00,0.0,0j
18922,30.03.2020,10:00,0.0,0j
18923,30.03.2020,11:00,0.0,0j
18924,30.03.2020,12:00,0.0,0j
18925,30.03.2020,13:00,2.0,(3.585391514230274+0j)
18926,30.03.2020,14:00,0.0,0j
18927,30.03.2020,15:00,0.0,0j
18928,30.03.2020,16:00,1.0,(2.845727130703496+0j)
18929,30.03.2020,17:00,2.0,(3.585391514230274+0j)
18930,30.03.2020,18:00,0.0,0j
18931,30.03.2020,19:00,1.0,(2.845727130703496+0j)
18932,30.03.2020,20:00,2.0,(3.585391514230274+0j)
18933,30.03.2020,21:00,7.0,(5.443680165984116+0j)
18934,30.03.2020,22:00,8.0,(5.691454261406992+0j)
18935,30.03.2020,23:00,10.0,(6.130933248752508+0j)
18936,31.03.2020,00:00,7.0,(5.443680165984116+0j)
18937,31.03.2020,01:00,5.0,(4.866124944308272+0j)
18938,31.03.2020,02:00,5.0,(4.866124944308272+0j)
18939,31.03.2020,03:00,4.0,(4.517310240893176+0j)
18940,31.03.2020,04:00,7.0,(5.443680165984116+0j)
18941,31.03.2020,05:00,10.0,(6.130933248752508+0j)
18942,31.03.2020,06:00,13.0,(6.691256914211192+0j)
18943,31.03.2020,07:00,14.0,(6.858607230018604+0j)
18944,31.03.2020,08:00,10.0,(6.130933248752508+0j)
18945,31.03.2020,09:00,13.0,(6.691256914211192+0j)
18946,31.03.2020,10:00,23.0,(8.092869420675413+0j)
18947,31.03.2020,11:00,25.0,(8.320956608290626+0j)
18948,31.03.2020,12:00,26.0,(8.430455436469295+0j)
18949,31.03.2020,13:00,44.0,(10.0464080386713+0j)
18950,31.03.2020,14:00,54.0,(10.756174542690822+0j)
18951,31.03.2020,15:00,63.0,(11.323311051132062+0j)
18952,31.03.2020,16:00,62.0,(11.263079534051261+0j)
18953,31.03.2020,17:00,60.0,(11.140645059587433+0j)
18954,31.03.2020,18:00,66.0,(11.500266368369322+0j)
18955,31.03.2020,19:00,64.0,(11.382908522813985+0j)
18956,31.03.2020,20:00,64.0,(11.382908522813985+0j)
18957,31.03.2020,21:00,62.0,(11.263079534051261+0j)
18958,31.03.2020,22:00,56.0,(10.887360331968232+0j)
18959,31.03.2020,23:00,62.0,(11.263079534051261+0j)
18960,01.04.2020,00:00,62.0,(11.263079534051261+0j)
18961,01.04.2020,01:00,65.0,(11.441888376335278+0j)
18962,01.04.2020,02:00,61.0,(11.202196833891742+0j)
18963,01.04.2020,03:00,58.0,(11.015458675840927+0j)
18964,01.04.2020,04:00,62.0,(11.263079534051261+0j)
18965,01.04.2020,05:00,52.0,(10.621708264608335+0j)
18966,01.04.2020,06:00,52.0,(10.621708264608335+0j)
18967,01.04.2020,07:00,50.0,(10.483748386047209+0j)
18968,01.04.2020,08:00,44.0,(10.0464080386713+0j)
18969,01.04.2020,09:00,39.0,(9.650462409337567+0j)
18970,01.04.2020,10:00,34.0,(9.219051195842558+0j)
18971,01.04.2020,11:00,27.0,(8.537181392110488+0j)
18972,01.04.2020,12:00,21.0,(7.851145380281553+0j)
18973,01.04.2020,13:00,21.0,(7.851145380281553+0j)
18974,01.04.2020,14:00,14.0,(6.858607230018604+0j)
18975,01.04.2020,15:00,12.0,(6.515088753873438+0j)
18976,01.04.2020,16:00,13.0,(6.691256914211192+0j)
18977,01.04.2020,17:00,18.0,(7.457914888057963+0j)
18978,01.04.2020,18:00,14.0,(6.858607230018604+0j)
18979,01.04.2020,19:00,8.0,(5.691454261406992+0j)
18980,01.04.2020,20:00,6.0,(5.171029370782441+0j)
18981,01.04.2020,21:00,4.0,(4.517310240893176+0j)
18982,01.04.2020,22:00,2.0,(3.585391514230274+0j)
18983,01.04.2020,23:00,1.0,(2.845727130703496+0j)
18984,02.04.2020,00:00,2.0,(3.585391514230274+0j)
18985,02.04.2020,01:00,3.0,(4.1042487314692515+0j)
18986,02.04.2020,02:00,14.0,(6.858607230018604+0j)
18987,02.04.2020,03:00,17.0,(7.317165783214581+0j)
18988,02.04.2020,04:00,40.0,(9.732249888616542+0j)
18989,02.04.2020,05:00,48.0,(10.34205874156488+0j)
18990,02.04.2020,06:00,43.0,(9.969714910096506+0j)
18991,02.04.2020,07:00,21.0,(7.851145380281553+0j)
18992,02.04.2020,08:00,15.0,(7.018166609990766+0j)
18993,02.04.2020,09:00,1.0,(2.845727130703496+0j)
18994,02.04.2020,10:00,11.0,(6.32884048187752+0j)
18995,02.04.2020,11:00,17.0,(7.317165783214581+0j)
18996,02.04.2020,12:00,42.0,(9.891823330401618+0j)
18997,02.04.2020,13:00,23.0,(8.092869420675413+0j)
18998,02.04.2020,14:00,40.0,(9.732249888616542+0j)
18999,02.04.2020,15:00,33.0,(9.127767465531983+0j)
19000,02.04.2020,16:00,39.0,(9.650462409337567+0j)
19001,02.04.2020,17:00,30.0,(8.84233584359671+0j)
19002,02.04.2020,18:00,33.0,(9.127767465531983+0j)
19003,02.04.2020,19:00,38.0,(9.567264627885733+0j)
19004,02.04.2020,20:00,20.0,(7.724491855603646+0j)
19005,02.04.2020,21:00,2.0,(3.585391514230274+0j)
19006,02.04.2020,22:00,4.0,(4.517310240893176+0j)
19007,02.04.2020,23:00,1.0,(2.845727130703496+0j)
19008,03.04.2020,00:00,18.0,(7.457914888057963+0j)
19009,03.04.2020,01:00,13.0,(6.691256914211192+0j)
19010,03.04.2020,02:00,3.0,(4.1042487314692515+0j)
19011,03.04.2020,03:00,1.0,(2.845727130703496+0j)
19012,03.04.2020,04:00,1.0,(2.845727130703496+0j)
19013,03.04.2020,05:00,2.0,(3.585391514230274+0j)
19014,03.04.2020,06:00,0.0,0j
19015,03.04.2020,07:00,1.0,(2.845727130703496+0j)
19016,03.04.2020,08:00,2.0,(3.585391514230274+0j)
19017,03.04.2020,09:00,0.0,0j
19018,03.04.2020,10:00,0.0,0j
19019,03.04.2020,11:00,0.0,0j
19020,03.04.2020,12:00,0.0,0j
19021,03.04.2020,13:00,0.0,0j
19022,03.04.2020,14:00,0.0,0j
19023,03.04.2020,15:00,0.0,0j
19024,03.04.2020,16:00,0.0,0j
19025,03.04.2020,17:00,0.0,0j
19026,03.04.2020,18:00,0.0,0j
19027,03.04.2020,19:00,0.0,0j
19028,03.04.2020,20:00,1.0,(2.845727130703496+0j)
19029,03.04.2020,21:00,2.0,(3.585391514230274+0j)
19030,03.04.2020,22:00,5.0,(4.866124944308272+0j)
19031,03.04.2020,23:00,5.0,(4.866124944308272+0j)
19032,04.04.2020,00:00,1.0,(2.845727130703496+0j)
19033,04.04.2020,01:00,2.0,(3.585391514230274+0j)
19034,04.04.2020,02:00,7.0,(5.443680165984116+0j)
19035,04.04.2020,03:00,3.0,(4.1042487314692515+0j)
19036,04.04.2020,04:00,5.0,(4.866124944308272+0j)
19037,04.04.2020,05:00,4.0,(4.517310240893176+0j)
19038,04.04.2020,06:00,6.0,(5.171029370782441+0j)
19039,04.04.2020,07:00,8.0,(5.691454261406992+0j)
19040,04.04.2020,08:00,32.0,(9.034620481786352+0j)
19041,04.04.2020,09:00,13.0,(6.691256914211192+0j)
19042,04.04.2020,10:00,11.0,(6.32884048187752+0j)
19043,04.04.2020,11:00,12.0,(6.515088753873438+0j)
19044,04.04.2020,12:00,6.0,(5.171029370782441+0j)
19045,04.04.2020,13:00,7.0,(5.443680165984116+0j)
19046,04.04.2020,14:00,3.0,(4.1042487314692515+0j)
19047,04.04.2020,15:00,5.0,(4.866124944308272+0j)
19048,04.04.2020,16:00,6.0,(5.171029370782441+0j)
19049,04.04.2020,17:00,8.0,(5.691454261406992+0j)
19050,04.04.2020,18:00,11.0,(6.32884048187752+0j)
19051,04.04.2020,19:00,7.0,(5.443680165984116+0j)
19052,04.04.2020,20:00,15.0,(7.018166609990766+0j)
19053,04.04.2020,21:00,20.0,(7.724491855603646+0j)
19054,04.04.2020,22:00,28.0,(8.641303622061608+0j)
19055,04.04.2020,23:00,23.0,(8.092869420675413+0j)
19056,05.04.2020,00:00,38.0,(9.567264627885733+0j)
19057,05.04.2020,01:00,38.0,(9.567264627885733+0j)
19058,05.04.2020,02:00,41.0,(9.812685353516676+0j)
19059,05.04.2020,03:00,35.0,(9.308562145233848+0j)
19060,05.04.2020,04:00,6.0,(5.171029370782441+0j)
19061,05.04.2020,05:00,8.0,(5.691454261406992+0j)
19062,05.04.2020,06:00,37.0,(9.482594128751929+0j)
19063,05.04.2020,07:00,28.0,(8.641303622061608+0j)
19064,05.04.2020,08:00,23.0,(8.092869420675413+0j)
19065,05.04.2020,09:00,21.0,(7.851145380281553+0j)
19066,05.04.2020,10:00,18.0,(7.457914888057963+0j)
19067,05.04.2020,11:00,18.0,(7.457914888057963+0j)
19068,05.04.2020,12:00,13.0,(6.691256914211192+0j)
19069,05.04.2020,13:00,13.0,(6.691256914211192+0j)
19070,05.04.2020,14:00,16.0,(7.170783028460548+0j)
19071,05.04.2020,15:00,6.0,(5.171029370782441+0j)
19072,05.04.2020,16:00,30.0,(8.84233584359671+0j)
19073,05.04.2020,17:00,42.0,(9.891823330401618+0j)
19074,05.04.2020,18:00,41.0,(9.812685353516676+0j)
19075,05.04.2020,19:00,44.0,(10.0464080386713+0j)
19076,05.04.2020,20:00,48.0,(10.34205874156488+0j)
19077,05.04.2020,21:00,48.0,(10.34205874156488+0j)
19078,05.04.2020,22:00,56.0,(10.887360331968232+0j)
19079,05.04.2020,23:00,60.0,(11.140645059587433+0j)
19080,06.04.2020,00:00,61.0,(11.202196833891742+0j)
19081,06.04.2020,01:00,61.0,(11.202196833891742+0j)
19082,06.04.2020,02:00,58.0,(11.015458675840927+0j)
19083,06.04.2020,03:00,57.0,(10.9517840818175+0j)
19084,06.04.2020,04:00,60.0,(11.140645059587433+0j)
19085,06.04.2020,05:00,61.0,(11.202196833891742+0j)
19086,06.04.2020,06:00,59.0,(11.078405520382008+0j)
19087,06.04.2020,07:00,59.0,(11.078405520382008+0j)
19088,06.04.2020,08:00,55.0,(10.822164994364314+0j)
19089,06.04.2020,09:00,56.0,(10.887360331968232+0j)
19090,06.04.2020,10:00,56.0,(10.887360331968232+0j)
19091,06.04.2020,11:00,60.0,(11.140645059587433+0j)
19092,06.04.2020,12:00,59.0,(11.078405520382008+0j)
19093,06.04.2020,13:00,56.0,(10.887360331968232+0j)
19094,06.04.2020,14:00,61.0,(11.202196833891742+0j)
19095,06.04.2020,15:00,62.0,(11.263079534051261+0j)
19096,06.04.2020,16:00,61.0,(11.202196833891742+0j)
19097,06.04.2020,17:00,67.0,(11.55805762209552+0j)
19098,06.04.2020,18:00,63.0,(11.323311051132062+0j)
19099,06.04.2020,19:00,65.0,(11.441888376335278+0j)
19100,06.04.2020,20:00,66.0,(11.500266368369322+0j)
19101,06.04.2020,21:00,69.0,(11.671937444523078+0j)
19102,06.04.2020,22:00,63.0,(11.323311051132062+0j)
19103,06.04.2020,23:00,61.0,(11.202196833891742+0j)
19104,07.04.2020,00:00,63.0,(11.323311051132062+0j)
19105,07.04.2020,01:00,60.0,(11.140645059587433+0j)
19106,07.04.2020,02:00,50.0,(10.483748386047209+0j)
19107,07.04.2020,03:00,49.0,(10.41338553855059+0j)
19108,07.04.2020,04:00,57.0,(10.9517840818175+0j)
19109,07.04.2020,05:00,62.0,(11.263079534051261+0j)
19110,07.04.2020,06:00,61.0,(11.202196833891742+0j)
19111,07.04.2020,07:00,63.0,(11.323311051132062+0j)
19112,07.04.2020,08:00,67.0,(11.55805762209552+0j)
19113,07.04.2020,09:00,67.0,(11.55805762209552+0j)
19114,07.04.2020,10:00,69.0,(11.671937444523078+0j)
19115,07.04.2020,11:00,63.0,(11.323311051132062+0j)
19116,07.04.2020,12:00,69.0,(11.671937444523078+0j)
19117,07.04.2020,13:00,69.0,(11.671937444523078+0j)
19118,07.04.2020,14:00,69.0,(11.671937444523078+0j)
19119,07.04.2020,15:00,69.0,(11.671937444523078+0j)
19120,07.04.2020,16:00,66.0,(11.500266368369322+0j)
19121,07.04.2020,17:00,66.0,(11.500266368369322+0j)
19122,07.04.2020,18:00,66.0,(11.500266368369322+0j)
19123,07.04.2020,19:00,66.0,(11.500266368369322+0j)
19124,07.04.2020,20:00,69.0,(11.671937444523078+0j)
19125,07.04.2020,21:00,66.0,(11.500266368369322+0j)
19126,07.04.2020,22:00,60.0,(11.140645059587433+0j)
19127,07.04.2020,23:00,56.0,(10.887360331968232+0j)
19128,08.04.2020,00:00,66.0,(11.500266368369322+0j)
19129,08.04.2020,01:00,58.0,(11.015458675840927+0j)
19130,08.04.2020,02:00,65.0,(11.441888376335278+0j)
19131,08.04.2020,03:00,64.0,(11.382908522813985+0j)
19132,08.04.2020,04:00,65.0,(11.441888376335278+0j)
19133,08.04.2020,05:00,69.0,(11.671937444523078+0j)
19134,08.04.2020,06:00,69.0,(11.671937444523078+0j)
19135,08.04.2020,07:00,69.0,(11.671937444523078+0j)
19136,08.04.2020,08:00,69.0,(11.671937444523078+0j)
19137,08.04.2020,09:00,62.0,(11.263079534051261+0j)
19138,08.04.2020,10:00,69.0,(11.671937444523078+0j)
19139,08.04.2020,11:00,66.0,(11.500266368369322+0j)
19140,08.04.2020,12:00,68.0,(11.615276661700541+0j)
19141,08.04.2020,13:00,67.0,(11.55805762209552+0j)
19142,08.04.2020,14:00,69.0,(11.671937444523078+0j)
19143,08.04.2020,15:00,69.0,(11.671937444523078+0j)
19144,08.04.2020,16:00,68.0,(11.615276661700541+0j)
19145,08.04.2020,17:00,69.0,(11.671937444523078+0j)
19146,08.04.2020,18:00,68.0,(11.615276661700541+0j)
19147,08.04.2020,19:00,65.0,(11.441888376335278+0j)
19148,08.04.2020,20:00,65.0,(11.441888376335278+0j)
19149,08.04.2020,21:00,66.0,(11.500266368369322+0j)
19150,08.04.2020,22:00,58.0,(11.015458675840927+0j)
19151,08.04.2020,23:00,59.0,(11.078405520382008+0j)
19152,09.04.2020,00:00,59.0,(11.078405520382008+0j)
19153,09.04.2020,01:00,55.0,(10.822164994364314+0j)
19154,09.04.2020,02:00,53.0,(10.689364281461948+0j)
19155,09.04.2020,03:00,58.0,(11.015458675840927+0j)
19156,09.04.2020,04:00,59.0,(11.078405520382008+0j)
19157,09.04.2020,05:00,60.0,(11.140645059587433+0j)
19158,09.04.2020,06:00,56.0,(10.887360331968232+0j)
19159,09.04.2020,07:00,62.0,(11.263079534051261+0j)
19160,09.04.2020,08:00,61.0,(11.202196833891742+0j)
19161,09.04.2020,09:00,65.0,(11.441888376335278+0j)
19162,09.04.2020,10:00,64.0,(11.382908522813985+0j)
19163,09.04.2020,11:00,63.0,(11.323311051132062+0j)
19164,09.04.2020,12:00,66.0,(11.500266368369322+0j)
19165,09.04.2020,13:00,57.0,(10.9517840818175+0j)
19166,09.04.2020,14:00,67.0,(11.55805762209552+0j)
19167,09.04.2020,15:00,68.0,(11.615276661700541+0j)
19168,09.04.2020,16:00,67.0,(11.55805762209552+0j)
19169,09.04.2020,17:00,69.0,(11.671937444523078+0j)
19170,09.04.2020,18:00,69.0,(11.671937444523078+0j)
19171,09.04.2020,19:00,69.0,(11.671937444523078+0j)
19172,09.04.2020,20:00,61.0,(11.202196833891742+0j)
19173,09.04.2020,21:00,61.0,(11.202196833891742+0j)
19174,09.04.2020,22:00,62.0,(11.263079534051261+0j)
19175,09.04.2020,23:00,65.0,(11.441888376335278+0j)
19176,10.04.2020,00:00,60.0,(11.140645059587433+0j)
19177,10.04.2020,01:00,59.0,(11.078405520382008+0j)
19178,10.04.2020,02:00,59.0,(11.078405520382008+0j)
19179,10.04.2020,03:00,38.0,(9.567264627885733+0j)
19180,10.04.2020,04:00,34.0,(9.219051195842558+0j)
19181,10.04.2020,05:00,57.0,(10.9517840818175+0j)
19182,10.04.2020,06:00,61.0,(11.202196833891742+0j)
19183,10.04.2020,07:00,59.0,(11.078405520382008+0j)
19184,10.04.2020,08:00,58.0,(11.015458675840927+0j)
19185,10.04.2020,09:00,51.0,(10.5531792067093+0j)
19186,10.04.2020,10:00,62.0,(11.263079534051261+0j)
19187,10.04.2020,11:00,64.0,(11.382908522813985+0j)
19188,10.04.2020,12:00,64.0,(11.382908522813985+0j)
19189,10.04.2020,13:00,62.0,(11.263079534051261+0j)
19190,10.04.2020,14:00,59.0,(11.078405520382008+0j)
19191,10.04.2020,15:00,63.0,(11.323311051132062+0j)
19192,10.04.2020,16:00,65.0,(11.441888376335278+0j)
19193,10.04.2020,17:00,66.0,(11.500266368369322+0j)
19194,10.04.2020,18:00,64.0,(11.382908522813985+0j)
19195,10.04.2020,19:00,55.0,(10.822164994364314+0j)
19196,10.04.2020,20:00,64.0,(11.382908522813985+0j)
19197,10.04.2020,21:00,60.0,(11.140645059587433+0j)
19198,10.04.2020,22:00,58.0,(11.015458675840927+0j)
19199,10.04.2020,23:00,46.0,(10.19637653715948+0j)
19200,11.04.2020,00:00,37.0,(9.482594128751929+0j)
19201,11.04.2020,01:00,47.0,(10.269734286241032+0j)
19202,11.04.2020,02:00,47.0,(10.269734286241032+0j)
19203,11.04.2020,03:00,50.0,(10.483748386047209+0j)
19204,11.04.2020,04:00,36.0,(9.396383955788593+0j)
19205,11.04.2020,05:00,36.0,(9.396383955788593+0j)
19206,11.04.2020,06:00,34.0,(9.219051195842558+0j)
19207,11.04.2020,07:00,38.0,(9.567264627885733+0j)
19208,11.04.2020,08:00,39.0,(9.650462409337567+0j)
19209,11.04.2020,09:00,31.0,(8.939512150377235+0j)
19210,11.04.2020,10:00,20.0,(7.724491855603646+0j)
19211,11.04.2020,11:00,37.0,(9.482594128751929+0j)
19212,11.04.2020,12:00,52.0,(10.621708264608335+0j)
19213,11.04.2020,13:00,52.0,(10.621708264608335+0j)
19214,11.04.2020,14:00,43.0,(9.969714910096506+0j)
19215,11.04.2020,15:00,40.0,(9.732249888616542+0j)
19216,11.04.2020,16:00,30.0,(8.84233584359671+0j)
19217,11.04.2020,17:00,50.0,(10.483748386047209+0j)
19218,11.04.2020,18:00,49.0,(10.41338553855059+0j)
19219,11.04.2020,19:00,49.0,(10.41338553855059+0j)
19220,11.04.2020,20:00,54.0,(10.756174542690822+0j)
19221,11.04.2020,21:00,55.0,(10.822164994364314+0j)
19222,11.04.2020,22:00,25.0,(8.320956608290626+0j)
19223,11.04.2020,23:00,6.0,(5.171029370782441+0j)
19224,12.04.2020,00:00,29.0,(8.74297534497106+0j)
19225,12.04.2020,01:00,22.0,(7.9738393445443+0j)
19226,12.04.2020,02:00,24.0,(8.208497462938503+0j)
19227,12.04.2020,03:00,26.0,(8.430455436469295+0j)
19228,12.04.2020,04:00,23.0,(8.092869420675413+0j)
19229,12.04.2020,05:00,18.0,(7.457914888057963+0j)
19230,12.04.2020,06:00,23.0,(8.092869420675413+0j)
19231,12.04.2020,07:00,25.0,(8.320956608290626+0j)
19232,12.04.2020,08:00,33.0,(9.127767465531983+0j)
19233,12.04.2020,09:00,20.0,(7.724491855603646+0j)
19234,12.04.2020,10:00,14.0,(6.858607230018604+0j)
19235,12.04.2020,11:00,16.0,(7.170783028460548+0j)
19236,12.04.2020,12:00,36.0,(9.396383955788593+0j)
19237,12.04.2020,13:00,28.0,(8.641303622061608+0j)
19238,12.04.2020,14:00,41.0,(9.812685353516676+0j)
19239,12.04.2020,15:00,49.0,(10.41338553855059+0j)
19240,12.04.2020,16:00,56.0,(10.887360331968232+0j)
19241,12.04.2020,17:00,55.0,(10.822164994364314+0j)
19242,12.04.2020,18:00,47.0,(10.269734286241032+0j)
19243,12.04.2020,19:00,37.0,(9.482594128751929+0j)
19244,12.04.2020,20:00,43.0,(9.969714910096506+0j)
19245,12.04.2020,21:00,45.0,(10.121947777604984+0j)
19246,12.04.2020,22:00,33.0,(9.127767465531983+0j)
19247,12.04.2020,23:00,12.0,(6.515088753873438+0j)
19248,13.04.2020,00:00,34.0,(9.219051195842558+0j)
19249,13.04.2020,01:00,28.0,(8.641303622061608+0j)
19250,13.04.2020,02:00,29.0,(8.74297534497106+0j)
19251,13.04.2020,03:00,26.0,(8.430455436469295+0j)
19252,13.04.2020,04:00,36.0,(9.396383955788593+0j)
19253,13.04.2020,05:00,33.0,(9.127767465531983+0j)
19254,13.04.2020,06:00,31.0,(8.939512150377235+0j)
19255,13.04.2020,07:00,27.0,(8.537181392110488+0j)
19256,13.04.2020,08:00,18.0,(7.457914888057963+0j)
19257,13.04.2020,09:00,6.0,(5.171029370782441+0j)
19258,13.04.2020,10:00,4.0,(4.517310240893176+0j)
19259,13.04.2020,11:00,4.0,(4.517310240893176+0j)
19260,13.04.2020,12:00,2.0,(3.585391514230274+0j)
19261,13.04.2020,13:00,3.0,(4.1042487314692515+0j)
19262,13.04.2020,14:00,2.0,(3.585391514230274+0j)
19263,13.04.2020,15:00,9.0,(5.919350969396254+0j)
19264,13.04.2020,16:00,10.0,(6.130933248752508+0j)
19265,13.04.2020,17:00,9.0,(5.919350969396254+0j)
19266,13.04.2020,18:00,6.0,(5.171029370782441+0j)
19267,13.04.2020,19:00,5.0,(4.866124944308272+0j)
19268,13.04.2020,20:00,2.0,(3.585391514230274+0j)
19269,13.04.2020,21:00,2.0,(3.585391514230274+0j)
19270,13.04.2020,22:00,5.0,(4.866124944308272+0j)
19271,13.04.2020,23:00,3.0,(4.1042487314692515+0j)
19272,14.04.2020,00:00,5.0,(4.866124944308272+0j)
19273,14.04.2020,01:00,5.0,(4.866124944308272+0j)
19274,14.04.2020,02:00,5.0,(4.866124944308272+0j)
19275,14.04.2020,03:00,11.0,(6.32884048187752+0j)
19276,14.04.2020,04:00,7.0,(5.443680165984116+0j)
19277,14.04.2020,05:00,10.0,(6.130933248752508+0j)
19278,14.04.2020,06:00,5.0,(4.866124944308272+0j)
19279,14.04.2020,07:00,4.0,(4.517310240893176+0j)
19280,14.04.2020,08:00,2.0,(3.585391514230274+0j)
19281,14.04.2020,09:00,5.0,(4.866124944308272+0j)
19282,14.04.2020,10:00,4.0,(4.517310240893176+0j)
19283,14.04.2020,11:00,5.0,(4.866124944308272+0j)
19284,14.04.2020,12:00,12.0,(6.515088753873438+0j)
19285,14.04.2020,13:00,29.0,(8.74297534497106+0j)
19286,14.04.2020,14:00,38.0,(9.567264627885733+0j)
19287,14.04.2020,15:00,48.0,(10.34205874156488+0j)
19288,14.04.2020,16:00,56.0,(10.887360331968232+0j)
19289,14.04.2020,17:00,43.0,(9.969714910096506+0j)
19290,14.04.2020,18:00,38.0,(9.567264627885733+0j)
19291,14.04.2020,19:00,30.0,(8.84233584359671+0j)
19292,14.04.2020,20:00,24.0,(8.208497462938503+0j)
19293,14.04.2020,21:00,33.0,(9.127767465531983+0j)
19294,14.04.2020,22:00,37.0,(9.482594128751929+0j)
19295,14.04.2020,23:00,39.0,(9.650462409337567+0j)
19296,15.04.2020,00:00,32.0,(9.034620481786352+0j)
19297,15.04.2020,01:00,33.0,(9.127767465531983+0j)
19298,15.04.2020,02:00,50.0,(10.483748386047209+0j)
19299,15.04.2020,03:00,19.0,(7.593542967381978+0j)
19300,15.04.2020,04:00,38.0,(9.567264627885733+0j)
19301,15.04.2020,05:00,18.0,(7.457914888057963+0j)
19302,15.04.2020,06:00,19.0,(7.593542967381978+0j)
19303,15.04.2020,07:00,24.0,(8.208497462938503+0j)
19304,15.04.2020,08:00,20.0,(7.724491855603646+0j)
19305,15.04.2020,09:00,9.0,(5.919350969396254+0j)
19306,15.04.2020,10:00,5.0,(4.866124944308272+0j)
19307,15.04.2020,11:00,0.0,0j
19308,15.04.2020,12:00,5.0,(4.866124944308272+0j)
19309,15.04.2020,13:00,33.0,(9.127767465531983+0j)
19310,15.04.2020,14:00,43.0,(9.969714910096506+0j)
19311,15.04.2020,15:00,47.0,(10.269734286241032+0j)
19312,15.04.2020,16:00,59.0,(11.078405520382008+0j)
19313,15.04.2020,17:00,54.0,(10.756174542690822+0j)
19314,15.04.2020,18:00,56.0,(10.887360331968232+0j)
19315,15.04.2020,19:00,63.0,(11.323311051132062+0j)
19316,15.04.2020,20:00,62.0,(11.263079534051261+0j)
19317,15.04.2020,21:00,56.0,(10.887360331968232+0j)
19318,15.04.2020,22:00,57.0,(10.9517840818175+0j)
19319,15.04.2020,23:00,61.0,(11.202196833891742+0j)
19320,16.04.2020,00:00,65.0,(11.441888376335278+0j)
19321,16.04.2020,01:00,65.0,(11.441888376335278+0j)
19322,16.04.2020,02:00,68.0,(11.615276661700541+0j)
19323,16.04.2020,03:00,69.0,(11.671937444523078+0j)
19324,16.04.2020,04:00,68.0,(11.615276661700541+0j)
19325,16.04.2020,05:00,68.0,(11.615276661700541+0j)
19326,16.04.2020,06:00,67.0,(11.55805762209552+0j)
19327,16.04.2020,07:00,62.0,(11.263079534051261+0j)
19328,16.04.2020,08:00,66.0,(11.500266368369322+0j)
19329,16.04.2020,09:00,63.0,(11.323311051132062+0j)
19330,16.04.2020,10:00,65.0,(11.441888376335278+0j)
19331,16.04.2020,11:00,66.0,(11.500266368369322+0j)
19332,16.04.2020,12:00,68.0,(11.615276661700541+0j)
19333,16.04.2020,13:00,69.0,(11.671937444523078+0j)
19334,16.04.2020,14:00,69.0,(11.671937444523078+0j)
19335,16.04.2020,15:00,67.0,(11.55805762209552+0j)
19336,16.04.2020,16:00,60.0,(11.140645059587433+0j)
19337,16.04.2020,17:00,53.0,(10.689364281461948+0j)
19338,16.04.2020,18:00,42.0,(9.891823330401618+0j)
19339,16.04.2020,19:00,29.0,(8.74297534497106+0j)
19340,16.04.2020,20:00,36.0,(9.396383955788593+0j)
19341,16.04.2020,21:00,38.0,(9.567264627885733+0j)
19342,16.04.2020,22:00,36.0,(9.396383955788593+0j)
19343,16.04.2020,23:00,35.0,(9.308562145233848+0j)
19344,17.04.2020,00:00,18.0,(7.457914888057963+0j)
19345,17.04.2020,01:00,11.0,(6.32884048187752+0j)
19346,17.04.2020,02:00,8.0,(5.691454261406992+0j)
19347,17.04.2020,03:00,2.0,(3.585391514230274+0j)
19348,17.04.2020,04:00,3.0,(4.1042487314692515+0j)
19349,17.04.2020,05:00,3.0,(4.1042487314692515+0j)
19350,17.04.2020,06:00,1.0,(2.845727130703496+0j)
19351,17.04.2020,07:00,0.0,0j
19352,17.04.2020,08:00,0.0,0j
19353,17.04.2020,09:00,0.0,0j
19354,17.04.2020,10:00,0.0,0j
19355,17.04.2020,11:00,0.0,0j
19356,17.04.2020,12:00,0.0,0j
19357,17.04.2020,13:00,0.0,0j
19358,17.04.2020,14:00,2.0,(3.585391514230274+0j)
19359,17.04.2020,15:00,4.0,(4.517310240893176+0j)
19360,17.04.2020,16:00,3.0,(4.1042487314692515+0j)
19361,17.04.2020,17:00,4.0,(4.517310240893176+0j)
19362,17.04.2020,18:00,7.0,(5.443680165984116+0j)
19363,17.04.2020,19:00,5.0,(4.866124944308272+0j)
19364,17.04.2020,20:00,4.0,(4.517310240893176+0j)
19365,17.04.2020,21:00,2.0,(3.585391514230274+0j)
19366,17.04.2020,22:00,0.0,0j
19367,17.04.2020,23:00,19.0,(7.593542967381978+0j)
19368,18.04.2020,00:00,0.0,0j
19369,18.04.2020,01:00,0.0,0j
19370,18.04.2020,02:00,0.0,0j
19371,18.04.2020,03:00,0.0,0j
19372,18.04.2020,04:00,0.0,0j
19373,18.04.2020,05:00,0.0,0j
19374,18.04.2020,06:00,0.0,0j
19375,18.04.2020,07:00,0.0,0j
19376,18.04.2020,08:00,0.0,0j
19377,18.04.2020,09:00,0.0,0j
19378,18.04.2020,10:00,0.0,0j
19379,18.04.2020,11:00,0.0,0j
19380,18.04.2020,12:00,0.0,0j
19381,18.04.2020,13:00,0.0,0j
19382,18.04.2020,14:00,2.0,(3.585391514230274+0j)
19383,18.04.2020,15:00,5.0,(4.866124944308272+0j)
19384,18.04.2020,16:00,8.0,(5.691454261406992+0j)
19385,18.04.2020,17:00,8.0,(5.691454261406992+0j)
19386,18.04.2020,18:00,7.0,(5.443680165984116+0j)
19387,18.04.2020,19:00,3.0,(4.1042487314692515+0j)
19388,18.04.2020,20:00,3.0,(4.1042487314692515+0j)
19389,18.04.2020,21:00,2.0,(3.585391514230274+0j)
19390,18.04.2020,22:00,1.0,(2.845727130703496+0j)
19391,18.04.2020,23:00,1.0,(2.845727130703496+0j)
19392,19.04.2020,00:00,2.0,(3.585391514230274+0j)
19393,19.04.2020,01:00,0.0,0j
19394,19.04.2020,02:00,0.0,0j
19395,19.04.2020,03:00,0.0,0j
19396,19.04.2020,04:00,0.0,0j
19397,19.04.2020,05:00,0.0,0j
19398,19.04.2020,06:00,0.0,0j
19399,19.04.2020,07:00,0.0,0j
19400,19.04.2020,08:00,0.0,0j
19401,19.04.2020,09:00,0.0,0j
19402,19.04.2020,10:00,0.0,0j
19403,19.04.2020,11:00,0.0,0j
19404,19.04.2020,12:00,0.0,0j
19405,19.04.2020,13:00,0.0,0j
19406,19.04.2020,14:00,0.0,0j
19407,19.04.2020,15:00,4.0,(4.517310240893176+0j)
19408,19.04.2020,16:00,5.0,(4.866124944308272+0j)
19409,19.04.2020,17:00,4.0,(4.517310240893176+0j)
19410,19.04.2020,18:00,5.0,(4.866124944308272+0j)
19411,19.04.2020,19:00,3.0,(4.1042487314692515+0j)
19412,19.04.2020,20:00,0.0,0j
19413,19.04.2020,21:00,2.0,(3.585391514230274+0j)
19414,19.04.2020,22:00,2.0,(3.585391514230274+0j)
19415,19.04.2020,23:00,2.0,(3.585391514230274+0j)
19416,20.04.2020,00:00,5.0,(4.866124944308272+0j)
19417,20.04.2020,01:00,3.0,(4.1042487314692515+0j)
19418,20.04.2020,02:00,5.0,(4.866124944308272+0j)
19419,20.04.2020,03:00,3.0,(4.1042487314692515+0j)
19420,20.04.2020,04:00,0.0,0j
19421,20.04.2020,05:00,0.0,0j
19422,20.04.2020,06:00,0.0,0j
19423,20.04.2020,07:00,2.0,(3.585391514230274+0j)
19424,20.04.2020,08:00,1.0,(2.845727130703496+0j)
19425,20.04.2020,09:00,0.0,0j
19426,20.04.2020,10:00,0.0,0j
19427,20.04.2020,11:00,0.0,0j
19428,20.04.2020,12:00,0.0,0j
19429,20.04.2020,13:00,0.0,0j
19430,20.04.2020,14:00,1.0,(2.845727130703496+0j)
19431,20.04.2020,15:00,4.0,(4.517310240893176+0j)
19432,20.04.2020,16:00,4.0,(4.517310240893176+0j)
19433,20.04.2020,17:00,3.0,(4.1042487314692515+0j)
19434,20.04.2020,18:00,2.0,(3.585391514230274+0j)
19435,20.04.2020,19:00,11.0,(6.32884048187752+0j)
19436,20.04.2020,20:00,19.0,(7.593542967381978+0j)
19437,20.04.2020,21:00,18.0,(7.457914888057963+0j)
19438,20.04.2020,22:00,19.0,(7.593542967381978+0j)
19439,20.04.2020,23:00,24.0,(8.208497462938503+0j)
19440,21.04.2020,00:00,31.0,(8.939512150377235+0j)
19441,21.04.2020,01:00,20.0,(7.724491855603646+0j)
19442,21.04.2020,02:00,23.0,(8.092869420675413+0j)
19443,21.04.2020,03:00,35.0,(9.308562145233848+0j)
19444,21.04.2020,04:00,21.0,(7.851145380281553+0j)
19445,21.04.2020,05:00,24.0,(8.208497462938503+0j)
19446,21.04.2020,06:00,22.0,(7.9738393445443+0j)
19447,21.04.2020,07:00,17.0,(7.317165783214581+0j)
19448,21.04.2020,08:00,41.0,(9.812685353516676+0j)
19449,21.04.2020,09:00,36.0,(9.396383955788593+0j)
19450,21.04.2020,10:00,31.0,(8.939512150377235+0j)
19451,21.04.2020,11:00,24.0,(8.208497462938503+0j)
19452,21.04.2020,12:00,34.0,(9.219051195842558+0j)
19453,21.04.2020,13:00,37.0,(9.482594128751929+0j)
19454,21.04.2020,14:00,45.0,(10.121947777604984+0j)
19455,21.04.2020,15:00,45.0,(10.121947777604984+0j)
19456,21.04.2020,16:00,38.0,(9.567264627885733+0j)
19457,21.04.2020,17:00,47.0,(10.269734286241032+0j)
19458,21.04.2020,18:00,40.0,(9.732249888616542+0j)
19459,21.04.2020,19:00,51.0,(10.5531792067093+0j)
19460,21.04.2020,20:00,60.0,(11.140645059587433+0j)
19461,21.04.2020,21:00,60.0,(11.140645059587433+0j)
19462,21.04.2020,22:00,57.0,(10.9517840818175+0j)
19463,21.04.2020,23:00,57.0,(10.9517840818175+0j)
19464,22.04.2020,00:00,58.0,(11.015458675840927+0j)
19465,22.04.2020,01:00,57.0,(10.9517840818175+0j)
19466,22.04.2020,02:00,56.0,(10.887360331968232+0j)
19467,22.04.2020,03:00,56.0,(10.887360331968232+0j)
19468,22.04.2020,04:00,58.0,(11.015458675840927+0j)
19469,22.04.2020,05:00,64.0,(11.382908522813985+0j)
19470,22.04.2020,06:00,64.0,(11.382908522813985+0j)
19471,22.04.2020,07:00,63.0,(11.323311051132062+0j)
19472,22.04.2020,08:00,65.0,(11.441888376335278+0j)
19473,22.04.2020,09:00,68.0,(11.615276661700541+0j)
19474,22.04.2020,10:00,68.0,(11.615276661700541+0j)
19475,22.04.2020,11:00,66.0,(11.500266368369322+0j)
19476,22.04.2020,12:00,67.0,(11.55805762209552+0j)
19477,22.04.2020,13:00,69.0,(11.671937444523078+0j)
19478,22.04.2020,14:00,69.0,(11.671937444523078+0j)
19479,22.04.2020,15:00,69.0,(11.671937444523078+0j)
19480,22.04.2020,16:00,69.0,(11.671937444523078+0j)
19481,22.04.2020,17:00,69.0,(11.671937444523078+0j)
19482,22.04.2020,18:00,69.0,(11.671937444523078+0j)
19483,22.04.2020,19:00,69.0,(11.671937444523078+0j)
19484,22.04.2020,20:00,67.0,(11.55805762209552+0j)
19485,22.04.2020,21:00,68.0,(11.615276661700541+0j)
19486,22.04.2020,22:00,68.0,(11.615276661700541+0j)
19487,22.04.2020,23:00,68.0,(11.615276661700541+0j)
19488,23.04.2020,00:00,68.0,(11.615276661700541+0j)
19489,23.04.2020,01:00,66.0,(11.500266368369322+0j)
19490,23.04.2020,02:00,66.0,(11.500266368369322+0j)
19491,23.04.2020,03:00,68.0,(11.615276661700541+0j)
19492,23.04.2020,04:00,60.0,(11.140645059587433+0j)
19493,23.04.2020,05:00,69.0,(11.671937444523078+0j)
19494,23.04.2020,06:00,67.0,(11.55805762209552+0j)
19495,23.04.2020,07:00,69.0,(11.671937444523078+0j)
19496,23.04.2020,08:00,69.0,(11.671937444523078+0j)
19497,23.04.2020,09:00,67.0,(11.55805762209552+0j)
19498,23.04.2020,10:00,69.0,(11.671937444523078+0j)
19499,23.04.2020,11:00,58.0,(11.015458675840927+0j)
19500,23.04.2020,12:00,52.0,(10.621708264608335+0j)
19501,23.04.2020,13:00,38.0,(9.567264627885733+0j)
19502,23.04.2020,14:00,36.0,(9.396383955788593+0j)
19503,23.04.2020,15:00,62.0,(11.263079534051261+0j)
19504,23.04.2020,16:00,64.0,(11.382908522813985+0j)
19505,23.04.2020,17:00,62.0,(11.263079534051261+0j)
19506,23.04.2020,18:00,59.0,(11.078405520382008+0j)
19507,23.04.2020,19:00,59.0,(11.078405520382008+0j)
19508,23.04.2020,20:00,55.0,(10.822164994364314+0j)
19509,23.04.2020,21:00,55.0,(10.822164994364314+0j)
19510,23.04.2020,22:00,50.0,(10.483748386047209+0j)
19511,23.04.2020,23:00,57.0,(10.9517840818175+0j)
19512,24.04.2020,00:00,36.0,(9.396383955788593+0j)
19513,24.04.2020,01:00,35.0,(9.308562145233848+0j)
19514,24.04.2020,02:00,43.0,(9.969714910096506+0j)
19515,24.04.2020,03:00,47.0,(10.269734286241032+0j)
19516,24.04.2020,04:00,40.0,(9.732249888616542+0j)
19517,24.04.2020,05:00,39.0,(9.650462409337567+0j)
19518,24.04.2020,06:00,33.0,(9.127767465531983+0j)
19519,24.04.2020,07:00,23.0,(8.092869420675413+0j)
19520,24.04.2020,08:00,19.0,(7.593542967381978+0j)
19521,24.04.2020,09:00,22.0,(7.9738393445443+0j)
19522,24.04.2020,10:00,12.0,(6.515088753873438+0j)
19523,24.04.2020,11:00,10.0,(6.130933248752508+0j)
19524,24.04.2020,12:00,10.0,(6.130933248752508+0j)
19525,24.04.2020,13:00,11.0,(6.32884048187752+0j)
19526,24.04.2020,14:00,19.0,(7.593542967381978+0j)
19527,24.04.2020,15:00,32.0,(9.034620481786352+0j)
19528,24.04.2020,16:00,32.0,(9.034620481786352+0j)
19529,24.04.2020,17:00,36.0,(9.396383955788593+0j)
19530,24.04.2020,18:00,42.0,(9.891823330401618+0j)
19531,24.04.2020,19:00,41.0,(9.812685353516676+0j)
19532,24.04.2020,20:00,37.0,(9.482594128751929+0j)
19533,24.04.2020,21:00,41.0,(9.812685353516676+0j)
19534,24.04.2020,22:00,33.0,(9.127767465531983+0j)
19535,24.04.2020,23:00,29.0,(8.74297534497106+0j)
19536,25.04.2020,00:00,27.0,(8.537181392110488+0j)
19537,25.04.2020,01:00,20.0,(7.724491855603646+0j)
19538,25.04.2020,02:00,12.0,(6.515088753873438+0j)
19539,25.04.2020,03:00,8.0,(5.691454261406992+0j)
19540,25.04.2020,04:00,12.0,(6.515088753873438+0j)
19541,25.04.2020,05:00,11.0,(6.32884048187752+0j)
19542,25.04.2020,06:00,7.0,(5.443680165984116+0j)
19543,25.04.2020,07:00,9.0,(5.919350969396254+0j)
19544,25.04.2020,08:00,2.0,(3.585391514230274+0j)
19545,25.04.2020,09:00,0.0,0j
19546,25.04.2020,10:00,0.0,0j
19547,25.04.2020,11:00,0.0,0j
19548,25.04.2020,12:00,0.0,0j
19549,25.04.2020,13:00,0.0,0j
19550,25.04.2020,14:00,4.0,(4.517310240893176+0j)
19551,25.04.2020,15:00,4.0,(4.517310240893176+0j)
19552,25.04.2020,16:00,9.0,(5.919350969396254+0j)
19553,25.04.2020,17:00,13.0,(6.691256914211192+0j)
19554,25.04.2020,18:00,15.0,(7.018166609990766+0j)
19555,25.04.2020,19:00,19.0,(7.593542967381978+0j)
19556,25.04.2020,20:00,18.0,(7.457914888057963+0j)
19557,25.04.2020,21:00,11.0,(6.32884048187752+0j)
19558,25.04.2020,22:00,4.0,(4.517310240893176+0j)
19559,25.04.2020,23:00,0.0,0j
19560,26.04.2020,00:00,3.0,(4.1042487314692515+0j)
19561,26.04.2020,01:00,0.0,0j
19562,26.04.2020,02:00,5.0,(4.866124944308272+0j)
19563,26.04.2020,03:00,6.0,(5.171029370782441+0j)
19564,26.04.2020,04:00,8.0,(5.691454261406992+0j)
19565,26.04.2020,05:00,7.0,(5.443680165984116+0j)
19566,26.04.2020,06:00,2.0,(3.585391514230274+0j)
19567,26.04.2020,07:00,2.0,(3.585391514230274+0j)
19568,26.04.2020,08:00,1.0,(2.845727130703496+0j)
19569,26.04.2020,09:00,3.0,(4.1042487314692515+0j)
19570,26.04.2020,10:00,1.0,(2.845727130703496+0j)
19571,26.04.2020,11:00,0.0,0j
19572,26.04.2020,12:00,1.0,(2.845727130703496+0j)
19573,26.04.2020,13:00,0.0,0j
19574,26.04.2020,14:00,19.0,(7.593542967381978+0j)
19575,26.04.2020,15:00,22.0,(7.9738393445443+0j)
19576,26.04.2020,16:00,20.0,(7.724491855603646+0j)
19577,26.04.2020,17:00,25.0,(8.320956608290626+0j)
19578,26.04.2020,18:00,10.0,(6.130933248752508+0j)
19579,26.04.2020,19:00,7.0,(5.443680165984116+0j)
19580,26.04.2020,20:00,6.0,(5.171029370782441+0j)
19581,26.04.2020,21:00,12.0,(6.515088753873438+0j)
19582,26.04.2020,22:00,6.0,(5.171029370782441+0j)
19583,26.04.2020,23:00,4.0,(4.517310240893176+0j)
19584,27.04.2020,00:00,2.0,(3.585391514230274+0j)
19585,27.04.2020,01:00,0.0,0j
19586,27.04.2020,02:00,0.0,0j
19587,27.04.2020,03:00,0.0,0j
19588,27.04.2020,04:00,2.0,(3.585391514230274+0j)
19589,27.04.2020,05:00,4.0,(4.517310240893176+0j)
19590,27.04.2020,06:00,0.0,0j
19591,27.04.2020,07:00,0.0,0j
19592,27.04.2020,08:00,0.0,0j
19593,27.04.2020,09:00,0.0,0j
19594,27.04.2020,10:00,0.0,0j
19595,27.04.2020,11:00,0.0,0j
19596,27.04.2020,12:00,0.0,0j
19597,27.04.2020,13:00,0.0,0j
19598,27.04.2020,14:00,7.0,(5.443680165984116+0j)
19599,27.04.2020,15:00,8.0,(5.691454261406992+0j)
19600,27.04.2020,16:00,10.0,(6.130933248752508+0j)
19601,27.04.2020,17:00,10.0,(6.130933248752508+0j)
19602,27.04.2020,18:00,11.0,(6.32884048187752+0j)
19603,27.04.2020,19:00,8.0,(5.691454261406992+0j)
19604,27.04.2020,20:00,9.0,(5.919350969396254+0j)
19605,27.04.2020,21:00,5.0,(4.866124944308272+0j)
19606,27.04.2020,22:00,3.0,(4.1042487314692515+0j)
19607,27.04.2020,23:00,10.0,(6.130933248752508+0j)
19608,28.04.2020,00:00,15.0,(7.018166609990766+0j)
19609,28.04.2020,01:00,13.0,(6.691256914211192+0j)
19610,28.04.2020,02:00,10.0,(6.130933248752508+0j)
19611,28.04.2020,03:00,15.0,(7.018166609990766+0j)
19612,28.04.2020,04:00,13.0,(6.691256914211192+0j)
19613,28.04.2020,05:00,7.0,(5.443680165984116+0j)
19614,28.04.2020,06:00,5.0,(4.866124944308272+0j)
19615,28.04.2020,07:00,3.0,(4.1042487314692515+0j)
19616,28.04.2020,08:00,0.0,0j
19617,28.04.2020,09:00,0.0,0j
19618,28.04.2020,10:00,0.0,0j
19619,28.04.2020,11:00,1.0,(2.845727130703496+0j)
19620,28.04.2020,12:00,1.0,(2.845727130703496+0j)
19621,28.04.2020,13:00,0.0,0j
19622,28.04.2020,14:00,6.0,(5.171029370782441+0j)
19623,28.04.2020,15:00,13.0,(6.691256914211192+0j)
19624,28.04.2020,16:00,13.0,(6.691256914211192+0j)
19625,28.04.2020,17:00,8.0,(5.691454261406992+0j)
19626,28.04.2020,18:00,6.0,(5.171029370782441+0j)
19627,28.04.2020,19:00,5.0,(4.866124944308272+0j)
19628,28.04.2020,20:00,2.0,(3.585391514230274+0j)
19629,28.04.2020,21:00,2.0,(3.585391514230274+0j)
19630,28.04.2020,22:00,0.0,0j
19631,28.04.2020,23:00,18.0,(7.457914888057963+0j)
19632,29.04.2020,00:00,0.0,0j
19633,29.04.2020,01:00,0.0,0j
19634,29.04.2020,02:00,0.0,0j
19635,29.04.2020,03:00,0.0,0j
19636,29.04.2020,04:00,0.0,0j
19637,29.04.2020,05:00,0.0,0j
19638,29.04.2020,06:00,0.0,0j
19639,29.04.2020,07:00,0.0,0j
19640,29.04.2020,08:00,0.0,0j
19641,29.04.2020,09:00,0.0,0j
19642,29.04.2020,10:00,0.0,0j
19643,29.04.2020,11:00,0.0,0j
19644,29.04.2020,12:00,1.0,(2.845727130703496+0j)
19645,29.04.2020,13:00,3.0,(4.1042487314692515+0j)
19646,29.04.2020,14:00,6.0,(5.171029370782441+0j)
19647,29.04.2020,15:00,6.0,(5.171029370782441+0j)
19648,29.04.2020,16:00,7.0,(5.443680165984116+0j)
19649,29.04.2020,17:00,13.0,(6.691256914211192+0j)
19650,29.04.2020,18:00,17.0,(7.317165783214581+0j)
19651,29.04.2020,19:00,17.0,(7.317165783214581+0j)
19652,29.04.2020,20:00,10.0,(6.130933248752508+0j)
19653,29.04.2020,21:00,14.0,(6.858607230018604+0j)
19654,29.04.2020,22:00,20.0,(7.724491855603646+0j)
19655,29.04.2020,23:00,18.0,(7.457914888057963+0j)
19656,30.04.2020,00:00,18.0,(7.457914888057963+0j)
19657,30.04.2020,01:00,10.0,(6.130933248752508+0j)
19658,30.04.2020,02:00,6.0,(5.171029370782441+0j)
19659,30.04.2020,03:00,5.0,(4.866124944308272+0j)
19660,30.04.2020,04:00,6.0,(5.171029370782441+0j)
19661,30.04.2020,05:00,2.0,(3.585391514230274+0j)
19662,30.04.2020,06:00,0.0,0j
19663,30.04.2020,07:00,0.0,0j
19664,30.04.2020,08:00,0.0,0j
19665,30.04.2020,09:00,9.0,(5.919350969396254+0j)
19666,30.04.2020,10:00,9.0,(5.919350969396254+0j)
19667,30.04.2020,11:00,7.0,(5.443680165984116+0j)
19668,30.04.2020,12:00,9.0,(5.919350969396254+0j)
19669,30.04.2020,13:00,7.0,(5.443680165984116+0j)
19670,30.04.2020,14:00,19.0,(7.593542967381978+0j)
19671,30.04.2020,15:00,33.0,(9.127767465531983+0j)
19672,30.04.2020,16:00,16.0,(7.170783028460548+0j)
19673,30.04.2020,17:00,10.0,(6.130933248752508+0j)
19674,30.04.2020,18:00,1.0,(2.845727130703496+0j)
19675,30.04.2020,19:00,0.0,0j
19676,30.04.2020,20:00,0.0,0j
19677,30.04.2020,21:00,6.0,(5.171029370782441+0j)
19678,30.04.2020,22:00,7.0,(5.443680165984116+0j)
19679,30.04.2020,23:00,2.0,(3.585391514230274+0j)
19680,01.05.2020,00:00,0.0,0j
19681,01.05.2020,01:00,2.0,(3.585391514230274+0j)
19682,01.05.2020,02:00,5.0,(4.866124944308272+0j)
19683,01.05.2020,03:00,2.0,(3.585391514230274+0j)
19684,01.05.2020,04:00,3.0,(4.1042487314692515+0j)
19685,01.05.2020,05:00,2.0,(3.585391514230274+0j)
19686,01.05.2020,06:00,0.0,0j
19687,01.05.2020,07:00,0.0,0j
19688,01.05.2020,08:00,0.0,0j
19689,01.05.2020,09:00,0.0,0j
19690,01.05.2020,10:00,0.0,0j
19691,01.05.2020,11:00,0.0,0j
19692,01.05.2020,12:00,0.0,0j
19693,01.05.2020,13:00,5.0,(4.866124944308272+0j)
19694,01.05.2020,14:00,8.0,(5.691454261406992+0j)
19695,01.05.2020,15:00,12.0,(6.515088753873438+0j)
19696,01.05.2020,16:00,16.0,(7.170783028460548+0j)
19697,01.05.2020,17:00,12.0,(6.515088753873438+0j)
19698,01.05.2020,18:00,12.0,(6.515088753873438+0j)
19699,01.05.2020,19:00,10.0,(6.130933248752508+0j)
19700,01.05.2020,20:00,5.0,(4.866124944308272+0j)
19701,01.05.2020,21:00,1.0,(2.845727130703496+0j)
19702,01.05.2020,22:00,2.0,(3.585391514230274+0j)
19703,01.05.2020,23:00,4.0,(4.517310240893176+0j)
19704,02.05.2020,00:00,7.0,(5.443680165984116+0j)
19705,02.05.2020,01:00,3.0,(4.1042487314692515+0j)
19706,02.05.2020,02:00,0.0,0j
19707,02.05.2020,03:00,2.0,(3.585391514230274+0j)
19708,02.05.2020,04:00,1.0,(2.845727130703496+0j)
19709,02.05.2020,05:00,1.0,(2.845727130703496+0j)
19710,02.05.2020,06:00,1.0,(2.845727130703496+0j)
19711,02.05.2020,07:00,0.0,0j
19712,02.05.2020,08:00,3.0,(4.1042487314692515+0j)
19713,02.05.2020,09:00,4.0,(4.517310240893176+0j)
19714,02.05.2020,10:00,2.0,(3.585391514230274+0j)
19715,02.05.2020,11:00,6.0,(5.171029370782441+0j)
19716,02.05.2020,12:00,7.0,(5.443680165984116+0j)
19717,02.05.2020,13:00,14.0,(6.858607230018604+0j)
19718,02.05.2020,14:00,29.0,(8.74297534497106+0j)
19719,02.05.2020,15:00,33.0,(9.127767465531983+0j)
19720,02.05.2020,16:00,30.0,(8.84233584359671+0j)
19721,02.05.2020,17:00,18.0,(7.457914888057963+0j)
19722,02.05.2020,18:00,15.0,(7.018166609990766+0j)
19723,02.05.2020,19:00,20.0,(7.724491855603646+0j)
19724,02.05.2020,20:00,11.0,(6.32884048187752+0j)
19725,02.05.2020,21:00,10.0,(6.130933248752508+0j)
19726,02.05.2020,22:00,7.0,(5.443680165984116+0j)
19727,02.05.2020,23:00,1.0,(2.845727130703496+0j)
19728,03.05.2020,00:00,0.0,0j
19729,03.05.2020,01:00,1.0,(2.845727130703496+0j)
19730,03.05.2020,02:00,3.0,(4.1042487314692515+0j)
19731,03.05.2020,03:00,14.0,(6.858607230018604+0j)
19732,03.05.2020,04:00,22.0,(7.9738393445443+0j)
19733,03.05.2020,05:00,29.0,(8.74297534497106+0j)
19734,03.05.2020,06:00,31.0,(8.939512150377235+0j)
19735,03.05.2020,07:00,36.0,(9.396383955788593+0j)
19736,03.05.2020,08:00,37.0,(9.482594128751929+0j)
19737,03.05.2020,09:00,31.0,(8.939512150377235+0j)
19738,03.05.2020,10:00,17.0,(7.317165783214581+0j)
19739,03.05.2020,11:00,21.0,(7.851145380281553+0j)
19740,03.05.2020,12:00,18.0,(7.457914888057963+0j)
19741,03.05.2020,13:00,34.0,(9.219051195842558+0j)
19742,03.05.2020,14:00,32.0,(9.034620481786352+0j)
19743,03.05.2020,15:00,39.0,(9.650462409337567+0j)
19744,03.05.2020,16:00,44.0,(10.0464080386713+0j)
19745,03.05.2020,17:00,39.0,(9.650462409337567+0j)
19746,03.05.2020,18:00,25.0,(8.320956608290626+0j)
19747,03.05.2020,19:00,19.0,(7.593542967381978+0j)
19748,03.05.2020,20:00,10.0,(6.130933248752508+0j)
19749,03.05.2020,21:00,8.0,(5.691454261406992+0j)
19750,03.05.2020,22:00,10.0,(6.130933248752508+0j)
19751,03.05.2020,23:00,11.0,(6.32884048187752+0j)
19752,04.05.2020,00:00,17.0,(7.317165783214581+0j)
19753,04.05.2020,01:00,10.0,(6.130933248752508+0j)
19754,04.05.2020,02:00,12.0,(6.515088753873438+0j)
19755,04.05.2020,03:00,7.0,(5.443680165984116+0j)
19756,04.05.2020,04:00,4.0,(4.517310240893176+0j)
19757,04.05.2020,05:00,0.0,0j
19758,04.05.2020,06:00,1.0,(2.845727130703496+0j)
19759,04.05.2020,07:00,0.0,0j
19760,04.05.2020,08:00,0.0,0j
19761,04.05.2020,09:00,0.0,0j
19762,04.05.2020,10:00,0.0,0j
19763,04.05.2020,11:00,0.0,0j
19764,04.05.2020,12:00,0.0,0j
19765,04.05.2020,13:00,4.0,(4.517310240893176+0j)
19766,04.05.2020,14:00,3.0,(4.1042487314692515+0j)
19767,04.05.2020,15:00,0.0,0j
19768,04.05.2020,16:00,3.0,(4.1042487314692515+0j)
19769,04.05.2020,17:00,8.0,(5.691454261406992+0j)
19770,04.05.2020,18:00,12.0,(6.515088753873438+0j)
19771,04.05.2020,19:00,16.0,(7.170783028460548+0j)
19772,04.05.2020,20:00,18.0,(7.457914888057963+0j)
19773,04.05.2020,21:00,15.0,(7.018166609990766+0j)
19774,04.05.2020,22:00,17.0,(7.317165783214581+0j)
19775,04.05.2020,23:00,28.0,(8.641303622061608+0j)
19776,05.05.2020,00:00,27.0,(8.537181392110488+0j)
19777,05.05.2020,01:00,24.0,(8.208497462938503+0j)
19778,05.05.2020,02:00,29.0,(8.74297534497106+0j)
19779,05.05.2020,03:00,33.0,(9.127767465531983+0j)
19780,05.05.2020,04:00,25.0,(8.320956608290626+0j)
19781,05.05.2020,05:00,28.0,(8.641303622061608+0j)
19782,05.05.2020,06:00,16.0,(7.170783028460548+0j)
19783,05.05.2020,07:00,18.0,(7.457914888057963+0j)
19784,05.05.2020,08:00,23.0,(8.092869420675413+0j)
19785,05.05.2020,09:00,19.0,(7.593542967381978+0j)
19786,05.05.2020,10:00,28.0,(8.641303622061608+0j)
19787,05.05.2020,11:00,23.0,(8.092869420675413+0j)
19788,05.05.2020,12:00,5.0,(4.866124944308272+0j)
19789,05.05.2020,13:00,7.0,(5.443680165984116+0j)
19790,05.05.2020,14:00,4.0,(4.517310240893176+0j)
19791,05.05.2020,15:00,4.0,(4.517310240893176+0j)
19792,05.05.2020,16:00,1.0,(2.845727130703496+0j)
19793,05.05.2020,17:00,1.0,(2.845727130703496+0j)
19794,05.05.2020,18:00,2.0,(3.585391514230274+0j)
19795,05.05.2020,19:00,5.0,(4.866124944308272+0j)
19796,05.05.2020,20:00,5.0,(4.866124944308272+0j)
19797,05.05.2020,21:00,3.0,(4.1042487314692515+0j)
19798,05.05.2020,22:00,1.0,(2.845727130703496+0j)
19799,05.05.2020,23:00,0.0,0j
19800,06.05.2020,00:00,0.0,0j
19801,06.05.2020,01:00,0.0,0j
19802,06.05.2020,02:00,0.0,0j
19803,06.05.2020,03:00,0.0,0j
19804,06.05.2020,04:00,0.0,0j
19805,06.05.2020,05:00,2.0,(3.585391514230274+0j)
19806,06.05.2020,06:00,2.0,(3.585391514230274+0j)
19807,06.05.2020,07:00,2.0,(3.585391514230274+0j)
19808,06.05.2020,08:00,0.0,0j
19809,06.05.2020,09:00,0.0,0j
19810,06.05.2020,10:00,1.0,(2.845727130703496+0j)
19811,06.05.2020,11:00,2.0,(3.585391514230274+0j)
19812,06.05.2020,12:00,5.0,(4.866124944308272+0j)
19813,06.05.2020,13:00,14.0,(6.858607230018604+0j)
19814,06.05.2020,14:00,14.0,(6.858607230018604+0j)
19815,06.05.2020,15:00,13.0,(6.691256914211192+0j)
19816,06.05.2020,16:00,15.0,(7.018166609990766+0j)
19817,06.05.2020,17:00,13.0,(6.691256914211192+0j)
19818,06.05.2020,18:00,11.0,(6.32884048187752+0j)
19819,06.05.2020,19:00,8.0,(5.691454261406992+0j)
19820,06.05.2020,20:00,12.0,(6.515088753873438+0j)
19821,06.05.2020,21:00,16.0,(7.170783028460548+0j)
19822,06.05.2020,22:00,11.0,(6.32884048187752+0j)
19823,06.05.2020,23:00,6.0,(5.171029370782441+0j)
19824,07.05.2020,00:00,1.0,(2.845727130703496+0j)
19825,07.05.2020,01:00,0.0,0j
19826,07.05.2020,02:00,2.0,(3.585391514230274+0j)
19827,07.05.2020,03:00,16.0,(7.170783028460548+0j)
19828,07.05.2020,04:00,23.0,(8.092869420675413+0j)
19829,07.05.2020,05:00,13.0,(6.691256914211192+0j)
19830,07.05.2020,06:00,1.0,(2.845727130703496+0j)
19831,07.05.2020,07:00,23.0,(8.092869420675413+0j)
19832,07.05.2020,08:00,21.0,(7.851145380281553+0j)
19833,07.05.2020,09:00,18.0,(7.457914888057963+0j)
19834,07.05.2020,10:00,22.0,(7.9738393445443+0j)
19835,07.05.2020,11:00,18.0,(7.457914888057963+0j)
19836,07.05.2020,12:00,14.0,(6.858607230018604+0j)
19837,07.05.2020,13:00,16.0,(7.170783028460548+0j)
19838,07.05.2020,14:00,22.0,(7.9738393445443+0j)
19839,07.05.2020,15:00,39.0,(9.650462409337567+0j)
19840,07.05.2020,16:00,31.0,(8.939512150377235+0j)
19841,07.05.2020,17:00,31.0,(8.939512150377235+0j)
19842,07.05.2020,18:00,46.0,(10.19637653715948+0j)
19843,07.05.2020,19:00,51.0,(10.5531792067093+0j)
19844,07.05.2020,20:00,54.0,(10.756174542690822+0j)
19845,07.05.2020,21:00,49.0,(10.41338553855059+0j)
19846,07.05.2020,22:00,50.0,(10.483748386047209+0j)
19847,07.05.2020,23:00,56.0,(10.887360331968232+0j)
19848,08.05.2020,00:00,55.0,(10.822164994364314+0j)
19849,08.05.2020,01:00,54.0,(10.756174542690822+0j)
19850,08.05.2020,02:00,58.0,(11.015458675840927+0j)
19851,08.05.2020,03:00,48.0,(10.34205874156488+0j)
19852,08.05.2020,04:00,50.0,(10.483748386047209+0j)
19853,08.05.2020,05:00,42.0,(9.891823330401618+0j)
19854,08.05.2020,06:00,51.0,(10.5531792067093+0j)
19855,08.05.2020,07:00,53.0,(10.689364281461948+0j)
19856,08.05.2020,08:00,53.0,(10.689364281461948+0j)
19857,08.05.2020,09:00,51.0,(10.5531792067093+0j)
19858,08.05.2020,10:00,50.0,(10.483748386047209+0j)
19859,08.05.2020,11:00,46.0,(10.19637653715948+0j)
19860,08.05.2020,12:00,35.0,(9.308562145233848+0j)
19861,08.05.2020,13:00,47.0,(10.269734286241032+0j)
19862,08.05.2020,14:00,34.0,(9.219051195842558+0j)
19863,08.05.2020,15:00,36.0,(9.396383955788593+0j)
19864,08.05.2020,16:00,58.0,(11.015458675840927+0j)
19865,08.05.2020,17:00,39.0,(9.650462409337567+0j)
19866,08.05.2020,18:00,46.0,(10.19637653715948+0j)
19867,08.05.2020,19:00,48.0,(10.34205874156488+0j)
19868,08.05.2020,20:00,50.0,(10.483748386047209+0j)
19869,08.05.2020,21:00,53.0,(10.689364281461948+0j)
19870,08.05.2020,22:00,44.0,(10.0464080386713+0j)
19871,08.05.2020,23:00,43.0,(9.969714910096506+0j)
19872,09.05.2020,00:00,35.0,(9.308562145233848+0j)
19873,09.05.2020,01:00,39.0,(9.650462409337567+0j)
19874,09.05.2020,02:00,30.0,(8.84233584359671+0j)
19875,09.05.2020,03:00,30.0,(8.84233584359671+0j)
19876,09.05.2020,04:00,31.0,(8.939512150377235+0j)
19877,09.05.2020,05:00,38.0,(9.567264627885733+0j)
19878,09.05.2020,06:00,28.0,(8.641303622061608+0j)
19879,09.05.2020,07:00,33.0,(9.127767465531983+0j)
19880,09.05.2020,08:00,50.0,(10.483748386047209+0j)
19881,09.05.2020,09:00,27.0,(8.537181392110488+0j)
19882,09.05.2020,10:00,28.0,(8.641303622061608+0j)
19883,09.05.2020,11:00,22.0,(7.9738393445443+0j)
19884,09.05.2020,12:00,17.0,(7.317165783214581+0j)
19885,09.05.2020,13:00,16.0,(7.170783028460548+0j)
19886,09.05.2020,14:00,10.0,(6.130933248752508+0j)
19887,09.05.2020,15:00,13.0,(6.691256914211192+0j)
19888,09.05.2020,16:00,9.0,(5.919350969396254+0j)
19889,09.05.2020,17:00,4.0,(4.517310240893176+0j)
19890,09.05.2020,18:00,5.0,(4.866124944308272+0j)
19891,09.05.2020,19:00,2.0,(3.585391514230274+0j)
19892,09.05.2020,20:00,3.0,(4.1042487314692515+0j)
19893,09.05.2020,21:00,13.0,(6.691256914211192+0j)
19894,09.05.2020,22:00,21.0,(7.851145380281553+0j)
19895,09.05.2020,23:00,11.0,(6.32884048187752+0j)
19896,10.05.2020,00:00,11.0,(6.32884048187752+0j)
19897,10.05.2020,01:00,11.0,(6.32884048187752+0j)
19898,10.05.2020,02:00,7.0,(5.443680165984116+0j)
19899,10.05.2020,03:00,6.0,(5.171029370782441+0j)
19900,10.05.2020,04:00,7.0,(5.443680165984116+0j)
19901,10.05.2020,05:00,7.0,(5.443680165984116+0j)
19902,10.05.2020,06:00,5.0,(4.866124944308272+0j)
19903,10.05.2020,07:00,7.0,(5.443680165984116+0j)
19904,10.05.2020,08:00,0.0,0j
19905,10.05.2020,09:00,0.0,0j
19906,10.05.2020,10:00,0.0,0j
19907,10.05.2020,11:00,0.0,0j
19908,10.05.2020,12:00,0.0,0j
19909,10.05.2020,13:00,0.0,0j
19910,10.05.2020,14:00,0.0,0j
19911,10.05.2020,15:00,3.0,(4.1042487314692515+0j)
19912,10.05.2020,16:00,3.0,(4.1042487314692515+0j)
19913,10.05.2020,17:00,4.0,(4.517310240893176+0j)
19914,10.05.2020,18:00,1.0,(2.845727130703496+0j)
19915,10.05.2020,19:00,3.0,(4.1042487314692515+0j)
19916,10.05.2020,20:00,0.0,0j
19917,10.05.2020,21:00,0.0,0j
19918,10.05.2020,22:00,0.0,0j
19919,10.05.2020,23:00,8.0,(5.691454261406992+0j)
19920,11.05.2020,00:00,0.0,0j
19921,11.05.2020,01:00,0.0,0j
19922,11.05.2020,02:00,1.0,(2.845727130703496+0j)
19923,11.05.2020,03:00,1.0,(2.845727130703496+0j)
19924,11.05.2020,04:00,1.0,(2.845727130703496+0j)
19925,11.05.2020,05:00,1.0,(2.845727130703496+0j)
19926,11.05.2020,06:00,1.0,(2.845727130703496+0j)
19927,11.05.2020,07:00,2.0,(3.585391514230274+0j)
19928,11.05.2020,08:00,1.0,(2.845727130703496+0j)
19929,11.05.2020,09:00,2.0,(3.585391514230274+0j)
19930,11.05.2020,10:00,4.0,(4.517310240893176+0j)
19931,11.05.2020,11:00,5.0,(4.866124944308272+0j)
19932,11.05.2020,12:00,6.0,(5.171029370782441+0j)
19933,11.05.2020,13:00,10.0,(6.130933248752508+0j)
19934,11.05.2020,14:00,23.0,(8.092869420675413+0j)
19935,11.05.2020,15:00,24.0,(8.208497462938503+0j)
19936,11.05.2020,16:00,23.0,(8.092869420675413+0j)
19937,11.05.2020,17:00,35.0,(9.308562145233848+0j)
19938,11.05.2020,18:00,27.0,(8.537181392110488+0j)
19939,11.05.2020,19:00,38.0,(9.567264627885733+0j)
19940,11.05.2020,20:00,33.0,(9.127767465531983+0j)
19941,11.05.2020,21:00,24.0,(8.208497462938503+0j)
19942,11.05.2020,22:00,33.0,(9.127767465531983+0j)
19943,11.05.2020,23:00,21.0,(7.851145380281553+0j)
19944,12.05.2020,00:00,28.0,(8.641303622061608+0j)
19945,12.05.2020,01:00,23.0,(8.092869420675413+0j)
19946,12.05.2020,02:00,41.0,(9.812685353516676+0j)
19947,12.05.2020,03:00,32.0,(9.034620481786352+0j)
19948,12.05.2020,04:00,25.0,(8.320956608290626+0j)
19949,12.05.2020,05:00,42.0,(9.891823330401618+0j)
19950,12.05.2020,06:00,51.0,(10.5531792067093+0j)
19951,12.05.2020,07:00,47.0,(10.269734286241032+0j)
19952,12.05.2020,08:00,39.0,(9.650462409337567+0j)
19953,12.05.2020,09:00,39.0,(9.650462409337567+0j)
19954,12.05.2020,10:00,42.0,(9.891823330401618+0j)
19955,12.05.2020,11:00,26.0,(8.430455436469295+0j)
19956,12.05.2020,12:00,40.0,(9.732249888616542+0j)
19957,12.05.2020,13:00,62.0,(11.263079534051261+0j)
19958,12.05.2020,14:00,61.0,(11.202196833891742+0j)
19959,12.05.2020,15:00,61.0,(11.202196833891742+0j)
19960,12.05.2020,16:00,68.0,(11.615276661700541+0j)
19961,12.05.2020,17:00,67.0,(11.55805762209552+0j)
19962,12.05.2020,18:00,62.0,(11.263079534051261+0j)
19963,12.05.2020,19:00,55.0,(10.822164994364314+0j)
19964,12.05.2020,20:00,63.0,(11.323311051132062+0j)
19965,12.05.2020,21:00,30.0,(8.84233584359671+0j)
19966,12.05.2020,22:00,18.0,(7.457914888057963+0j)
19967,12.05.2020,23:00,30.0,(8.84233584359671+0j)
19968,13.05.2020,00:00,2.0,(3.585391514230274+0j)
19969,13.05.2020,01:00,0.0,0j
19970,13.05.2020,02:00,1.0,(2.845727130703496+0j)
19971,13.05.2020,03:00,0.0,0j
19972,13.05.2020,04:00,0.0,0j
19973,13.05.2020,05:00,0.0,0j
19974,13.05.2020,06:00,1.0,(2.845727130703496+0j)
19975,13.05.2020,07:00,7.0,(5.443680165984116+0j)
19976,13.05.2020,08:00,2.0,(3.585391514230274+0j)
19977,13.05.2020,09:00,0.0,0j
19978,13.05.2020,10:00,0.0,0j
19979,13.05.2020,11:00,0.0,0j
19980,13.05.2020,12:00,0.0,0j
19981,13.05.2020,13:00,0.0,0j
19982,13.05.2020,14:00,1.0,(2.845727130703496+0j)
19983,13.05.2020,15:00,6.0,(5.171029370782441+0j)
19984,13.05.2020,16:00,12.0,(6.515088753873438+0j)
19985,13.05.2020,17:00,8.0,(5.691454261406992+0j)
19986,13.05.2020,18:00,4.0,(4.517310240893176+0j)
19987,13.05.2020,19:00,1.0,(2.845727130703496+0j)
19988,13.05.2020,20:00,5.0,(4.866124944308272+0j)
19989,13.05.2020,21:00,1.0,(2.845727130703496+0j)
19990,13.05.2020,22:00,6.0,(5.171029370782441+0j)
19991,13.05.2020,23:00,19.0,(7.593542967381978+0j)
19992,14.05.2020,00:00,12.0,(6.515088753873438+0j)
19993,14.05.2020,01:00,10.0,(6.130933248752508+0j)
19994,14.05.2020,02:00,7.0,(5.443680165984116+0j)
19995,14.05.2020,03:00,5.0,(4.866124944308272+0j)
19996,14.05.2020,04:00,4.0,(4.517310240893176+0j)
19997,14.05.2020,05:00,2.0,(3.585391514230274+0j)
19998,14.05.2020,06:00,0.0,0j
19999,14.05.2020,07:00,0.0,0j
20000,14.05.2020,08:00,0.0,0j
20001,14.05.2020,09:00,0.0,0j
20002,14.05.2020,10:00,0.0,0j
20003,14.05.2020,11:00,0.0,0j
20004,14.05.2020,12:00,0.0,0j
20005,14.05.2020,13:00,0.0,0j
20006,14.05.2020,14:00,0.0,0j
20007,14.05.2020,15:00,0.0,0j
20008,14.05.2020,16:00,0.0,0j
20009,14.05.2020,17:00,0.0,0j
20010,14.05.2020,18:00,0.0,0j
20011,14.05.2020,19:00,0.0,0j
20012,14.05.2020,20:00,0.0,0j
20013,14.05.2020,21:00,0.0,0j
20014,14.05.2020,22:00,0.0,0j
20015,14.05.2020,23:00,0.0,0j
20016,15.05.2020,00:00,0.0,0j
20017,15.05.2020,01:00,0.0,0j
20018,15.05.2020,02:00,0.0,0j
20019,15.05.2020,03:00,0.0,0j
20020,15.05.2020,04:00,0.0,0j
20021,15.05.2020,05:00,0.0,0j
20022,15.05.2020,06:00,0.0,0j
20023,15.05.2020,07:00,0.0,0j
20024,15.05.2020,08:00,0.0,0j
20025,15.05.2020,09:00,0.0,0j
20026,15.05.2020,10:00,0.0,0j
20027,15.05.2020,11:00,0.0,0j
20028,15.05.2020,12:00,0.0,0j
20029,15.05.2020,13:00,0.0,0j
20030,15.05.2020,14:00,0.0,0j
20031,15.05.2020,15:00,1.0,(2.845727130703496+0j)
20032,15.05.2020,16:00,0.0,0j
20033,15.05.2020,17:00,0.0,0j
20034,15.05.2020,18:00,0.0,0j
20035,15.05.2020,19:00,0.0,0j
20036,15.05.2020,20:00,0.0,0j
20037,15.05.2020,21:00,0.0,0j
20038,15.05.2020,22:00,0.0,0j
20039,15.05.2020,23:00,0.0,0j
20040,16.05.2020,00:00,0.0,0j
20041,16.05.2020,01:00,0.0,0j
20042,16.05.2020,02:00,0.0,0j
20043,16.05.2020,03:00,3.0,(4.1042487314692515+0j)
20044,16.05.2020,04:00,0.0,0j
20045,16.05.2020,05:00,0.0,0j
20046,16.05.2020,06:00,0.0,0j
20047,16.05.2020,07:00,0.0,0j
20048,16.05.2020,08:00,0.0,0j
20049,16.05.2020,09:00,0.0,0j
20050,16.05.2020,10:00,0.0,0j
20051,16.05.2020,11:00,0.0,0j
20052,16.05.2020,12:00,0.0,0j
20053,16.05.2020,13:00,1.0,(2.845727130703496+0j)
20054,16.05.2020,14:00,5.0,(4.866124944308272+0j)
20055,16.05.2020,15:00,13.0,(6.691256914211192+0j)
20056,16.05.2020,16:00,18.0,(7.457914888057963+0j)
20057,16.05.2020,17:00,25.0,(8.320956608290626+0j)
20058,16.05.2020,18:00,20.0,(7.724491855603646+0j)
20059,16.05.2020,19:00,23.0,(8.092869420675413+0j)
20060,16.05.2020,20:00,19.0,(7.593542967381978+0j)
20061,16.05.2020,21:00,11.0,(6.32884048187752+0j)
20062,16.05.2020,22:00,12.0,(6.515088753873438+0j)
20063,16.05.2020,23:00,14.0,(6.858607230018604+0j)
20064,17.05.2020,00:00,15.0,(7.018166609990766+0j)
20065,17.05.2020,01:00,9.0,(5.919350969396254+0j)
20066,17.05.2020,02:00,7.0,(5.443680165984116+0j)
20067,17.05.2020,03:00,4.0,(4.517310240893176+0j)
20068,17.05.2020,04:00,2.0,(3.585391514230274+0j)
20069,17.05.2020,05:00,2.0,(3.585391514230274+0j)
20070,17.05.2020,06:00,5.0,(4.866124944308272+0j)
20071,17.05.2020,07:00,7.0,(5.443680165984116+0j)
20072,17.05.2020,08:00,2.0,(3.585391514230274+0j)
20073,17.05.2020,09:00,0.0,0j
20074,17.05.2020,10:00,0.0,0j
20075,17.05.2020,11:00,0.0,0j
20076,17.05.2020,12:00,0.0,0j
20077,17.05.2020,13:00,0.0,0j
20078,17.05.2020,14:00,0.0,0j
20079,17.05.2020,15:00,0.0,0j
20080,17.05.2020,16:00,0.0,0j
20081,17.05.2020,17:00,0.0,0j
20082,17.05.2020,18:00,0.0,0j
20083,17.05.2020,19:00,0.0,0j
20084,17.05.2020,20:00,0.0,0j
20085,17.05.2020,21:00,0.0,0j
20086,17.05.2020,22:00,0.0,0j
20087,17.05.2020,23:00,0.0,0j
20088,18.05.2020,00:00,0.0,0j
20089,18.05.2020,01:00,0.0,0j
20090,18.05.2020,02:00,14.0,(6.858607230018604+0j)
20091,18.05.2020,03:00,16.0,(7.170783028460548+0j)
20092,18.05.2020,04:00,7.0,(5.443680165984116+0j)
20093,18.05.2020,05:00,5.0,(4.866124944308272+0j)
20094,18.05.2020,06:00,3.0,(4.1042487314692515+0j)
20095,18.05.2020,07:00,4.0,(4.517310240893176+0j)
20096,18.05.2020,08:00,3.0,(4.1042487314692515+0j)
20097,18.05.2020,09:00,2.0,(3.585391514230274+0j)
20098,18.05.2020,10:00,4.0,(4.517310240893176+0j)
20099,18.05.2020,11:00,4.0,(4.517310240893176+0j)
20100,18.05.2020,12:00,3.0,(4.1042487314692515+0j)
20101,18.05.2020,13:00,3.0,(4.1042487314692515+0j)
20102,18.05.2020,14:00,3.0,(4.1042487314692515+0j)
20103,18.05.2020,15:00,7.0,(5.443680165984116+0j)
20104,18.05.2020,16:00,14.0,(6.858607230018604+0j)
20105,18.05.2020,17:00,14.0,(6.858607230018604+0j)
20106,18.05.2020,18:00,11.0,(6.32884048187752+0j)
20107,18.05.2020,19:00,5.0,(4.866124944308272+0j)
20108,18.05.2020,20:00,14.0,(6.858607230018604+0j)
20109,18.05.2020,21:00,12.0,(6.515088753873438+0j)
20110,18.05.2020,22:00,16.0,(7.170783028460548+0j)
20111,18.05.2020,23:00,21.0,(7.851145380281553+0j)
20112,19.05.2020,00:00,11.0,(6.32884048187752+0j)
20113,19.05.2020,01:00,4.0,(4.517310240893176+0j)
20114,19.05.2020,02:00,2.0,(3.585391514230274+0j)
20115,19.05.2020,03:00,2.0,(3.585391514230274+0j)
20116,19.05.2020,04:00,1.0,(2.845727130703496+0j)
20117,19.05.2020,05:00,1.0,(2.845727130703496+0j)
20118,19.05.2020,06:00,1.0,(2.845727130703496+0j)
20119,19.05.2020,07:00,1.0,(2.845727130703496+0j)
20120,19.05.2020,08:00,0.0,0j
20121,19.05.2020,09:00,0.0,0j
20122,19.05.2020,10:00,0.0,0j
20123,19.05.2020,11:00,0.0,0j
20124,19.05.2020,12:00,0.0,0j
20125,19.05.2020,13:00,0.0,0j
20126,19.05.2020,14:00,0.0,0j
20127,19.05.2020,15:00,0.0,0j
20128,19.05.2020,16:00,0.0,0j
20129,19.05.2020,17:00,1.0,(2.845727130703496+0j)
20130,19.05.2020,18:00,4.0,(4.517310240893176+0j)
20131,19.05.2020,19:00,2.0,(3.585391514230274+0j)
20132,19.05.2020,20:00,0.0,0j
20133,19.05.2020,21:00,0.0,0j
20134,19.05.2020,22:00,0.0,0j
20135,19.05.2020,23:00,0.0,0j
20136,20.05.2020,00:00,0.0,0j
20137,20.05.2020,01:00,0.0,0j
20138,20.05.2020,02:00,0.0,0j
20139,20.05.2020,03:00,0.0,0j
20140,20.05.2020,04:00,0.0,0j
20141,20.05.2020,05:00,0.0,0j
20142,20.05.2020,06:00,0.0,0j
20143,20.05.2020,07:00,1.0,(2.845727130703496+0j)
20144,20.05.2020,08:00,2.0,(3.585391514230274+0j)
20145,20.05.2020,09:00,1.0,(2.845727130703496+0j)
20146,20.05.2020,10:00,0.0,0j
20147,20.05.2020,11:00,4.0,(4.517310240893176+0j)
20148,20.05.2020,12:00,12.0,(6.515088753873438+0j)
20149,20.05.2020,13:00,3.0,(4.1042487314692515+0j)
20150,20.05.2020,14:00,9.0,(5.919350969396254+0j)
20151,20.05.2020,15:00,17.0,(7.317165783214581+0j)
20152,20.05.2020,16:00,28.0,(8.641303622061608+0j)
20153,20.05.2020,17:00,0.0,0j
20154,20.05.2020,18:00,7.0,(5.443680165984116+0j)
20155,20.05.2020,19:00,23.0,(8.092869420675413+0j)
20156,20.05.2020,20:00,13.0,(6.691256914211192+0j)
20157,20.05.2020,21:00,23.0,(8.092869420675413+0j)
20158,20.05.2020,22:00,32.0,(9.034620481786352+0j)
20159,20.05.2020,23:00,22.0,(7.9738393445443+0j)
20160,21.05.2020,00:00,34.0,(9.219051195842558+0j)
20161,21.05.2020,01:00,27.0,(8.537181392110488+0j)
20162,21.05.2020,02:00,22.0,(7.9738393445443+0j)
20163,21.05.2020,03:00,12.0,(6.515088753873438+0j)
20164,21.05.2020,04:00,27.0,(8.537181392110488+0j)
20165,21.05.2020,05:00,28.0,(8.641303622061608+0j)
20166,21.05.2020,06:00,29.0,(8.74297534497106+0j)
20167,21.05.2020,07:00,33.0,(9.127767465531983+0j)
20168,21.05.2020,08:00,17.0,(7.317165783214581+0j)
20169,21.05.2020,09:00,23.0,(8.092869420675413+0j)
20170,21.05.2020,10:00,32.0,(9.034620481786352+0j)
20171,21.05.2020,11:00,25.0,(8.320956608290626+0j)
20172,21.05.2020,12:00,20.0,(7.724491855603646+0j)
20173,21.05.2020,13:00,46.0,(10.19637653715948+0j)
20174,21.05.2020,14:00,44.0,(10.0464080386713+0j)
20175,21.05.2020,15:00,42.0,(9.891823330401618+0j)
20176,21.05.2020,16:00,27.0,(8.537181392110488+0j)
20177,21.05.2020,17:00,15.0,(7.018166609990766+0j)
20178,21.05.2020,18:00,15.0,(7.018166609990766+0j)
20179,21.05.2020,19:00,4.0,(4.517310240893176+0j)
20180,21.05.2020,20:00,2.0,(3.585391514230274+0j)
20181,21.05.2020,21:00,1.0,(2.845727130703496+0j)
20182,21.05.2020,22:00,6.0,(5.171029370782441+0j)
20183,21.05.2020,23:00,7.0,(5.443680165984116+0j)
20184,22.05.2020,00:00,14.0,(6.858607230018604+0j)
20185,22.05.2020,01:00,12.0,(6.515088753873438+0j)
20186,22.05.2020,02:00,32.0,(9.034620481786352+0j)
20187,22.05.2020,03:00,28.0,(8.641303622061608+0j)
20188,22.05.2020,04:00,45.0,(10.121947777604984+0j)
20189,22.05.2020,05:00,60.0,(11.140645059587433+0j)
20190,22.05.2020,06:00,57.0,(10.9517840818175+0j)
20191,22.05.2020,07:00,60.0,(11.140645059587433+0j)
20192,22.05.2020,08:00,62.0,(11.263079534051261+0j)
20193,22.05.2020,09:00,69.0,(11.671937444523078+0j)
20194,22.05.2020,10:00,69.0,(11.671937444523078+0j)
20195,22.05.2020,11:00,64.0,(11.382908522813985+0j)
20196,22.05.2020,12:00,64.0,(11.382908522813985+0j)
20197,22.05.2020,13:00,69.0,(11.671937444523078+0j)
20198,22.05.2020,14:00,67.0,(11.55805762209552+0j)
20199,22.05.2020,15:00,68.0,(11.615276661700541+0j)
20200,22.05.2020,16:00,69.0,(11.671937444523078+0j)
20201,22.05.2020,17:00,69.0,(11.671937444523078+0j)
20202,22.05.2020,18:00,67.0,(11.55805762209552+0j)
20203,22.05.2020,19:00,65.0,(11.441888376335278+0j)
20204,22.05.2020,20:00,43.0,(9.969714910096506+0j)
20205,22.05.2020,21:00,57.0,(10.9517840818175+0j)
20206,22.05.2020,22:00,20.0,(7.724491855603646+0j)
20207,22.05.2020,23:00,23.0,(8.092869420675413+0j)
20208,23.05.2020,00:00,31.0,(8.939512150377235+0j)
20209,23.05.2020,01:00,10.0,(6.130933248752508+0j)
20210,23.05.2020,02:00,15.0,(7.018166609990766+0j)
20211,23.05.2020,03:00,9.0,(5.919350969396254+0j)
20212,23.05.2020,04:00,3.0,(4.1042487314692515+0j)
20213,23.05.2020,05:00,5.0,(4.866124944308272+0j)
20214,23.05.2020,06:00,4.0,(4.517310240893176+0j)
20215,23.05.2020,07:00,2.0,(3.585391514230274+0j)
20216,23.05.2020,08:00,0.0,0j
20217,23.05.2020,09:00,3.0,(4.1042487314692515+0j)
20218,23.05.2020,10:00,2.0,(3.585391514230274+0j)
20219,23.05.2020,11:00,1.0,(2.845727130703496+0j)
20220,23.05.2020,12:00,3.0,(4.1042487314692515+0j)
20221,23.05.2020,13:00,30.0,(8.84233584359671+0j)
20222,23.05.2020,14:00,4.0,(4.517310240893176+0j)
20223,23.05.2020,15:00,3.0,(4.1042487314692515+0j)
20224,23.05.2020,16:00,21.0,(7.851145380281553+0j)
20225,23.05.2020,17:00,68.0,(11.615276661700541+0j)
20226,23.05.2020,18:00,20.0,(7.724491855603646+0j)
20227,23.05.2020,19:00,27.0,(8.537181392110488+0j)
20228,23.05.2020,20:00,40.0,(9.732249888616542+0j)
20229,23.05.2020,21:00,34.0,(9.219051195842558+0j)
20230,23.05.2020,22:00,47.0,(10.269734286241032+0j)
20231,23.05.2020,23:00,52.0,(10.621708264608335+0j)
20232,24.05.2020,00:00,49.0,(10.41338553855059+0j)
20233,24.05.2020,01:00,39.0,(9.650462409337567+0j)
20234,24.05.2020,02:00,26.0,(8.430455436469295+0j)
20235,24.05.2020,03:00,30.0,(8.84233584359671+0j)
20236,24.05.2020,04:00,23.0,(8.092869420675413+0j)
20237,24.05.2020,05:00,19.0,(7.593542967381978+0j)
20238,24.05.2020,06:00,21.0,(7.851145380281553+0j)
20239,24.05.2020,07:00,14.0,(6.858607230018604+0j)
20240,24.05.2020,08:00,15.0,(7.018166609990766+0j)
20241,24.05.2020,09:00,16.0,(7.170783028460548+0j)
20242,24.05.2020,10:00,43.0,(9.969714910096506+0j)
20243,24.05.2020,11:00,31.0,(8.939512150377235+0j)
20244,24.05.2020,12:00,27.0,(8.537181392110488+0j)
20245,24.05.2020,13:00,20.0,(7.724491855603646+0j)
20246,24.05.2020,14:00,7.0,(5.443680165984116+0j)
20247,24.05.2020,15:00,5.0,(4.866124944308272+0j)
20248,24.05.2020,16:00,5.0,(4.866124944308272+0j)
20249,24.05.2020,17:00,3.0,(4.1042487314692515+0j)
20250,24.05.2020,18:00,3.0,(4.1042487314692515+0j)
20251,24.05.2020,19:00,3.0,(4.1042487314692515+0j)
20252,24.05.2020,20:00,1.0,(2.845727130703496+0j)
20253,24.05.2020,21:00,1.0,(2.845727130703496+0j)
20254,24.05.2020,22:00,2.0,(3.585391514230274+0j)
20255,24.05.2020,23:00,4.0,(4.517310240893176+0j)
20256,25.05.2020,00:00,22.0,(7.9738393445443+0j)
20257,25.05.2020,01:00,20.0,(7.724491855603646+0j)
20258,25.05.2020,02:00,19.0,(7.593542967381978+0j)
20259,25.05.2020,03:00,25.0,(8.320956608290626+0j)
20260,25.05.2020,04:00,26.0,(8.430455436469295+0j)
20261,25.05.2020,05:00,38.0,(9.567264627885733+0j)
20262,25.05.2020,06:00,48.0,(10.34205874156488+0j)
20263,25.05.2020,07:00,47.0,(10.269734286241032+0j)
20264,25.05.2020,08:00,45.0,(10.121947777604984+0j)
20265,25.05.2020,09:00,26.0,(8.430455436469295+0j)
20266,25.05.2020,10:00,34.0,(9.219051195842558+0j)
20267,25.05.2020,11:00,43.0,(9.969714910096506+0j)
20268,25.05.2020,12:00,26.0,(8.430455436469295+0j)
20269,25.05.2020,13:00,9.0,(5.919350969396254+0j)
20270,25.05.2020,14:00,12.0,(6.515088753873438+0j)
20271,25.05.2020,15:00,9.0,(5.919350969396254+0j)
20272,25.05.2020,16:00,15.0,(7.018166609990766+0j)
20273,25.05.2020,17:00,21.0,(7.851145380281553+0j)
20274,25.05.2020,18:00,33.0,(9.127767465531983+0j)
20275,25.05.2020,19:00,32.0,(9.034620481786352+0j)
20276,25.05.2020,20:00,32.0,(9.034620481786352+0j)
20277,25.05.2020,21:00,36.0,(9.396383955788593+0j)
20278,25.05.2020,22:00,33.0,(9.127767465531983+0j)
20279,25.05.2020,23:00,43.0,(9.969714910096506+0j)
20280,26.05.2020,00:00,24.0,(8.208497462938503+0j)
20281,26.05.2020,01:00,27.0,(8.537181392110488+0j)
20282,26.05.2020,02:00,34.0,(9.219051195842558+0j)
20283,26.05.2020,03:00,18.0,(7.457914888057963+0j)
20284,26.05.2020,04:00,14.0,(6.858607230018604+0j)
20285,26.05.2020,05:00,9.0,(5.919350969396254+0j)
20286,26.05.2020,06:00,6.0,(5.171029370782441+0j)
20287,26.05.2020,07:00,5.0,(4.866124944308272+0j)
20288,26.05.2020,08:00,4.0,(4.517310240893176+0j)
20289,26.05.2020,09:00,9.0,(5.919350969396254+0j)
20290,26.05.2020,10:00,7.0,(5.443680165984116+0j)
20291,26.05.2020,11:00,1.0,(2.845727130703496+0j)
20292,26.05.2020,12:00,2.0,(3.585391514230274+0j)
20293,26.05.2020,13:00,2.0,(3.585391514230274+0j)
20294,26.05.2020,14:00,3.0,(4.1042487314692515+0j)
20295,26.05.2020,15:00,4.0,(4.517310240893176+0j)
20296,26.05.2020,16:00,7.0,(5.443680165984116+0j)
20297,26.05.2020,17:00,6.0,(5.171029370782441+0j)
20298,26.05.2020,18:00,4.0,(4.517310240893176+0j)
20299,26.05.2020,19:00,8.0,(5.691454261406992+0j)
20300,26.05.2020,20:00,4.0,(4.517310240893176+0j)
20301,26.05.2020,21:00,28.0,(8.641303622061608+0j)
20302,26.05.2020,22:00,32.0,(9.034620481786352+0j)
20303,26.05.2020,23:00,23.0,(8.092869420675413+0j)
20304,27.05.2020,00:00,7.0,(5.443680165984116+0j)
20305,27.05.2020,01:00,8.0,(5.691454261406992+0j)
20306,27.05.2020,02:00,14.0,(6.858607230018604+0j)
20307,27.05.2020,03:00,15.0,(7.018166609990766+0j)
20308,27.05.2020,04:00,26.0,(8.430455436469295+0j)
20309,27.05.2020,05:00,16.0,(7.170783028460548+0j)
20310,27.05.2020,06:00,30.0,(8.84233584359671+0j)
20311,27.05.2020,07:00,39.0,(9.650462409337567+0j)
20312,27.05.2020,08:00,29.0,(8.74297534497106+0j)
20313,27.05.2020,09:00,22.0,(7.9738393445443+0j)
20314,27.05.2020,10:00,8.0,(5.691454261406992+0j)
20315,27.05.2020,11:00,1.0,(2.845727130703496+0j)
20316,27.05.2020,12:00,6.0,(5.171029370782441+0j)
20317,27.05.2020,13:00,24.0,(8.208497462938503+0j)
20318,27.05.2020,14:00,22.0,(7.9738393445443+0j)
20319,27.05.2020,15:00,23.0,(8.092869420675413+0j)
20320,27.05.2020,16:00,29.0,(8.74297534497106+0j)
20321,27.05.2020,17:00,18.0,(7.457914888057963+0j)
20322,27.05.2020,18:00,29.0,(8.74297534497106+0j)
20323,27.05.2020,19:00,34.0,(9.219051195842558+0j)
20324,27.05.2020,20:00,29.0,(8.74297534497106+0j)
20325,27.05.2020,21:00,25.0,(8.320956608290626+0j)
20326,27.05.2020,22:00,27.0,(8.537181392110488+0j)
20327,27.05.2020,23:00,30.0,(8.84233584359671+0j)
20328,28.05.2020,00:00,30.0,(8.84233584359671+0j)
20329,28.05.2020,01:00,35.0,(9.308562145233848+0j)
20330,28.05.2020,02:00,24.0,(8.208497462938503+0j)
20331,28.05.2020,03:00,25.0,(8.320956608290626+0j)
20332,28.05.2020,04:00,29.0,(8.74297534497106+0j)
20333,28.05.2020,05:00,25.0,(8.320956608290626+0j)
20334,28.05.2020,06:00,29.0,(8.74297534497106+0j)
20335,28.05.2020,07:00,27.0,(8.537181392110488+0j)
20336,28.05.2020,08:00,27.0,(8.537181392110488+0j)
20337,28.05.2020,09:00,23.0,(8.092869420675413+0j)
20338,28.05.2020,10:00,17.0,(7.317165783214581+0j)
20339,28.05.2020,11:00,20.0,(7.724491855603646+0j)
20340,28.05.2020,12:00,7.0,(5.443680165984116+0j)
20341,28.05.2020,13:00,3.0,(4.1042487314692515+0j)
20342,28.05.2020,14:00,7.0,(5.443680165984116+0j)
20343,28.05.2020,15:00,7.0,(5.443680165984116+0j)
20344,28.05.2020,16:00,0.0,0j
20345,28.05.2020,17:00,1.0,(2.845727130703496+0j)
20346,28.05.2020,18:00,4.0,(4.517310240893176+0j)
20347,28.05.2020,19:00,5.0,(4.866124944308272+0j)
20348,28.05.2020,20:00,2.0,(3.585391514230274+0j)
20349,28.05.2020,21:00,1.0,(2.845727130703496+0j)
20350,28.05.2020,22:00,0.0,0j
20351,28.05.2020,23:00,0.0,0j
20352,29.05.2020,00:00,0.0,0j
20353,29.05.2020,01:00,0.0,0j
20354,29.05.2020,02:00,0.0,0j
20355,29.05.2020,03:00,0.0,0j
20356,29.05.2020,04:00,0.0,0j
20357,29.05.2020,05:00,0.0,0j
20358,29.05.2020,06:00,0.0,0j
20359,29.05.2020,07:00,0.0,0j
20360,29.05.2020,08:00,0.0,0j
20361,29.05.2020,09:00,0.0,0j
20362,29.05.2020,10:00,0.0,0j
20363,29.05.2020,11:00,0.0,0j
20364,29.05.2020,12:00,6.0,(5.171029370782441+0j)
20365,29.05.2020,13:00,9.0,(5.919350969396254+0j)
20366,29.05.2020,14:00,14.0,(6.858607230018604+0j)
20367,29.05.2020,15:00,30.0,(8.84233584359671+0j)
20368,29.05.2020,16:00,37.0,(9.482594128751929+0j)
20369,29.05.2020,17:00,37.0,(9.482594128751929+0j)
20370,29.05.2020,18:00,28.0,(8.641303622061608+0j)
20371,29.05.2020,19:00,18.0,(7.457914888057963+0j)
20372,29.05.2020,20:00,11.0,(6.32884048187752+0j)
20373,29.05.2020,21:00,11.0,(6.32884048187752+0j)
20374,29.05.2020,22:00,6.0,(5.171029370782441+0j)
20375,29.05.2020,23:00,2.0,(3.585391514230274+0j)
20376,30.05.2020,00:00,5.0,(4.866124944308272+0j)
20377,30.05.2020,01:00,3.0,(4.1042487314692515+0j)
20378,30.05.2020,02:00,1.0,(2.845727130703496+0j)
20379,30.05.2020,03:00,0.0,0j
20380,30.05.2020,04:00,0.0,0j
20381,30.05.2020,05:00,1.0,(2.845727130703496+0j)
20382,30.05.2020,06:00,1.0,(2.845727130703496+0j)
20383,30.05.2020,07:00,0.0,0j
20384,30.05.2020,08:00,0.0,0j
20385,30.05.2020,09:00,0.0,0j
20386,30.05.2020,10:00,0.0,0j
20387,30.05.2020,11:00,0.0,0j
20388,30.05.2020,12:00,1.0,(2.845727130703496+0j)
20389,30.05.2020,13:00,3.0,(4.1042487314692515+0j)
20390,30.05.2020,14:00,16.0,(7.170783028460548+0j)
20391,30.05.2020,15:00,31.0,(8.939512150377235+0j)
20392,30.05.2020,16:00,23.0,(8.092869420675413+0j)
20393,30.05.2020,17:00,15.0,(7.018166609990766+0j)
20394,30.05.2020,18:00,12.0,(6.515088753873438+0j)
20395,30.05.2020,19:00,5.0,(4.866124944308272+0j)
20396,30.05.2020,20:00,5.0,(4.866124944308272+0j)
20397,30.05.2020,21:00,2.0,(3.585391514230274+0j)
20398,30.05.2020,22:00,1.0,(2.845727130703496+0j)
20399,30.05.2020,23:00,0.0,0j
20400,31.05.2020,00:00,0.0,0j
20401,31.05.2020,01:00,1.0,(2.845727130703496+0j)
20402,31.05.2020,02:00,7.0,(5.443680165984116+0j)
20403,31.05.2020,03:00,8.0,(5.691454261406992+0j)
20404,31.05.2020,04:00,10.0,(6.130933248752508+0j)
20405,31.05.2020,05:00,6.0,(5.171029370782441+0j)
20406,31.05.2020,06:00,10.0,(6.130933248752508+0j)
20407,31.05.2020,07:00,8.0,(5.691454261406992+0j)
20408,31.05.2020,08:00,6.0,(5.171029370782441+0j)
20409,31.05.2020,09:00,4.0,(4.517310240893176+0j)
20410,31.05.2020,10:00,5.0,(4.866124944308272+0j)
20411,31.05.2020,11:00,6.0,(5.171029370782441+0j)
20412,31.05.2020,12:00,11.0,(6.32884048187752+0j)
20413,31.05.2020,13:00,13.0,(6.691256914211192+0j)
20414,31.05.2020,14:00,19.0,(7.593542967381978+0j)
20415,31.05.2020,15:00,21.0,(7.851145380281553+0j)
20416,31.05.2020,16:00,24.0,(8.208497462938503+0j)
20417,31.05.2020,17:00,28.0,(8.641303622061608+0j)
20418,31.05.2020,18:00,21.0,(7.851145380281553+0j)
20419,31.05.2020,19:00,34.0,(9.219051195842558+0j)
20420,31.05.2020,20:00,18.0,(7.457914888057963+0j)
20421,31.05.2020,21:00,8.0,(5.691454261406992+0j)
20422,31.05.2020,22:00,6.0,(5.171029370782441+0j)
20423,31.05.2020,23:00,9.0,(5.919350969396254+0j)
20424,01.06.2020,00:00,5.0,(4.866124944308272+0j)
20425,01.06.2020,01:00,4.0,(4.517310240893176+0j)
20426,01.06.2020,02:00,3.0,(4.1042487314692515+0j)
20427,01.06.2020,03:00,0.0,0j
20428,01.06.2020,04:00,0.0,0j
20429,01.06.2020,05:00,0.0,0j
20430,01.06.2020,06:00,3.0,(4.1042487314692515+0j)
20431,01.06.2020,07:00,3.0,(4.1042487314692515+0j)
20432,01.06.2020,08:00,1.0,(2.845727130703496+0j)
20433,01.06.2020,09:00,5.0,(4.866124944308272+0j)
20434,01.06.2020,10:00,5.0,(4.866124944308272+0j)
20435,01.06.2020,11:00,4.0,(4.517310240893176+0j)
20436,01.06.2020,12:00,17.0,(7.317165783214581+0j)
20437,01.06.2020,13:00,2.0,(3.585391514230274+0j)
20438,01.06.2020,14:00,0.0,0j
20439,01.06.2020,15:00,1.0,(2.845727130703496+0j)
20440,01.06.2020,16:00,0.0,0j
20441,01.06.2020,17:00,2.0,(3.585391514230274+0j)
20442,01.06.2020,18:00,0.0,0j
20443,01.06.2020,19:00,0.0,0j
20444,01.06.2020,20:00,3.0,(4.1042487314692515+0j)
20445,01.06.2020,21:00,0.0,0j
20446,01.06.2020,22:00,0.0,0j
20447,01.06.2020,23:00,0.0,0j
20448,02.06.2020,00:00,0.0,0j
20449,02.06.2020,01:00,0.0,0j
20450,02.06.2020,02:00,0.0,0j
20451,02.06.2020,03:00,0.0,0j
20452,02.06.2020,04:00,0.0,0j
20453,02.06.2020,05:00,0.0,0j
20454,02.06.2020,06:00,0.0,0j
20455,02.06.2020,07:00,0.0,0j
20456,02.06.2020,08:00,0.0,0j
20457,02.06.2020,09:00,0.0,0j
20458,02.06.2020,10:00,0.0,0j
20459,02.06.2020,11:00,0.0,0j
20460,02.06.2020,12:00,2.0,(3.585391514230274+0j)
20461,02.06.2020,13:00,4.0,(4.517310240893176+0j)
20462,02.06.2020,14:00,0.0,0j
20463,02.06.2020,15:00,0.0,0j
20464,02.06.2020,16:00,0.0,0j
20465,02.06.2020,17:00,5.0,(4.866124944308272+0j)
20466,02.06.2020,18:00,6.0,(5.171029370782441+0j)
20467,02.06.2020,19:00,4.0,(4.517310240893176+0j)
20468,02.06.2020,20:00,1.0,(2.845727130703496+0j)
20469,02.06.2020,21:00,0.0,0j
20470,02.06.2020,22:00,0.0,0j
20471,02.06.2020,23:00,0.0,0j
20472,03.06.2020,00:00,0.0,0j
20473,03.06.2020,01:00,1.0,(2.845727130703496+0j)
20474,03.06.2020,02:00,4.0,(4.517310240893176+0j)
20475,03.06.2020,03:00,3.0,(4.1042487314692515+0j)
20476,03.06.2020,04:00,1.0,(2.845727130703496+0j)
20477,03.06.2020,05:00,0.0,0j
20478,03.06.2020,06:00,0.0,0j
20479,03.06.2020,07:00,0.0,0j
20480,03.06.2020,08:00,0.0,0j
20481,03.06.2020,09:00,0.0,0j
20482,03.06.2020,10:00,1.0,(2.845727130703496+0j)
20483,03.06.2020,11:00,1.0,(2.845727130703496+0j)
20484,03.06.2020,12:00,1.0,(2.845727130703496+0j)
20485,03.06.2020,13:00,4.0,(4.517310240893176+0j)
20486,03.06.2020,14:00,0.0,0j
20487,03.06.2020,15:00,16.0,(7.170783028460548+0j)
20488,03.06.2020,16:00,12.0,(6.515088753873438+0j)
20489,03.06.2020,17:00,5.0,(4.866124944308272+0j)
20490,03.06.2020,18:00,7.0,(5.443680165984116+0j)
20491,03.06.2020,19:00,6.0,(5.171029370782441+0j)
20492,03.06.2020,20:00,9.0,(5.919350969396254+0j)
20493,03.06.2020,21:00,13.0,(6.691256914211192+0j)
20494,03.06.2020,22:00,12.0,(6.515088753873438+0j)
20495,03.06.2020,23:00,7.0,(5.443680165984116+0j)
20496,04.06.2020,00:00,2.0,(3.585391514230274+0j)
20497,04.06.2020,01:00,5.0,(4.866124944308272+0j)
20498,04.06.2020,02:00,6.0,(5.171029370782441+0j)
20499,04.06.2020,03:00,4.0,(4.517310240893176+0j)
20500,04.06.2020,04:00,2.0,(3.585391514230274+0j)
20501,04.06.2020,05:00,1.0,(2.845727130703496+0j)
20502,04.06.2020,06:00,1.0,(2.845727130703496+0j)
20503,04.06.2020,07:00,0.0,0j
20504,04.06.2020,08:00,0.0,0j
20505,04.06.2020,09:00,0.0,0j
20506,04.06.2020,10:00,0.0,0j
20507,04.06.2020,11:00,0.0,0j
20508,04.06.2020,12:00,0.0,0j
20509,04.06.2020,13:00,4.0,(4.517310240893176+0j)
20510,04.06.2020,14:00,8.0,(5.691454261406992+0j)
20511,04.06.2020,15:00,16.0,(7.170783028460548+0j)
20512,04.06.2020,16:00,24.0,(8.208497462938503+0j)
20513,04.06.2020,17:00,20.0,(7.724491855603646+0j)
20514,04.06.2020,18:00,16.0,(7.170783028460548+0j)
20515,04.06.2020,19:00,11.0,(6.32884048187752+0j)
20516,04.06.2020,20:00,11.0,(6.32884048187752+0j)
20517,04.06.2020,21:00,14.0,(6.858607230018604+0j)
20518,04.06.2020,22:00,9.0,(5.919350969396254+0j)
20519,04.06.2020,23:00,4.0,(4.517310240893176+0j)
20520,05.06.2020,00:00,8.0,(5.691454261406992+0j)
20521,05.06.2020,01:00,12.0,(6.515088753873438+0j)
20522,05.06.2020,02:00,11.0,(6.32884048187752+0j)
20523,05.06.2020,03:00,19.0,(7.593542967381978+0j)
20524,05.06.2020,04:00,15.0,(7.018166609990766+0j)
20525,05.06.2020,05:00,11.0,(6.32884048187752+0j)
20526,05.06.2020,06:00,11.0,(6.32884048187752+0j)
20527,05.06.2020,07:00,8.0,(5.691454261406992+0j)
20528,05.06.2020,08:00,13.0,(6.691256914211192+0j)
20529,05.06.2020,09:00,16.0,(7.170783028460548+0j)
20530,05.06.2020,10:00,13.0,(6.691256914211192+0j)
20531,05.06.2020,11:00,12.0,(6.515088753873438+0j)
20532,05.06.2020,12:00,10.0,(6.130933248752508+0j)
20533,05.06.2020,13:00,10.0,(6.130933248752508+0j)
20534,05.06.2020,14:00,13.0,(6.691256914211192+0j)
20535,05.06.2020,15:00,12.0,(6.515088753873438+0j)
20536,05.06.2020,16:00,20.0,(7.724491855603646+0j)
20537,05.06.2020,17:00,17.0,(7.317165783214581+0j)
20538,05.06.2020,18:00,14.0,(6.858607230018604+0j)
20539,05.06.2020,19:00,24.0,(8.208497462938503+0j)
20540,05.06.2020,20:00,27.0,(8.537181392110488+0j)
20541,05.06.2020,21:00,21.0,(7.851145380281553+0j)
20542,05.06.2020,22:00,33.0,(9.127767465531983+0j)
20543,05.06.2020,23:00,26.0,(8.430455436469295+0j)
20544,06.06.2020,00:00,12.0,(6.515088753873438+0j)
20545,06.06.2020,01:00,19.0,(7.593542967381978+0j)
20546,06.06.2020,02:00,6.0,(5.171029370782441+0j)
20547,06.06.2020,03:00,12.0,(6.515088753873438+0j)
20548,06.06.2020,04:00,35.0,(9.308562145233848+0j)
20549,06.06.2020,05:00,32.0,(9.034620481786352+0j)
20550,06.06.2020,06:00,28.0,(8.641303622061608+0j)
20551,06.06.2020,07:00,29.0,(8.74297534497106+0j)
20552,06.06.2020,08:00,8.0,(5.691454261406992+0j)
20553,06.06.2020,09:00,15.0,(7.018166609990766+0j)
20554,06.06.2020,10:00,7.0,(5.443680165984116+0j)
20555,06.06.2020,11:00,14.0,(6.858607230018604+0j)
20556,06.06.2020,12:00,9.0,(5.919350969396254+0j)
20557,06.06.2020,13:00,15.0,(7.018166609990766+0j)
20558,06.06.2020,14:00,3.0,(4.1042487314692515+0j)
20559,06.06.2020,15:00,11.0,(6.32884048187752+0j)
20560,06.06.2020,16:00,4.0,(4.517310240893176+0j)
20561,06.06.2020,17:00,5.0,(4.866124944308272+0j)
20562,06.06.2020,18:00,8.0,(5.691454261406992+0j)
20563,06.06.2020,19:00,13.0,(6.691256914211192+0j)
20564,06.06.2020,20:00,10.0,(6.130933248752508+0j)
20565,06.06.2020,21:00,7.0,(5.443680165984116+0j)
20566,06.06.2020,22:00,4.0,(4.517310240893176+0j)
20567,06.06.2020,23:00,0.0,0j
20568,07.06.2020,00:00,19.0,(7.593542967381978+0j)
20569,07.06.2020,01:00,1.0,(2.845727130703496+0j)
20570,07.06.2020,02:00,0.0,0j
20571,07.06.2020,03:00,0.0,0j
20572,07.06.2020,04:00,3.0,(4.1042487314692515+0j)
20573,07.06.2020,05:00,0.0,0j
20574,07.06.2020,06:00,0.0,0j
20575,07.06.2020,07:00,0.0,0j
20576,07.06.2020,08:00,1.0,(2.845727130703496+0j)
20577,07.06.2020,09:00,4.0,(4.517310240893176+0j)
20578,07.06.2020,10:00,1.0,(2.845727130703496+0j)
20579,07.06.2020,11:00,2.0,(3.585391514230274+0j)
20580,07.06.2020,12:00,4.0,(4.517310240893176+0j)
20581,07.06.2020,13:00,5.0,(4.866124944308272+0j)
20582,07.06.2020,14:00,8.0,(5.691454261406992+0j)
20583,07.06.2020,15:00,9.0,(5.919350969396254+0j)
20584,07.06.2020,16:00,14.0,(6.858607230018604+0j)
20585,07.06.2020,17:00,12.0,(6.515088753873438+0j)
20586,07.06.2020,18:00,9.0,(5.919350969396254+0j)
20587,07.06.2020,19:00,7.0,(5.443680165984116+0j)
20588,07.06.2020,20:00,10.0,(6.130933248752508+0j)
20589,07.06.2020,21:00,12.0,(6.515088753873438+0j)
20590,07.06.2020,22:00,3.0,(4.1042487314692515+0j)
20591,07.06.2020,23:00,0.0,0j
20592,08.06.2020,00:00,0.0,0j
20593,08.06.2020,01:00,0.0,0j
20594,08.06.2020,02:00,0.0,0j
20595,08.06.2020,03:00,0.0,0j
20596,08.06.2020,04:00,0.0,0j
20597,08.06.2020,05:00,0.0,0j
20598,08.06.2020,06:00,0.0,0j
20599,08.06.2020,07:00,0.0,0j
20600,08.06.2020,08:00,0.0,0j
20601,08.06.2020,09:00,0.0,0j
20602,08.06.2020,10:00,0.0,0j
20603,08.06.2020,11:00,0.0,0j
20604,08.06.2020,12:00,0.0,0j
20605,08.06.2020,13:00,0.0,0j
20606,08.06.2020,14:00,1.0,(2.845727130703496+0j)
20607,08.06.2020,15:00,2.0,(3.585391514230274+0j)
20608,08.06.2020,16:00,5.0,(4.866124944308272+0j)
20609,08.06.2020,17:00,2.0,(3.585391514230274+0j)
20610,08.06.2020,18:00,4.0,(4.517310240893176+0j)
20611,08.06.2020,19:00,9.0,(5.919350969396254+0j)
20612,08.06.2020,20:00,12.0,(6.515088753873438+0j)
20613,08.06.2020,21:00,5.0,(4.866124944308272+0j)
20614,08.06.2020,22:00,2.0,(3.585391514230274+0j)
20615,08.06.2020,23:00,0.0,0j
20616,09.06.2020,00:00,0.0,0j
20617,09.06.2020,01:00,0.0,0j
20618,09.06.2020,02:00,3.0,(4.1042487314692515+0j)
20619,09.06.2020,03:00,1.0,(2.845727130703496+0j)
20620,09.06.2020,04:00,0.0,0j
20621,09.06.2020,05:00,0.0,0j
20622,09.06.2020,06:00,0.0,0j
20623,09.06.2020,07:00,0.0,0j
20624,09.06.2020,08:00,1.0,(2.845727130703496+0j)
20625,09.06.2020,09:00,0.0,0j
20626,09.06.2020,10:00,0.0,0j
20627,09.06.2020,11:00,0.0,0j
20628,09.06.2020,12:00,0.0,0j
20629,09.06.2020,13:00,0.0,0j
20630,09.06.2020,14:00,0.0,0j
20631,09.06.2020,15:00,0.0,0j
20632,09.06.2020,16:00,7.0,(5.443680165984116+0j)
20633,09.06.2020,17:00,7.0,(5.443680165984116+0j)
20634,09.06.2020,18:00,7.0,(5.443680165984116+0j)
20635,09.06.2020,19:00,8.0,(5.691454261406992+0j)
20636,09.06.2020,20:00,3.0,(4.1042487314692515+0j)
20637,09.06.2020,21:00,2.0,(3.585391514230274+0j)
20638,09.06.2020,22:00,0.0,0j
20639,09.06.2020,23:00,0.0,0j
20640,10.06.2020,00:00,0.0,0j
20641,10.06.2020,01:00,1.0,(2.845727130703496+0j)
20642,10.06.2020,02:00,2.0,(3.585391514230274+0j)
20643,10.06.2020,03:00,2.0,(3.585391514230274+0j)
20644,10.06.2020,04:00,0.0,0j
20645,10.06.2020,05:00,1.0,(2.845727130703496+0j)
20646,10.06.2020,06:00,1.0,(2.845727130703496+0j)
20647,10.06.2020,07:00,1.0,(2.845727130703496+0j)
20648,10.06.2020,08:00,0.0,0j
20649,10.06.2020,09:00,0.0,0j
20650,10.06.2020,10:00,2.0,(3.585391514230274+0j)
20651,10.06.2020,11:00,2.0,(3.585391514230274+0j)
20652,10.06.2020,12:00,7.0,(5.443680165984116+0j)
20653,10.06.2020,13:00,15.0,(7.018166609990766+0j)
20654,10.06.2020,14:00,16.0,(7.170783028460548+0j)
20655,10.06.2020,15:00,18.0,(7.457914888057963+0j)
20656,10.06.2020,16:00,16.0,(7.170783028460548+0j)
20657,10.06.2020,17:00,13.0,(6.691256914211192+0j)
20658,10.06.2020,18:00,18.0,(7.457914888057963+0j)
20659,10.06.2020,19:00,14.0,(6.858607230018604+0j)
20660,10.06.2020,20:00,7.0,(5.443680165984116+0j)
20661,10.06.2020,21:00,16.0,(7.170783028460548+0j)
20662,10.06.2020,22:00,11.0,(6.32884048187752+0j)
20663,10.06.2020,23:00,1.0,(2.845727130703496+0j)
20664,11.06.2020,00:00,8.0,(5.691454261406992+0j)
20665,11.06.2020,01:00,5.0,(4.866124944308272+0j)
20666,11.06.2020,02:00,4.0,(4.517310240893176+0j)
20667,11.06.2020,03:00,4.0,(4.517310240893176+0j)
20668,11.06.2020,04:00,2.0,(3.585391514230274+0j)
20669,11.06.2020,05:00,2.0,(3.585391514230274+0j)
20670,11.06.2020,06:00,1.0,(2.845727130703496+0j)
20671,11.06.2020,07:00,0.0,0j
20672,11.06.2020,08:00,0.0,0j
20673,11.06.2020,09:00,0.0,0j
20674,11.06.2020,10:00,0.0,0j
20675,11.06.2020,11:00,4.0,(4.517310240893176+0j)
20676,11.06.2020,12:00,18.0,(7.457914888057963+0j)
20677,11.06.2020,13:00,26.0,(8.430455436469295+0j)
20678,11.06.2020,14:00,46.0,(10.19637653715948+0j)
20679,11.06.2020,15:00,43.0,(9.969714910096506+0j)
20680,11.06.2020,16:00,38.0,(9.567264627885733+0j)
20681,11.06.2020,17:00,28.0,(8.641303622061608+0j)
20682,11.06.2020,18:00,5.0,(4.866124944308272+0j)
20683,11.06.2020,19:00,20.0,(7.724491855603646+0j)
20684,11.06.2020,20:00,17.0,(7.317165783214581+0j)
20685,11.06.2020,21:00,6.0,(5.171029370782441+0j)
20686,11.06.2020,22:00,14.0,(6.858607230018604+0j)
20687,11.06.2020,23:00,22.0,(7.9738393445443+0j)
20688,12.06.2020,00:00,10.0,(6.130933248752508+0j)
20689,12.06.2020,01:00,12.0,(6.515088753873438+0j)
20690,12.06.2020,02:00,12.0,(6.515088753873438+0j)
20691,12.06.2020,03:00,5.0,(4.866124944308272+0j)
20692,12.06.2020,04:00,2.0,(3.585391514230274+0j)
20693,12.06.2020,05:00,0.0,0j
20694,12.06.2020,06:00,0.0,0j
20695,12.06.2020,07:00,0.0,0j
20696,12.06.2020,08:00,0.0,0j
20697,12.06.2020,09:00,0.0,0j
20698,12.06.2020,10:00,7.0,(5.443680165984116+0j)
20699,12.06.2020,11:00,15.0,(7.018166609990766+0j)
20700,12.06.2020,12:00,31.0,(8.939512150377235+0j)
20701,12.06.2020,13:00,41.0,(9.812685353516676+0j)
20702,12.06.2020,14:00,29.0,(8.74297534497106+0j)
20703,12.06.2020,15:00,15.0,(7.018166609990766+0j)
20704,12.06.2020,16:00,28.0,(8.641303622061608+0j)
20705,12.06.2020,17:00,32.0,(9.034620481786352+0j)
20706,12.06.2020,18:00,19.0,(7.593542967381978+0j)
20707,12.06.2020,19:00,11.0,(6.32884048187752+0j)
20708,12.06.2020,20:00,12.0,(6.515088753873438+0j)
20709,12.06.2020,21:00,4.0,(4.517310240893176+0j)
20710,12.06.2020,22:00,2.0,(3.585391514230274+0j)
20711,12.06.2020,23:00,0.0,0j
20712,13.06.2020,00:00,0.0,0j
20713,13.06.2020,01:00,8.0,(5.691454261406992+0j)
20714,13.06.2020,02:00,7.0,(5.443680165984116+0j)
20715,13.06.2020,03:00,2.0,(3.585391514230274+0j)
20716,13.06.2020,04:00,1.0,(2.845727130703496+0j)
20717,13.06.2020,05:00,0.0,0j
20718,13.06.2020,06:00,0.0,0j
20719,13.06.2020,07:00,0.0,0j
20720,13.06.2020,08:00,0.0,0j
20721,13.06.2020,09:00,0.0,0j
20722,13.06.2020,10:00,0.0,0j
20723,13.06.2020,11:00,3.0,(4.1042487314692515+0j)
20724,13.06.2020,12:00,3.0,(4.1042487314692515+0j)
20725,13.06.2020,13:00,8.0,(5.691454261406992+0j)
20726,13.06.2020,14:00,14.0,(6.858607230018604+0j)
20727,13.06.2020,15:00,7.0,(5.443680165984116+0j)
20728,13.06.2020,16:00,5.0,(4.866124944308272+0j)
20729,13.06.2020,17:00,5.0,(4.866124944308272+0j)
20730,13.06.2020,18:00,11.0,(6.32884048187752+0j)
20731,13.06.2020,19:00,3.0,(4.1042487314692515+0j)
20732,13.06.2020,20:00,3.0,(4.1042487314692515+0j)
20733,13.06.2020,21:00,1.0,(2.845727130703496+0j)
20734,13.06.2020,22:00,0.0,0j
20735,13.06.2020,23:00,0.0,0j
20736,14.06.2020,00:00,0.0,0j
20737,14.06.2020,01:00,0.0,0j
20738,14.06.2020,02:00,0.0,0j
20739,14.06.2020,03:00,0.0,0j
20740,14.06.2020,04:00,6.0,(5.171029370782441+0j)
20741,14.06.2020,05:00,5.0,(4.866124944308272+0j)
20742,14.06.2020,06:00,1.0,(2.845727130703496+0j)
20743,14.06.2020,07:00,0.0,0j
20744,14.06.2020,08:00,0.0,0j
20745,14.06.2020,09:00,0.0,0j
20746,14.06.2020,10:00,0.0,0j
20747,14.06.2020,11:00,0.0,0j
20748,14.06.2020,12:00,2.0,(3.585391514230274+0j)
20749,14.06.2020,13:00,4.0,(4.517310240893176+0j)
20750,14.06.2020,14:00,17.0,(7.317165783214581+0j)
20751,14.06.2020,15:00,15.0,(7.018166609990766+0j)
20752,14.06.2020,16:00,20.0,(7.724491855603646+0j)
20753,14.06.2020,17:00,17.0,(7.317165783214581+0j)
20754,14.06.2020,18:00,13.0,(6.691256914211192+0j)
20755,14.06.2020,19:00,14.0,(6.858607230018604+0j)
20756,14.06.2020,20:00,9.0,(5.919350969396254+0j)
20757,14.06.2020,21:00,10.0,(6.130933248752508+0j)
20758,14.06.2020,22:00,8.0,(5.691454261406992+0j)
20759,14.06.2020,23:00,6.0,(5.171029370782441+0j)
20760,15.06.2020,00:00,9.0,(5.919350969396254+0j)
20761,15.06.2020,01:00,10.0,(6.130933248752508+0j)
20762,15.06.2020,02:00,12.0,(6.515088753873438+0j)
20763,15.06.2020,03:00,6.0,(5.171029370782441+0j)
20764,15.06.2020,04:00,2.0,(3.585391514230274+0j)
20765,15.06.2020,05:00,4.0,(4.517310240893176+0j)
20766,15.06.2020,06:00,4.0,(4.517310240893176+0j)
20767,15.06.2020,07:00,4.0,(4.517310240893176+0j)
20768,15.06.2020,08:00,1.0,(2.845727130703496+0j)
20769,15.06.2020,09:00,2.0,(3.585391514230274+0j)
20770,15.06.2020,10:00,0.0,0j
20771,15.06.2020,11:00,6.0,(5.171029370782441+0j)
20772,15.06.2020,12:00,9.0,(5.919350969396254+0j)
20773,15.06.2020,13:00,9.0,(5.919350969396254+0j)
20774,15.06.2020,14:00,14.0,(6.858607230018604+0j)
20775,15.06.2020,15:00,28.0,(8.641303622061608+0j)
20776,15.06.2020,16:00,25.0,(8.320956608290626+0j)
20777,15.06.2020,17:00,20.0,(7.724491855603646+0j)
20778,15.06.2020,18:00,15.0,(7.018166609990766+0j)
20779,15.06.2020,19:00,10.0,(6.130933248752508+0j)
20780,15.06.2020,20:00,11.0,(6.32884048187752+0j)
20781,15.06.2020,21:00,10.0,(6.130933248752508+0j)
20782,15.06.2020,22:00,16.0,(7.170783028460548+0j)
20783,15.06.2020,23:00,12.0,(6.515088753873438+0j)
20784,16.06.2020,00:00,4.0,(4.517310240893176+0j)
20785,16.06.2020,01:00,6.0,(5.171029370782441+0j)
20786,16.06.2020,02:00,1.0,(2.845727130703496+0j)
20787,16.06.2020,03:00,0.0,0j
20788,16.06.2020,04:00,3.0,(4.1042487314692515+0j)
20789,16.06.2020,05:00,5.0,(4.866124944308272+0j)
20790,16.06.2020,06:00,4.0,(4.517310240893176+0j)
20791,16.06.2020,07:00,4.0,(4.517310240893176+0j)
20792,16.06.2020,08:00,2.0,(3.585391514230274+0j)
20793,16.06.2020,09:00,3.0,(4.1042487314692515+0j)
20794,16.06.2020,10:00,12.0,(6.515088753873438+0j)
20795,16.06.2020,11:00,5.0,(4.866124944308272+0j)
20796,16.06.2020,12:00,5.0,(4.866124944308272+0j)
20797,16.06.2020,13:00,15.0,(7.018166609990766+0j)
20798,16.06.2020,14:00,48.0,(10.34205874156488+0j)
20799,16.06.2020,15:00,64.0,(11.382908522813985+0j)
20800,16.06.2020,16:00,45.0,(10.121947777604984+0j)
20801,16.06.2020,17:00,31.0,(8.939512150377235+0j)
20802,16.06.2020,18:00,30.0,(8.84233584359671+0j)
20803,16.06.2020,19:00,14.0,(6.858607230018604+0j)
20804,16.06.2020,20:00,16.0,(7.170783028460548+0j)
20805,16.06.2020,21:00,24.0,(8.208497462938503+0j)
20806,16.06.2020,22:00,17.0,(7.317165783214581+0j)
20807,16.06.2020,23:00,24.0,(8.208497462938503+0j)
20808,17.06.2020,00:00,7.0,(5.443680165984116+0j)
20809,17.06.2020,01:00,2.0,(3.585391514230274+0j)
20810,17.06.2020,02:00,2.0,(3.585391514230274+0j)
20811,17.06.2020,03:00,0.0,0j
20812,17.06.2020,04:00,4.0,(4.517310240893176+0j)
20813,17.06.2020,05:00,2.0,(3.585391514230274+0j)
20814,17.06.2020,06:00,0.0,0j
20815,17.06.2020,07:00,0.0,0j
20816,17.06.2020,08:00,0.0,0j
20817,17.06.2020,09:00,0.0,0j
20818,17.06.2020,10:00,0.0,0j
20819,17.06.2020,11:00,2.0,(3.585391514230274+0j)
20820,17.06.2020,12:00,15.0,(7.018166609990766+0j)
20821,17.06.2020,13:00,21.0,(7.851145380281553+0j)
20822,17.06.2020,14:00,39.0,(9.650462409337567+0j)
20823,17.06.2020,15:00,37.0,(9.482594128751929+0j)
20824,17.06.2020,16:00,28.0,(8.641303622061608+0j)
20825,17.06.2020,17:00,18.0,(7.457914888057963+0j)
20826,17.06.2020,18:00,17.0,(7.317165783214581+0j)
20827,17.06.2020,19:00,9.0,(5.919350969396254+0j)
20828,17.06.2020,20:00,15.0,(7.018166609990766+0j)
20829,17.06.2020,21:00,8.0,(5.691454261406992+0j)
20830,17.06.2020,22:00,8.0,(5.691454261406992+0j)
20831,17.06.2020,23:00,1.0,(2.845727130703496+0j)
20832,18.06.2020,00:00,3.0,(4.1042487314692515+0j)
20833,18.06.2020,01:00,6.0,(5.171029370782441+0j)
20834,18.06.2020,02:00,1.0,(2.845727130703496+0j)
20835,18.06.2020,03:00,0.0,0j
20836,18.06.2020,04:00,0.0,0j
20837,18.06.2020,05:00,1.0,(2.845727130703496+0j)
20838,18.06.2020,06:00,0.0,0j
20839,18.06.2020,07:00,0.0,0j
20840,18.06.2020,08:00,0.0,0j
20841,18.06.2020,09:00,1.0,(2.845727130703496+0j)
20842,18.06.2020,10:00,1.0,(2.845727130703496+0j)
20843,18.06.2020,11:00,2.0,(3.585391514230274+0j)
20844,18.06.2020,12:00,3.0,(4.1042487314692515+0j)
20845,18.06.2020,13:00,9.0,(5.919350969396254+0j)
20846,18.06.2020,14:00,16.0,(7.170783028460548+0j)
20847,18.06.2020,15:00,18.0,(7.457914888057963+0j)
20848,18.06.2020,16:00,22.0,(7.9738393445443+0j)
20849,18.06.2020,17:00,14.0,(6.858607230018604+0j)
20850,18.06.2020,18:00,9.0,(5.919350969396254+0j)
20851,18.06.2020,19:00,3.0,(4.1042487314692515+0j)
20852,18.06.2020,20:00,0.0,0j
20853,18.06.2020,21:00,0.0,0j
20854,18.06.2020,22:00,0.0,0j
20855,18.06.2020,23:00,0.0,0j
20856,19.06.2020,00:00,0.0,0j
20857,19.06.2020,01:00,0.0,0j
20858,19.06.2020,02:00,0.0,0j
20859,19.06.2020,03:00,0.0,0j
20860,19.06.2020,04:00,0.0,0j
20861,19.06.2020,05:00,0.0,0j
20862,19.06.2020,06:00,0.0,0j
20863,19.06.2020,07:00,0.0,0j
20864,19.06.2020,08:00,0.0,0j
20865,19.06.2020,09:00,0.0,0j
20866,19.06.2020,10:00,4.0,(4.517310240893176+0j)
20867,19.06.2020,11:00,2.0,(3.585391514230274+0j)
20868,19.06.2020,12:00,7.0,(5.443680165984116+0j)
20869,19.06.2020,13:00,0.0,0j
20870,19.06.2020,14:00,0.0,0j
20871,19.06.2020,15:00,0.0,0j
20872,19.06.2020,16:00,0.0,0j
20873,19.06.2020,17:00,0.0,0j
20874,19.06.2020,18:00,0.0,0j
20875,19.06.2020,19:00,6.0,(5.171029370782441+0j)
20876,19.06.2020,20:00,9.0,(5.919350969396254+0j)
20877,19.06.2020,21:00,3.0,(4.1042487314692515+0j)
20878,19.06.2020,22:00,0.0,0j
20879,19.06.2020,23:00,1.0,(2.845727130703496+0j)
20880,20.06.2020,00:00,0.0,0j
20881,20.06.2020,01:00,0.0,0j
20882,20.06.2020,02:00,0.0,0j
20883,20.06.2020,03:00,0.0,0j
20884,20.06.2020,04:00,0.0,0j
20885,20.06.2020,05:00,1.0,(2.845727130703496+0j)
20886,20.06.2020,06:00,0.0,0j
20887,20.06.2020,07:00,0.0,0j
20888,20.06.2020,08:00,0.0,0j
20889,20.06.2020,09:00,0.0,0j
20890,20.06.2020,10:00,0.0,0j
20891,20.06.2020,11:00,0.0,0j
20892,20.06.2020,12:00,0.0,0j
20893,20.06.2020,13:00,5.0,(4.866124944308272+0j)
20894,20.06.2020,14:00,5.0,(4.866124944308272+0j)
20895,20.06.2020,15:00,10.0,(6.130933248752508+0j)
20896,20.06.2020,16:00,7.0,(5.443680165984116+0j)
20897,20.06.2020,17:00,10.0,(6.130933248752508+0j)
20898,20.06.2020,18:00,3.0,(4.1042487314692515+0j)
20899,20.06.2020,19:00,1.0,(2.845727130703496+0j)
20900,20.06.2020,20:00,0.0,0j
20901,20.06.2020,21:00,0.0,0j
20902,20.06.2020,22:00,0.0,0j
20903,20.06.2020,23:00,0.0,0j
20904,21.06.2020,00:00,0.0,0j
20905,21.06.2020,01:00,0.0,0j
20906,21.06.2020,02:00,0.0,0j
20907,21.06.2020,03:00,0.0,0j
20908,21.06.2020,04:00,0.0,0j
20909,21.06.2020,05:00,0.0,0j
20910,21.06.2020,06:00,0.0,0j
20911,21.06.2020,07:00,0.0,0j
20912,21.06.2020,08:00,0.0,0j
20913,21.06.2020,09:00,0.0,0j
20914,21.06.2020,10:00,0.0,0j
20915,21.06.2020,11:00,0.0,0j
20916,21.06.2020,12:00,2.0,(3.585391514230274+0j)
20917,21.06.2020,13:00,2.0,(3.585391514230274+0j)
20918,21.06.2020,14:00,0.0,0j
20919,21.06.2020,15:00,18.0,(7.457914888057963+0j)
20920,21.06.2020,16:00,26.0,(8.430455436469295+0j)
20921,21.06.2020,17:00,38.0,(9.567264627885733+0j)
20922,21.06.2020,18:00,20.0,(7.724491855603646+0j)
20923,21.06.2020,19:00,22.0,(7.9738393445443+0j)
20924,21.06.2020,20:00,10.0,(6.130933248752508+0j)
20925,21.06.2020,21:00,5.0,(4.866124944308272+0j)
20926,21.06.2020,22:00,4.0,(4.517310240893176+0j)
20927,21.06.2020,23:00,4.0,(4.517310240893176+0j)
20928,22.06.2020,00:00,6.0,(5.171029370782441+0j)
20929,22.06.2020,01:00,8.0,(5.691454261406992+0j)
20930,22.06.2020,02:00,6.0,(5.171029370782441+0j)
20931,22.06.2020,03:00,5.0,(4.866124944308272+0j)
20932,22.06.2020,04:00,0.0,0j
20933,22.06.2020,05:00,0.0,0j
20934,22.06.2020,06:00,0.0,0j
20935,22.06.2020,07:00,0.0,0j
20936,22.06.2020,08:00,0.0,0j
20937,22.06.2020,09:00,0.0,0j
20938,22.06.2020,10:00,0.0,0j
20939,22.06.2020,11:00,0.0,0j
20940,22.06.2020,12:00,0.0,0j
20941,22.06.2020,13:00,1.0,(2.845727130703496+0j)
20942,22.06.2020,14:00,15.0,(7.018166609990766+0j)
20943,22.06.2020,15:00,16.0,(7.170783028460548+0j)
20944,22.06.2020,16:00,12.0,(6.515088753873438+0j)
20945,22.06.2020,17:00,4.0,(4.517310240893176+0j)
20946,22.06.2020,18:00,8.0,(5.691454261406992+0j)
20947,22.06.2020,19:00,7.0,(5.443680165984116+0j)
20948,22.06.2020,20:00,1.0,(2.845727130703496+0j)
20949,22.06.2020,21:00,0.0,0j
20950,22.06.2020,22:00,0.0,0j
20951,22.06.2020,23:00,0.0,0j
20952,23.06.2020,00:00,0.0,0j
20953,23.06.2020,01:00,0.0,0j
20954,23.06.2020,02:00,0.0,0j
20955,23.06.2020,03:00,0.0,0j
20956,23.06.2020,04:00,0.0,0j
20957,23.06.2020,05:00,0.0,0j
20958,23.06.2020,06:00,0.0,0j
20959,23.06.2020,07:00,0.0,0j
20960,23.06.2020,08:00,3.0,(4.1042487314692515+0j)
20961,23.06.2020,09:00,9.0,(5.919350969396254+0j)
20962,23.06.2020,10:00,10.0,(6.130933248752508+0j)
20963,23.06.2020,11:00,1.0,(2.845727130703496+0j)
20964,23.06.2020,12:00,11.0,(6.32884048187752+0j)
20965,23.06.2020,13:00,0.0,0j
20966,23.06.2020,14:00,6.0,(5.171029370782441+0j)
20967,23.06.2020,15:00,11.0,(6.32884048187752+0j)
20968,23.06.2020,16:00,8.0,(5.691454261406992+0j)
20969,23.06.2020,17:00,6.0,(5.171029370782441+0j)
20970,23.06.2020,18:00,9.0,(5.919350969396254+0j)
20971,23.06.2020,19:00,8.0,(5.691454261406992+0j)
20972,23.06.2020,20:00,5.0,(4.866124944308272+0j)
20973,23.06.2020,21:00,3.0,(4.1042487314692515+0j)
20974,23.06.2020,22:00,2.0,(3.585391514230274+0j)
20975,23.06.2020,23:00,2.0,(3.585391514230274+0j)
20976,24.06.2020,00:00,1.0,(2.845727130703496+0j)
20977,24.06.2020,01:00,0.0,0j
20978,24.06.2020,02:00,1.0,(2.845727130703496+0j)
20979,24.06.2020,03:00,0.0,0j
20980,24.06.2020,04:00,0.0,0j
20981,24.06.2020,05:00,0.0,0j
20982,24.06.2020,06:00,0.0,0j
20983,24.06.2020,07:00,0.0,0j
20984,24.06.2020,08:00,0.0,0j
20985,24.06.2020,09:00,0.0,0j
20986,24.06.2020,10:00,0.0,0j
20987,24.06.2020,11:00,0.0,0j
20988,24.06.2020,12:00,0.0,0j
20989,24.06.2020,13:00,0.0,0j
20990,24.06.2020,14:00,0.0,0j
20991,24.06.2020,15:00,0.0,0j
20992,24.06.2020,16:00,0.0,0j
20993,24.06.2020,17:00,2.0,(3.585391514230274+0j)
20994,24.06.2020,18:00,3.0,(4.1042487314692515+0j)
20995,24.06.2020,19:00,1.0,(2.845727130703496+0j)
20996,24.06.2020,20:00,0.0,0j
20997,24.06.2020,21:00,1.0,(2.845727130703496+0j)
20998,24.06.2020,22:00,4.0,(4.517310240893176+0j)
20999,24.06.2020,23:00,10.0,(6.130933248752508+0j)
21000,25.06.2020,00:00,26.0,(8.430455436469295+0j)
21001,25.06.2020,01:00,24.0,(8.208497462938503+0j)
21002,25.06.2020,02:00,32.0,(9.034620481786352+0j)
21003,25.06.2020,03:00,28.0,(8.641303622061608+0j)
21004,25.06.2020,04:00,28.0,(8.641303622061608+0j)
21005,25.06.2020,05:00,31.0,(8.939512150377235+0j)
21006,25.06.2020,06:00,35.0,(9.308562145233848+0j)
21007,25.06.2020,07:00,30.0,(8.84233584359671+0j)
21008,25.06.2020,08:00,31.0,(8.939512150377235+0j)
21009,25.06.2020,09:00,55.0,(10.822164994364314+0j)
21010,25.06.2020,10:00,49.0,(10.41338553855059+0j)
21011,25.06.2020,11:00,52.0,(10.621708264608335+0j)
21012,25.06.2020,12:00,48.0,(10.34205874156488+0j)
21013,25.06.2020,13:00,58.0,(11.015458675840927+0j)
21014,25.06.2020,14:00,61.0,(11.202196833891742+0j)
21015,25.06.2020,15:00,58.0,(11.015458675840927+0j)
21016,25.06.2020,16:00,50.0,(10.483748386047209+0j)
21017,25.06.2020,17:00,53.0,(10.689364281461948+0j)
21018,25.06.2020,18:00,56.0,(10.887360331968232+0j)
21019,25.06.2020,19:00,60.0,(11.140645059587433+0j)
21020,25.06.2020,20:00,43.0,(9.969714910096506+0j)
21021,25.06.2020,21:00,37.0,(9.482594128751929+0j)
21022,25.06.2020,22:00,39.0,(9.650462409337567+0j)
21023,25.06.2020,23:00,49.0,(10.41338553855059+0j)
21024,26.06.2020,00:00,47.0,(10.269734286241032+0j)
21025,26.06.2020,01:00,52.0,(10.621708264608335+0j)
21026,26.06.2020,02:00,52.0,(10.621708264608335+0j)
21027,26.06.2020,03:00,58.0,(11.015458675840927+0j)
21028,26.06.2020,04:00,51.0,(10.5531792067093+0j)
21029,26.06.2020,05:00,44.0,(10.0464080386713+0j)
21030,26.06.2020,06:00,52.0,(10.621708264608335+0j)
21031,26.06.2020,07:00,49.0,(10.41338553855059+0j)
21032,26.06.2020,08:00,50.0,(10.483748386047209+0j)
21033,26.06.2020,09:00,51.0,(10.5531792067093+0j)
21034,26.06.2020,10:00,60.0,(11.140645059587433+0j)
21035,26.06.2020,11:00,55.0,(10.822164994364314+0j)
21036,26.06.2020,12:00,53.0,(10.689364281461948+0j)
21037,26.06.2020,13:00,57.0,(10.9517840818175+0j)
21038,26.06.2020,14:00,58.0,(11.015458675840927+0j)
21039,26.06.2020,15:00,59.0,(11.078405520382008+0j)
21040,26.06.2020,16:00,63.0,(11.323311051132062+0j)
21041,26.06.2020,17:00,65.0,(11.441888376335278+0j)
21042,26.06.2020,18:00,66.0,(11.500266368369322+0j)
21043,26.06.2020,19:00,60.0,(11.140645059587433+0j)
21044,26.06.2020,20:00,48.0,(10.34205874156488+0j)
21045,26.06.2020,21:00,56.0,(10.887360331968232+0j)
21046,26.06.2020,22:00,57.0,(10.9517840818175+0j)
21047,26.06.2020,23:00,59.0,(11.078405520382008+0j)
21048,27.06.2020,00:00,55.0,(10.822164994364314+0j)
21049,27.06.2020,01:00,53.0,(10.689364281461948+0j)
21050,27.06.2020,02:00,55.0,(10.822164994364314+0j)
21051,27.06.2020,03:00,58.0,(11.015458675840927+0j)
21052,27.06.2020,04:00,53.0,(10.689364281461948+0j)
21053,27.06.2020,05:00,53.0,(10.689364281461948+0j)
21054,27.06.2020,06:00,56.0,(10.887360331968232+0j)
21055,27.06.2020,07:00,61.0,(11.202196833891742+0j)
21056,27.06.2020,08:00,63.0,(11.323311051132062+0j)
21057,27.06.2020,09:00,63.0,(11.323311051132062+0j)
21058,27.06.2020,10:00,66.0,(11.500266368369322+0j)
21059,27.06.2020,11:00,62.0,(11.263079534051261+0j)
21060,27.06.2020,12:00,63.0,(11.323311051132062+0j)
21061,27.06.2020,13:00,55.0,(10.822164994364314+0j)
21062,27.06.2020,14:00,53.0,(10.689364281461948+0j)
21063,27.06.2020,15:00,54.0,(10.756174542690822+0j)
21064,27.06.2020,16:00,59.0,(11.078405520382008+0j)
21065,27.06.2020,17:00,61.0,(11.202196833891742+0j)
21066,27.06.2020,18:00,65.0,(11.441888376335278+0j)
21067,27.06.2020,19:00,61.0,(11.202196833891742+0j)
21068,27.06.2020,20:00,59.0,(11.078405520382008+0j)
21069,27.06.2020,21:00,54.0,(10.756174542690822+0j)
21070,27.06.2020,22:00,50.0,(10.483748386047209+0j)
21071,27.06.2020,23:00,38.0,(9.567264627885733+0j)
21072,28.06.2020,00:00,32.0,(9.034620481786352+0j)
21073,28.06.2020,01:00,30.0,(8.84233584359671+0j)
21074,28.06.2020,02:00,29.0,(8.74297534497106+0j)
21075,28.06.2020,03:00,28.0,(8.641303622061608+0j)
21076,28.06.2020,04:00,35.0,(9.308562145233848+0j)
21077,28.06.2020,05:00,33.0,(9.127767465531983+0j)
21078,28.06.2020,06:00,44.0,(10.0464080386713+0j)
21079,28.06.2020,07:00,38.0,(9.567264627885733+0j)
21080,28.06.2020,08:00,39.0,(9.650462409337567+0j)
21081,28.06.2020,09:00,42.0,(9.891823330401618+0j)
21082,28.06.2020,10:00,46.0,(10.19637653715948+0j)
21083,28.06.2020,11:00,39.0,(9.650462409337567+0j)
21084,28.06.2020,12:00,36.0,(9.396383955788593+0j)
21085,28.06.2020,13:00,26.0,(8.430455436469295+0j)
21086,28.06.2020,14:00,28.0,(8.641303622061608+0j)
21087,28.06.2020,15:00,22.0,(7.9738393445443+0j)
21088,28.06.2020,16:00,25.0,(8.320956608290626+0j)
21089,28.06.2020,17:00,37.0,(9.482594128751929+0j)
21090,28.06.2020,18:00,46.0,(10.19637653715948+0j)
21091,28.06.2020,19:00,49.0,(10.41338553855059+0j)
21092,28.06.2020,20:00,48.0,(10.34205874156488+0j)
21093,28.06.2020,21:00,41.0,(9.812685353516676+0j)
21094,28.06.2020,22:00,39.0,(9.650462409337567+0j)
21095,28.06.2020,23:00,27.0,(8.537181392110488+0j)
21096,29.06.2020,00:00,27.0,(8.537181392110488+0j)
21097,29.06.2020,01:00,31.0,(8.939512150377235+0j)
21098,29.06.2020,02:00,29.0,(8.74297534497106+0j)
21099,29.06.2020,03:00,35.0,(9.308562145233848+0j)
21100,29.06.2020,04:00,34.0,(9.219051195842558+0j)
21101,29.06.2020,05:00,27.0,(8.537181392110488+0j)
21102,29.06.2020,06:00,29.0,(8.74297534497106+0j)
21103,29.06.2020,07:00,25.0,(8.320956608290626+0j)
21104,29.06.2020,08:00,25.0,(8.320956608290626+0j)
21105,29.06.2020,09:00,25.0,(8.320956608290626+0j)
21106,29.06.2020,10:00,29.0,(8.74297534497106+0j)
21107,29.06.2020,11:00,24.0,(8.208497462938503+0j)
21108,29.06.2020,12:00,32.0,(9.034620481786352+0j)
21109,29.06.2020,13:00,23.0,(8.092869420675413+0j)
21110,29.06.2020,14:00,25.0,(8.320956608290626+0j)
21111,29.06.2020,15:00,21.0,(7.851145380281553+0j)
21112,29.06.2020,16:00,30.0,(8.84233584359671+0j)
21113,29.06.2020,17:00,42.0,(9.891823330401618+0j)
21114,29.06.2020,18:00,53.0,(10.689364281461948+0j)
21115,29.06.2020,19:00,55.0,(10.822164994364314+0j)
21116,29.06.2020,20:00,59.0,(11.078405520382008+0j)
21117,29.06.2020,21:00,51.0,(10.5531792067093+0j)
21118,29.06.2020,22:00,42.0,(9.891823330401618+0j)
21119,29.06.2020,23:00,46.0,(10.19637653715948+0j)
21120,30.06.2020,00:00,47.0,(10.269734286241032+0j)
21121,30.06.2020,01:00,48.0,(10.34205874156488+0j)
21122,30.06.2020,02:00,39.0,(9.650462409337567+0j)
21123,30.06.2020,03:00,46.0,(10.19637653715948+0j)
21124,30.06.2020,04:00,41.0,(9.812685353516676+0j)
21125,30.06.2020,05:00,49.0,(10.41338553855059+0j)
21126,30.06.2020,06:00,48.0,(10.34205874156488+0j)
21127,30.06.2020,07:00,42.0,(9.891823330401618+0j)
21128,30.06.2020,08:00,47.0,(10.269734286241032+0j)
21129,30.06.2020,09:00,46.0,(10.19637653715948+0j)
21130,30.06.2020,10:00,42.0,(9.891823330401618+0j)
21131,30.06.2020,11:00,43.0,(9.969714910096506+0j)
21132,30.06.2020,12:00,40.0,(9.732249888616542+0j)
21133,30.06.2020,13:00,40.0,(9.732249888616542+0j)
21134,30.06.2020,14:00,52.0,(10.621708264608335+0j)
21135,30.06.2020,15:00,55.0,(10.822164994364314+0j)
21136,30.06.2020,16:00,62.0,(11.263079534051261+0j)
21137,30.06.2020,17:00,63.0,(11.323311051132062+0j)
21138,30.06.2020,18:00,62.0,(11.263079534051261+0j)
21139,30.06.2020,19:00,59.0,(11.078405520382008+0j)
21140,30.06.2020,20:00,50.0,(10.483748386047209+0j)
21141,30.06.2020,21:00,58.0,(11.015458675840927+0j)
21142,30.06.2020,22:00,59.0,(11.078405520382008+0j)
21143,30.06.2020,23:00,13.0,(6.691256914211192+0j)
21144,01.07.2020,00:00,50.0,(10.483748386047209+0j)
21145,01.07.2020,01:00,50.0,(10.483748386047209+0j)
21146,01.07.2020,02:00,42.0,(9.891823330401618+0j)
21147,01.07.2020,03:00,49.0,(10.41338553855059+0j)
21148,01.07.2020,04:00,45.0,(10.121947777604984+0j)
21149,01.07.2020,05:00,52.0,(10.621708264608335+0j)
21150,01.07.2020,06:00,53.0,(10.689364281461948+0j)
21151,01.07.2020,07:00,47.0,(10.269734286241032+0j)
21152,01.07.2020,08:00,56.0,(10.887360331968232+0j)
21153,01.07.2020,09:00,49.0,(10.41338553855059+0j)
21154,01.07.2020,10:00,37.0,(9.482594128751929+0j)
21155,01.07.2020,11:00,26.0,(8.430455436469295+0j)
21156,01.07.2020,12:00,26.0,(8.430455436469295+0j)
21157,01.07.2020,13:00,50.0,(10.483748386047209+0j)
21158,01.07.2020,14:00,52.0,(10.621708264608335+0j)
21159,01.07.2020,15:00,43.0,(9.969714910096506+0j)
21160,01.07.2020,16:00,51.0,(10.5531792067093+0j)
21161,01.07.2020,17:00,53.0,(10.689364281461948+0j)
21162,01.07.2020,18:00,57.0,(10.9517840818175+0j)
21163,01.07.2020,19:00,57.0,(10.9517840818175+0j)
21164,01.07.2020,20:00,49.0,(10.41338553855059+0j)
21165,01.07.2020,21:00,43.0,(9.969714910096506+0j)
21166,01.07.2020,22:00,41.0,(9.812685353516676+0j)
21167,01.07.2020,23:00,31.0,(8.939512150377235+0j)
21168,02.07.2020,00:00,23.0,(8.092869420675413+0j)
21169,02.07.2020,01:00,19.0,(7.593542967381978+0j)
21170,02.07.2020,02:00,15.0,(7.018166609990766+0j)
21171,02.07.2020,03:00,19.0,(7.593542967381978+0j)
21172,02.07.2020,04:00,18.0,(7.457914888057963+0j)
21173,02.07.2020,05:00,16.0,(7.170783028460548+0j)
21174,02.07.2020,06:00,21.0,(7.851145380281553+0j)
21175,02.07.2020,07:00,19.0,(7.593542967381978+0j)
21176,02.07.2020,08:00,11.0,(6.32884048187752+0j)
21177,02.07.2020,09:00,11.0,(6.32884048187752+0j)
21178,02.07.2020,10:00,9.0,(5.919350969396254+0j)
21179,02.07.2020,11:00,14.0,(6.858607230018604+0j)
21180,02.07.2020,12:00,11.0,(6.32884048187752+0j)
21181,02.07.2020,13:00,14.0,(6.858607230018604+0j)
21182,02.07.2020,14:00,11.0,(6.32884048187752+0j)
21183,02.07.2020,15:00,13.0,(6.691256914211192+0j)
21184,02.07.2020,16:00,23.0,(8.092869420675413+0j)
21185,02.07.2020,17:00,34.0,(9.219051195842558+0j)
21186,02.07.2020,18:00,38.0,(9.567264627885733+0j)
21187,02.07.2020,19:00,42.0,(9.891823330401618+0j)
21188,02.07.2020,20:00,39.0,(9.650462409337567+0j)
21189,02.07.2020,21:00,39.0,(9.650462409337567+0j)
21190,02.07.2020,22:00,34.0,(9.219051195842558+0j)
21191,02.07.2020,23:00,30.0,(8.84233584359671+0j)
21192,03.07.2020,00:00,19.0,(7.593542967381978+0j)
21193,03.07.2020,01:00,16.0,(7.170783028460548+0j)
21194,03.07.2020,02:00,9.0,(5.919350969396254+0j)
21195,03.07.2020,03:00,8.0,(5.691454261406992+0j)
21196,03.07.2020,04:00,4.0,(4.517310240893176+0j)
21197,03.07.2020,05:00,2.0,(3.585391514230274+0j)
21198,03.07.2020,06:00,3.0,(4.1042487314692515+0j)
21199,03.07.2020,07:00,2.0,(3.585391514230274+0j)
21200,03.07.2020,08:00,1.0,(2.845727130703496+0j)
21201,03.07.2020,09:00,1.0,(2.845727130703496+0j)
21202,03.07.2020,10:00,2.0,(3.585391514230274+0j)
21203,03.07.2020,11:00,5.0,(4.866124944308272+0j)
21204,03.07.2020,12:00,5.0,(4.866124944308272+0j)
21205,03.07.2020,13:00,6.0,(5.171029370782441+0j)
21206,03.07.2020,14:00,4.0,(4.517310240893176+0j)
21207,03.07.2020,15:00,3.0,(4.1042487314692515+0j)
21208,03.07.2020,16:00,1.0,(2.845727130703496+0j)
21209,03.07.2020,17:00,3.0,(4.1042487314692515+0j)
21210,03.07.2020,18:00,6.0,(5.171029370782441+0j)
21211,03.07.2020,19:00,17.0,(7.317165783214581+0j)
21212,03.07.2020,20:00,22.0,(7.9738393445443+0j)
21213,03.07.2020,21:00,16.0,(7.170783028460548+0j)
21214,03.07.2020,22:00,15.0,(7.018166609990766+0j)
21215,03.07.2020,23:00,16.0,(7.170783028460548+0j)
21216,04.07.2020,00:00,17.0,(7.317165783214581+0j)
21217,04.07.2020,01:00,18.0,(7.457914888057963+0j)
21218,04.07.2020,02:00,17.0,(7.317165783214581+0j)
21219,04.07.2020,03:00,17.0,(7.317165783214581+0j)
21220,04.07.2020,04:00,22.0,(7.9738393445443+0j)
21221,04.07.2020,05:00,25.0,(8.320956608290626+0j)
21222,04.07.2020,06:00,30.0,(8.84233584359671+0j)
21223,04.07.2020,07:00,18.0,(7.457914888057963+0j)
21224,04.07.2020,08:00,6.0,(5.171029370782441+0j)
21225,04.07.2020,09:00,4.0,(4.517310240893176+0j)
21226,04.07.2020,10:00,4.0,(4.517310240893176+0j)
21227,04.07.2020,11:00,9.0,(5.919350969396254+0j)
21228,04.07.2020,12:00,8.0,(5.691454261406992+0j)
21229,04.07.2020,13:00,8.0,(5.691454261406992+0j)
21230,04.07.2020,14:00,7.0,(5.443680165984116+0j)
21231,04.07.2020,15:00,4.0,(4.517310240893176+0j)
21232,04.07.2020,16:00,8.0,(5.691454261406992+0j)
21233,04.07.2020,17:00,15.0,(7.018166609990766+0j)
21234,04.07.2020,18:00,27.0,(8.537181392110488+0j)
21235,04.07.2020,19:00,32.0,(9.034620481786352+0j)
21236,04.07.2020,20:00,33.0,(9.127767465531983+0j)
21237,04.07.2020,21:00,37.0,(9.482594128751929+0j)
21238,04.07.2020,22:00,30.0,(8.84233584359671+0j)
21239,04.07.2020,23:00,21.0,(7.851145380281553+0j)
21240,05.07.2020,00:00,8.0,(5.691454261406992+0j)
21241,05.07.2020,01:00,5.0,(4.866124944308272+0j)
21242,05.07.2020,02:00,20.0,(7.724491855603646+0j)
21243,05.07.2020,03:00,25.0,(8.320956608290626+0j)
21244,05.07.2020,04:00,22.0,(7.9738393445443+0j)
21245,05.07.2020,05:00,35.0,(9.308562145233848+0j)
21246,05.07.2020,06:00,32.0,(9.034620481786352+0j)
21247,05.07.2020,07:00,31.0,(8.939512150377235+0j)
21248,05.07.2020,08:00,27.0,(8.537181392110488+0j)
21249,05.07.2020,09:00,36.0,(9.396383955788593+0j)
21250,05.07.2020,10:00,41.0,(9.812685353516676+0j)
21251,05.07.2020,11:00,40.0,(9.732249888616542+0j)
21252,05.07.2020,12:00,40.0,(9.732249888616542+0j)
21253,05.07.2020,13:00,43.0,(9.969714910096506+0j)
21254,05.07.2020,14:00,45.0,(10.121947777604984+0j)
21255,05.07.2020,15:00,56.0,(10.887360331968232+0j)
21256,05.07.2020,16:00,54.0,(10.756174542690822+0j)
21257,05.07.2020,17:00,60.0,(11.140645059587433+0j)
21258,05.07.2020,18:00,62.0,(11.263079534051261+0j)
21259,05.07.2020,19:00,66.0,(11.500266368369322+0j)
21260,05.07.2020,20:00,58.0,(11.015458675840927+0j)
21261,05.07.2020,21:00,36.0,(9.396383955788593+0j)
21262,05.07.2020,22:00,47.0,(10.269734286241032+0j)
21263,05.07.2020,23:00,36.0,(9.396383955788593+0j)
21264,06.07.2020,00:00,24.0,(8.208497462938503+0j)
21265,06.07.2020,01:00,34.0,(9.219051195842558+0j)
21266,06.07.2020,02:00,35.0,(9.308562145233848+0j)
21267,06.07.2020,03:00,31.0,(8.939512150377235+0j)
21268,06.07.2020,04:00,30.0,(8.84233584359671+0j)
21269,06.07.2020,05:00,39.0,(9.650462409337567+0j)
21270,06.07.2020,06:00,39.0,(9.650462409337567+0j)
21271,06.07.2020,07:00,37.0,(9.482594128751929+0j)
21272,06.07.2020,08:00,29.0,(8.74297534497106+0j)
21273,06.07.2020,09:00,23.0,(8.092869420675413+0j)
21274,06.07.2020,10:00,14.0,(6.858607230018604+0j)
21275,06.07.2020,11:00,22.0,(7.9738393445443+0j)
21276,06.07.2020,12:00,19.0,(7.593542967381978+0j)
21277,06.07.2020,13:00,18.0,(7.457914888057963+0j)
21278,06.07.2020,14:00,20.0,(7.724491855603646+0j)
21279,06.07.2020,15:00,30.0,(8.84233584359671+0j)
21280,06.07.2020,16:00,83.0,(12.413262855805048+0j)
21281,06.07.2020,17:00,35.0,(9.308562145233848+0j)
21282,06.07.2020,18:00,29.0,(8.74297534497106+0j)
21283,06.07.2020,19:00,35.0,(9.308562145233848+0j)
21284,06.07.2020,20:00,31.0,(8.939512150377235+0j)
21285,06.07.2020,21:00,16.0,(7.170783028460548+0j)
21286,06.07.2020,22:00,13.0,(6.691256914211192+0j)
21287,06.07.2020,23:00,1.0,(2.845727130703496+0j)
21288,07.07.2020,00:00,0.0,0j
21289,07.07.2020,01:00,2.0,(3.585391514230274+0j)
21290,07.07.2020,02:00,0.0,0j
21291,07.07.2020,03:00,1.0,(2.845727130703496+0j)
21292,07.07.2020,04:00,0.0,0j
21293,07.07.2020,05:00,0.0,0j
21294,07.07.2020,06:00,0.0,0j
21295,07.07.2020,07:00,0.0,0j
21296,07.07.2020,08:00,0.0,0j
21297,07.07.2020,09:00,0.0,0j
21298,07.07.2020,10:00,0.0,0j
21299,07.07.2020,11:00,4.0,(4.517310240893176+0j)
21300,07.07.2020,12:00,5.0,(4.866124944308272+0j)
21301,07.07.2020,13:00,7.0,(5.443680165984116+0j)
21302,07.07.2020,14:00,16.0,(7.170783028460548+0j)
21303,07.07.2020,15:00,10.0,(6.130933248752508+0j)
21304,07.07.2020,16:00,11.0,(6.32884048187752+0j)
21305,07.07.2020,17:00,8.0,(5.691454261406992+0j)
21306,07.07.2020,18:00,15.0,(7.018166609990766+0j)
21307,07.07.2020,19:00,13.0,(6.691256914211192+0j)
21308,07.07.2020,20:00,4.0,(4.517310240893176+0j)
21309,07.07.2020,21:00,0.0,0j
21310,07.07.2020,22:00,3.0,(4.1042487314692515+0j)
21311,07.07.2020,23:00,14.0,(6.858607230018604+0j)
21312,08.07.2020,00:00,31.0,(8.939512150377235+0j)
21313,08.07.2020,01:00,59.0,(11.078405520382008+0j)
21314,08.07.2020,02:00,60.0,(11.140645059587433+0j)
21315,08.07.2020,03:00,58.0,(11.015458675840927+0j)
21316,08.07.2020,04:00,65.0,(11.441888376335278+0j)
21317,08.07.2020,05:00,63.0,(11.323311051132062+0j)
21318,08.07.2020,06:00,64.0,(11.382908522813985+0j)
21319,08.07.2020,07:00,66.0,(11.500266368369322+0j)
21320,08.07.2020,08:00,66.0,(11.500266368369322+0j)
21321,08.07.2020,09:00,66.0,(11.500266368369322+0j)
21322,08.07.2020,10:00,65.0,(11.441888376335278+0j)
21323,08.07.2020,11:00,65.0,(11.441888376335278+0j)
21324,08.07.2020,12:00,67.0,(11.55805762209552+0j)
21325,08.07.2020,13:00,63.0,(11.323311051132062+0j)
21326,08.07.2020,14:00,55.0,(10.822164994364314+0j)
21327,08.07.2020,15:00,68.0,(11.615276661700541+0j)
21328,08.07.2020,16:00,68.0,(11.615276661700541+0j)
21329,08.07.2020,17:00,65.0,(11.441888376335278+0j)
21330,08.07.2020,18:00,67.0,(11.55805762209552+0j)
21331,08.07.2020,19:00,67.0,(11.55805762209552+0j)
21332,08.07.2020,20:00,64.0,(11.382908522813985+0j)
21333,08.07.2020,21:00,62.0,(11.263079534051261+0j)
21334,08.07.2020,22:00,62.0,(11.263079534051261+0j)
21335,08.07.2020,23:00,58.0,(11.015458675840927+0j)
21336,09.07.2020,00:00,53.0,(10.689364281461948+0j)
21337,09.07.2020,01:00,60.0,(11.140645059587433+0j)
21338,09.07.2020,02:00,56.0,(10.887360331968232+0j)
21339,09.07.2020,03:00,58.0,(11.015458675840927+0j)
21340,09.07.2020,04:00,59.0,(11.078405520382008+0j)
21341,09.07.2020,05:00,58.0,(11.015458675840927+0j)
21342,09.07.2020,06:00,55.0,(10.822164994364314+0j)
21343,09.07.2020,07:00,60.0,(11.140645059587433+0j)
21344,09.07.2020,08:00,63.0,(11.323311051132062+0j)
21345,09.07.2020,09:00,62.0,(11.263079534051261+0j)
21346,09.07.2020,10:00,63.0,(11.323311051132062+0j)
21347,09.07.2020,11:00,61.0,(11.202196833891742+0j)
21348,09.07.2020,12:00,66.0,(11.500266368369322+0j)
21349,09.07.2020,13:00,66.0,(11.500266368369322+0j)
21350,09.07.2020,14:00,67.0,(11.55805762209552+0j)
21351,09.07.2020,15:00,68.0,(11.615276661700541+0j)
21352,09.07.2020,16:00,69.0,(11.671937444523078+0j)
21353,09.07.2020,17:00,67.0,(11.55805762209552+0j)
21354,09.07.2020,18:00,68.0,(11.615276661700541+0j)
21355,09.07.2020,19:00,66.0,(11.500266368369322+0j)
21356,09.07.2020,20:00,68.0,(11.615276661700541+0j)
21357,09.07.2020,21:00,67.0,(11.55805762209552+0j)
21358,09.07.2020,22:00,64.0,(11.382908522813985+0j)
21359,09.07.2020,23:00,64.0,(11.382908522813985+0j)
21360,10.07.2020,00:00,62.0,(11.263079534051261+0j)
21361,10.07.2020,01:00,61.0,(11.202196833891742+0j)
21362,10.07.2020,02:00,57.0,(10.9517840818175+0j)
21363,10.07.2020,03:00,59.0,(11.078405520382008+0j)
21364,10.07.2020,04:00,55.0,(10.822164994364314+0j)
21365,10.07.2020,05:00,62.0,(11.263079534051261+0j)
21366,10.07.2020,06:00,60.0,(11.140645059587433+0j)
21367,10.07.2020,07:00,53.0,(10.689364281461948+0j)
21368,10.07.2020,08:00,47.0,(10.269734286241032+0j)
21369,10.07.2020,09:00,54.0,(10.756174542690822+0j)
21370,10.07.2020,10:00,61.0,(11.202196833891742+0j)
21371,10.07.2020,11:00,56.0,(10.887360331968232+0j)
21372,10.07.2020,12:00,56.0,(10.887360331968232+0j)
21373,10.07.2020,13:00,56.0,(10.887360331968232+0j)
21374,10.07.2020,14:00,59.0,(11.078405520382008+0j)
21375,10.07.2020,15:00,61.0,(11.202196833891742+0j)
21376,10.07.2020,16:00,58.0,(11.015458675840927+0j)
21377,10.07.2020,17:00,64.0,(11.382908522813985+0j)
21378,10.07.2020,18:00,64.0,(11.382908522813985+0j)
21379,10.07.2020,19:00,64.0,(11.382908522813985+0j)
21380,10.07.2020,20:00,59.0,(11.078405520382008+0j)
21381,10.07.2020,21:00,53.0,(10.689364281461948+0j)
21382,10.07.2020,22:00,48.0,(10.34205874156488+0j)
21383,10.07.2020,23:00,37.0,(9.482594128751929+0j)
21384,11.07.2020,00:00,46.0,(10.19637653715948+0j)
21385,11.07.2020,01:00,41.0,(9.812685353516676+0j)
21386,11.07.2020,02:00,33.0,(9.127767465531983+0j)
21387,11.07.2020,03:00,30.0,(8.84233584359671+0j)
21388,11.07.2020,04:00,29.0,(8.74297534497106+0j)
21389,11.07.2020,05:00,30.0,(8.84233584359671+0j)
21390,11.07.2020,06:00,32.0,(9.034620481786352+0j)
21391,11.07.2020,07:00,25.0,(8.320956608290626+0j)
21392,11.07.2020,08:00,19.0,(7.593542967381978+0j)
21393,11.07.2020,09:00,13.0,(6.691256914211192+0j)
21394,11.07.2020,10:00,12.0,(6.515088753873438+0j)
21395,11.07.2020,11:00,14.0,(6.858607230018604+0j)
21396,11.07.2020,12:00,23.0,(8.092869420675413+0j)
21397,11.07.2020,13:00,26.0,(8.430455436469295+0j)
21398,11.07.2020,14:00,24.0,(8.208497462938503+0j)
21399,11.07.2020,15:00,22.0,(7.9738393445443+0j)
21400,11.07.2020,16:00,26.0,(8.430455436469295+0j)
21401,11.07.2020,17:00,35.0,(9.308562145233848+0j)
21402,11.07.2020,18:00,36.0,(9.396383955788593+0j)
21403,11.07.2020,19:00,41.0,(9.812685353516676+0j)
21404,11.07.2020,20:00,39.0,(9.650462409337567+0j)
21405,11.07.2020,21:00,40.0,(9.732249888616542+0j)
21406,11.07.2020,22:00,43.0,(9.969714910096506+0j)
21407,11.07.2020,23:00,46.0,(10.19637653715948+0j)
21408,12.07.2020,00:00,45.0,(10.121947777604984+0j)
21409,12.07.2020,01:00,48.0,(10.34205874156488+0j)
21410,12.07.2020,02:00,46.0,(10.19637653715948+0j)
21411,12.07.2020,03:00,42.0,(9.891823330401618+0j)
21412,12.07.2020,04:00,30.0,(8.84233584359671+0j)
21413,12.07.2020,05:00,37.0,(9.482594128751929+0j)
21414,12.07.2020,06:00,35.0,(9.308562145233848+0j)
21415,12.07.2020,07:00,30.0,(8.84233584359671+0j)
21416,12.07.2020,08:00,40.0,(9.732249888616542+0j)
21417,12.07.2020,09:00,52.0,(10.621708264608335+0j)
21418,12.07.2020,10:00,56.0,(10.887360331968232+0j)
21419,12.07.2020,11:00,51.0,(10.5531792067093+0j)
21420,12.07.2020,12:00,49.0,(10.41338553855059+0j)
21421,12.07.2020,13:00,50.0,(10.483748386047209+0j)
21422,12.07.2020,14:00,45.0,(10.121947777604984+0j)
21423,12.07.2020,15:00,59.0,(11.078405520382008+0j)
21424,12.07.2020,16:00,64.0,(11.382908522813985+0j)
21425,12.07.2020,17:00,64.0,(11.382908522813985+0j)
21426,12.07.2020,18:00,68.0,(11.615276661700541+0j)
21427,12.07.2020,19:00,68.0,(11.615276661700541+0j)
21428,12.07.2020,20:00,65.0,(11.441888376335278+0j)
21429,12.07.2020,21:00,68.0,(11.615276661700541+0j)
21430,12.07.2020,22:00,64.0,(11.382908522813985+0j)
21431,12.07.2020,23:00,66.0,(11.500266368369322+0j)
21432,13.07.2020,00:00,60.0,(11.140645059587433+0j)
21433,13.07.2020,01:00,66.0,(11.500266368369322+0j)
21434,13.07.2020,02:00,64.0,(11.382908522813985+0j)
21435,13.07.2020,03:00,63.0,(11.323311051132062+0j)
21436,13.07.2020,04:00,63.0,(11.323311051132062+0j)
21437,13.07.2020,05:00,69.0,(11.671937444523078+0j)
21438,13.07.2020,06:00,67.0,(11.55805762209552+0j)
21439,13.07.2020,07:00,67.0,(11.55805762209552+0j)
21440,13.07.2020,08:00,68.0,(11.615276661700541+0j)
21441,13.07.2020,09:00,68.0,(11.615276661700541+0j)
21442,13.07.2020,10:00,69.0,(11.671937444523078+0j)
21443,13.07.2020,11:00,68.0,(11.615276661700541+0j)
21444,13.07.2020,12:00,69.0,(11.671937444523078+0j)
21445,13.07.2020,13:00,69.0,(11.671937444523078+0j)
21446,13.07.2020,14:00,69.0,(11.671937444523078+0j)
21447,13.07.2020,15:00,69.0,(11.671937444523078+0j)
21448,13.07.2020,16:00,69.0,(11.671937444523078+0j)
21449,13.07.2020,17:00,69.0,(11.671937444523078+0j)
21450,13.07.2020,18:00,69.0,(11.671937444523078+0j)
21451,13.07.2020,19:00,69.0,(11.671937444523078+0j)
21452,13.07.2020,20:00,69.0,(11.671937444523078+0j)
21453,13.07.2020,21:00,69.0,(11.671937444523078+0j)
21454,13.07.2020,22:00,68.0,(11.615276661700541+0j)
21455,13.07.2020,23:00,67.0,(11.55805762209552+0j)
21456,14.07.2020,00:00,67.0,(11.55805762209552+0j)
21457,14.07.2020,01:00,66.0,(11.500266368369322+0j)
21458,14.07.2020,02:00,67.0,(11.55805762209552+0j)
21459,14.07.2020,03:00,65.0,(11.441888376335278+0j)
21460,14.07.2020,04:00,61.0,(11.202196833891742+0j)
21461,14.07.2020,05:00,65.0,(11.441888376335278+0j)
21462,14.07.2020,06:00,65.0,(11.441888376335278+0j)
21463,14.07.2020,07:00,66.0,(11.500266368369322+0j)
21464,14.07.2020,08:00,65.0,(11.441888376335278+0j)
21465,14.07.2020,09:00,66.0,(11.500266368369322+0j)
21466,14.07.2020,10:00,66.0,(11.500266368369322+0j)
21467,14.07.2020,11:00,68.0,(11.615276661700541+0j)
21468,14.07.2020,12:00,61.0,(11.202196833891742+0j)
21469,14.07.2020,13:00,58.0,(11.015458675840927+0j)
21470,14.07.2020,14:00,59.0,(11.078405520382008+0j)
21471,14.07.2020,15:00,58.0,(11.015458675840927+0j)
21472,14.07.2020,16:00,57.0,(10.9517840818175+0j)
21473,14.07.2020,17:00,57.0,(10.9517840818175+0j)
21474,14.07.2020,18:00,58.0,(11.015458675840927+0j)
21475,14.07.2020,19:00,58.0,(11.015458675840927+0j)
21476,14.07.2020,20:00,63.0,(11.323311051132062+0j)
21477,14.07.2020,21:00,59.0,(11.078405520382008+0j)
21478,14.07.2020,22:00,55.0,(10.822164994364314+0j)
21479,14.07.2020,23:00,48.0,(10.34205874156488+0j)
21480,15.07.2020,00:00,51.0,(10.5531792067093+0j)
21481,15.07.2020,01:00,44.0,(10.0464080386713+0j)
21482,15.07.2020,02:00,44.0,(10.0464080386713+0j)
21483,15.07.2020,03:00,43.0,(9.969714910096506+0j)
21484,15.07.2020,04:00,44.0,(10.0464080386713+0j)
21485,15.07.2020,05:00,41.0,(9.812685353516676+0j)
21486,15.07.2020,06:00,44.0,(10.0464080386713+0j)
21487,15.07.2020,07:00,49.0,(10.41338553855059+0j)
21488,15.07.2020,08:00,40.0,(9.732249888616542+0j)
21489,15.07.2020,09:00,53.0,(10.689364281461948+0j)
21490,15.07.2020,10:00,46.0,(10.19637653715948+0j)
21491,15.07.2020,11:00,33.0,(9.127767465531983+0j)
21492,15.07.2020,12:00,27.0,(8.537181392110488+0j)
21493,15.07.2020,13:00,21.0,(7.851145380281553+0j)
21494,15.07.2020,14:00,19.0,(7.593542967381978+0j)
21495,15.07.2020,15:00,25.0,(8.320956608290626+0j)
21496,15.07.2020,16:00,28.0,(8.641303622061608+0j)
21497,15.07.2020,17:00,36.0,(9.396383955788593+0j)
21498,15.07.2020,18:00,51.0,(10.5531792067093+0j)
21499,15.07.2020,19:00,53.0,(10.689364281461948+0j)
21500,15.07.2020,20:00,50.0,(10.483748386047209+0j)
21501,15.07.2020,21:00,43.0,(9.969714910096506+0j)
21502,15.07.2020,22:00,38.0,(9.567264627885733+0j)
21503,15.07.2020,23:00,38.0,(9.567264627885733+0j)
21504,16.07.2020,00:00,35.0,(9.308562145233848+0j)
21505,16.07.2020,01:00,40.0,(9.732249888616542+0j)
21506,16.07.2020,02:00,45.0,(10.121947777604984+0j)
21507,16.07.2020,03:00,45.0,(10.121947777604984+0j)
21508,16.07.2020,04:00,48.0,(10.34205874156488+0j)
21509,16.07.2020,05:00,46.0,(10.19637653715948+0j)
21510,16.07.2020,06:00,49.0,(10.41338553855059+0j)
21511,16.07.2020,07:00,50.0,(10.483748386047209+0j)
21512,16.07.2020,08:00,54.0,(10.756174542690822+0j)
21513,16.07.2020,09:00,58.0,(11.015458675840927+0j)
21514,16.07.2020,10:00,52.0,(10.621708264608335+0j)
21515,16.07.2020,11:00,34.0,(9.219051195842558+0j)
21516,16.07.2020,12:00,39.0,(9.650462409337567+0j)
21517,16.07.2020,13:00,42.0,(9.891823330401618+0j)
21518,16.07.2020,14:00,40.0,(9.732249888616542+0j)
21519,16.07.2020,15:00,49.0,(10.41338553855059+0j)
21520,16.07.2020,16:00,48.0,(10.34205874156488+0j)
21521,16.07.2020,17:00,48.0,(10.34205874156488+0j)
21522,16.07.2020,18:00,50.0,(10.483748386047209+0j)
21523,16.07.2020,19:00,54.0,(10.756174542690822+0j)
21524,16.07.2020,20:00,53.0,(10.689364281461948+0j)
21525,16.07.2020,21:00,49.0,(10.41338553855059+0j)
21526,16.07.2020,22:00,56.0,(10.887360331968232+0j)
21527,16.07.2020,23:00,44.0,(10.0464080386713+0j)
21528,17.07.2020,00:00,45.0,(10.121947777604984+0j)
21529,17.07.2020,01:00,51.0,(10.5531792067093+0j)
21530,17.07.2020,02:00,52.0,(10.621708264608335+0j)
21531,17.07.2020,03:00,49.0,(10.41338553855059+0j)
21532,17.07.2020,04:00,53.0,(10.689364281461948+0j)
21533,17.07.2020,05:00,50.0,(10.483748386047209+0j)
21534,17.07.2020,06:00,50.0,(10.483748386047209+0j)
21535,17.07.2020,07:00,52.0,(10.621708264608335+0j)
21536,17.07.2020,08:00,58.0,(11.015458675840927+0j)
21537,17.07.2020,09:00,57.0,(10.9517840818175+0j)
21538,17.07.2020,10:00,56.0,(10.887360331968232+0j)
21539,17.07.2020,11:00,51.0,(10.5531792067093+0j)
21540,17.07.2020,12:00,57.0,(10.9517840818175+0j)
21541,17.07.2020,13:00,58.0,(11.015458675840927+0j)
21542,17.07.2020,14:00,49.0,(10.41338553855059+0j)
21543,17.07.2020,15:00,49.0,(10.41338553855059+0j)
21544,17.07.2020,16:00,56.0,(10.887360331968232+0j)
21545,17.07.2020,17:00,59.0,(11.078405520382008+0j)
21546,17.07.2020,18:00,58.0,(11.015458675840927+0j)
21547,17.07.2020,19:00,60.0,(11.140645059587433+0j)
21548,17.07.2020,20:00,59.0,(11.078405520382008+0j)
21549,17.07.2020,21:00,50.0,(10.483748386047209+0j)
21550,17.07.2020,22:00,46.0,(10.19637653715948+0j)
21551,17.07.2020,23:00,46.0,(10.19637653715948+0j)
21552,18.07.2020,00:00,29.0,(8.74297534497106+0j)
21553,18.07.2020,01:00,26.0,(8.430455436469295+0j)
21554,18.07.2020,02:00,21.0,(7.851145380281553+0j)
21555,18.07.2020,03:00,27.0,(8.537181392110488+0j)
21556,18.07.2020,04:00,37.0,(9.482594128751929+0j)
21557,18.07.2020,05:00,35.0,(9.308562145233848+0j)
21558,18.07.2020,06:00,32.0,(9.034620481786352+0j)
21559,18.07.2020,07:00,36.0,(9.396383955788593+0j)
21560,18.07.2020,08:00,35.0,(9.308562145233848+0j)
21561,18.07.2020,09:00,20.0,(7.724491855603646+0j)
21562,18.07.2020,10:00,26.0,(8.430455436469295+0j)
21563,18.07.2020,11:00,20.0,(7.724491855603646+0j)
21564,18.07.2020,12:00,18.0,(7.457914888057963+0j)
21565,18.07.2020,13:00,14.0,(6.858607230018604+0j)
21566,18.07.2020,14:00,9.0,(5.919350969396254+0j)
21567,18.07.2020,15:00,14.0,(6.858607230018604+0j)
21568,18.07.2020,16:00,9.0,(5.919350969396254+0j)
21569,18.07.2020,17:00,9.0,(5.919350969396254+0j)
21570,18.07.2020,18:00,21.0,(7.851145380281553+0j)
21571,18.07.2020,19:00,26.0,(8.430455436469295+0j)
21572,18.07.2020,20:00,34.0,(9.219051195842558+0j)
21573,18.07.2020,21:00,29.0,(8.74297534497106+0j)
21574,18.07.2020,22:00,24.0,(8.208497462938503+0j)
21575,18.07.2020,23:00,18.0,(7.457914888057963+0j)
21576,19.07.2020,00:00,9.0,(5.919350969396254+0j)
21577,19.07.2020,01:00,6.0,(5.171029370782441+0j)
21578,19.07.2020,02:00,3.0,(4.1042487314692515+0j)
21579,19.07.2020,03:00,4.0,(4.517310240893176+0j)
21580,19.07.2020,04:00,5.0,(4.866124944308272+0j)
21581,19.07.2020,05:00,5.0,(4.866124944308272+0j)
21582,19.07.2020,06:00,4.0,(4.517310240893176+0j)
21583,19.07.2020,07:00,5.0,(4.866124944308272+0j)
21584,19.07.2020,08:00,4.0,(4.517310240893176+0j)
21585,19.07.2020,09:00,2.0,(3.585391514230274+0j)
21586,19.07.2020,10:00,0.0,0j
21587,19.07.2020,11:00,0.0,0j
21588,19.07.2020,12:00,1.0,(2.845727130703496+0j)
21589,19.07.2020,13:00,0.0,0j
21590,19.07.2020,14:00,3.0,(4.1042487314692515+0j)
21591,19.07.2020,15:00,8.0,(5.691454261406992+0j)
21592,19.07.2020,16:00,10.0,(6.130933248752508+0j)
21593,19.07.2020,17:00,6.0,(5.171029370782441+0j)
21594,19.07.2020,18:00,4.0,(4.517310240893176+0j)
21595,19.07.2020,19:00,5.0,(4.866124944308272+0j)
21596,19.07.2020,20:00,5.0,(4.866124944308272+0j)
21597,19.07.2020,21:00,4.0,(4.517310240893176+0j)
21598,19.07.2020,22:00,20.0,(7.724491855603646+0j)
21599,19.07.2020,23:00,15.0,(7.018166609990766+0j)
21600,20.07.2020,00:00,15.0,(7.018166609990766+0j)
21601,20.07.2020,01:00,14.0,(6.858607230018604+0j)
21602,20.07.2020,02:00,8.0,(5.691454261406992+0j)
21603,20.07.2020,03:00,8.0,(5.691454261406992+0j)
21604,20.07.2020,04:00,14.0,(6.858607230018604+0j)
21605,20.07.2020,05:00,26.0,(8.430455436469295+0j)
21606,20.07.2020,06:00,39.0,(9.650462409337567+0j)
21607,20.07.2020,07:00,46.0,(10.19637653715948+0j)
21608,20.07.2020,08:00,36.0,(9.396383955788593+0j)
21609,20.07.2020,09:00,33.0,(9.127767465531983+0j)
21610,20.07.2020,10:00,38.0,(9.567264627885733+0j)
21611,20.07.2020,11:00,23.0,(8.092869420675413+0j)
21612,20.07.2020,12:00,17.0,(7.317165783214581+0j)
21613,20.07.2020,13:00,11.0,(6.32884048187752+0j)
21614,20.07.2020,14:00,8.0,(5.691454261406992+0j)
21615,20.07.2020,15:00,9.0,(5.919350969396254+0j)
21616,20.07.2020,16:00,12.0,(6.515088753873438+0j)
21617,20.07.2020,17:00,14.0,(6.858607230018604+0j)
21618,20.07.2020,18:00,27.0,(8.537181392110488+0j)
21619,20.07.2020,19:00,39.0,(9.650462409337567+0j)
21620,20.07.2020,20:00,38.0,(9.567264627885733+0j)
21621,20.07.2020,21:00,37.0,(9.482594128751929+0j)
21622,20.07.2020,22:00,38.0,(9.567264627885733+0j)
21623,20.07.2020,23:00,41.0,(9.812685353516676+0j)
21624,21.07.2020,00:00,40.0,(9.732249888616542+0j)
21625,21.07.2020,01:00,47.0,(10.269734286241032+0j)
21626,21.07.2020,02:00,57.0,(10.9517840818175+0j)
21627,21.07.2020,03:00,50.0,(10.483748386047209+0j)
21628,21.07.2020,04:00,47.0,(10.269734286241032+0j)
21629,21.07.2020,05:00,50.0,(10.483748386047209+0j)
21630,21.07.2020,06:00,55.0,(10.822164994364314+0j)
21631,21.07.2020,07:00,53.0,(10.689364281461948+0j)
21632,21.07.2020,08:00,37.0,(9.482594128751929+0j)
21633,21.07.2020,09:00,38.0,(9.567264627885733+0j)
21634,21.07.2020,10:00,54.0,(10.756174542690822+0j)
21635,21.07.2020,11:00,68.0,(11.615276661700541+0j)
21636,21.07.2020,12:00,61.0,(11.202196833891742+0j)
21637,21.07.2020,13:00,62.0,(11.263079534051261+0j)
21638,21.07.2020,14:00,61.0,(11.202196833891742+0j)
21639,21.07.2020,15:00,61.0,(11.202196833891742+0j)
21640,21.07.2020,16:00,65.0,(11.441888376335278+0j)
21641,21.07.2020,17:00,68.0,(11.615276661700541+0j)
21642,21.07.2020,18:00,68.0,(11.615276661700541+0j)
21643,21.07.2020,19:00,67.0,(11.55805762209552+0j)
21644,21.07.2020,20:00,63.0,(11.323311051132062+0j)
21645,21.07.2020,21:00,65.0,(11.441888376335278+0j)
21646,21.07.2020,22:00,64.0,(11.382908522813985+0j)
21647,21.07.2020,23:00,62.0,(11.263079534051261+0j)
21648,22.07.2020,00:00,59.0,(11.078405520382008+0j)
21649,22.07.2020,01:00,56.0,(10.887360331968232+0j)
21650,22.07.2020,02:00,58.0,(11.015458675840927+0j)
21651,22.07.2020,03:00,61.0,(11.202196833891742+0j)
21652,22.07.2020,04:00,60.0,(11.140645059587433+0j)
21653,22.07.2020,05:00,63.0,(11.323311051132062+0j)
21654,22.07.2020,06:00,58.0,(11.015458675840927+0j)
21655,22.07.2020,07:00,65.0,(11.441888376335278+0j)
21656,22.07.2020,08:00,69.0,(11.671937444523078+0j)
21657,22.07.2020,09:00,69.0,(11.671937444523078+0j)
21658,22.07.2020,10:00,64.0,(11.382908522813985+0j)
21659,22.07.2020,11:00,67.0,(11.55805762209552+0j)
21660,22.07.2020,12:00,67.0,(11.55805762209552+0j)
21661,22.07.2020,13:00,68.0,(11.615276661700541+0j)
21662,22.07.2020,14:00,65.0,(11.441888376335278+0j)
21663,22.07.2020,15:00,69.0,(11.671937444523078+0j)
21664,22.07.2020,16:00,67.0,(11.55805762209552+0j)
21665,22.07.2020,17:00,66.0,(11.500266368369322+0j)
21666,22.07.2020,18:00,63.0,(11.323311051132062+0j)
21667,22.07.2020,19:00,58.0,(11.015458675840927+0j)
21668,22.07.2020,20:00,60.0,(11.140645059587433+0j)
21669,22.07.2020,21:00,58.0,(11.015458675840927+0j)
21670,22.07.2020,22:00,59.0,(11.078405520382008+0j)
21671,22.07.2020,23:00,56.0,(10.887360331968232+0j)
21672,23.07.2020,00:00,50.0,(10.483748386047209+0j)
21673,23.07.2020,01:00,41.0,(9.812685353516676+0j)
21674,23.07.2020,02:00,48.0,(10.34205874156488+0j)
21675,23.07.2020,03:00,41.0,(9.812685353516676+0j)
21676,23.07.2020,04:00,36.0,(9.396383955788593+0j)
21677,23.07.2020,05:00,35.0,(9.308562145233848+0j)
21678,23.07.2020,06:00,32.0,(9.034620481786352+0j)
21679,23.07.2020,07:00,25.0,(8.320956608290626+0j)
21680,23.07.2020,08:00,18.0,(7.457914888057963+0j)
21681,23.07.2020,09:00,21.0,(7.851145380281553+0j)
21682,23.07.2020,10:00,29.0,(8.74297534497106+0j)
21683,23.07.2020,11:00,33.0,(9.127767465531983+0j)
21684,23.07.2020,12:00,46.0,(10.19637653715948+0j)
21685,23.07.2020,13:00,54.0,(10.756174542690822+0j)
21686,23.07.2020,14:00,52.0,(10.621708264608335+0j)
21687,23.07.2020,15:00,49.0,(10.41338553855059+0j)
21688,23.07.2020,16:00,59.0,(11.078405520382008+0j)
21689,23.07.2020,17:00,59.0,(11.078405520382008+0j)
21690,23.07.2020,18:00,62.0,(11.263079534051261+0j)
21691,23.07.2020,19:00,53.0,(10.689364281461948+0j)
21692,23.07.2020,20:00,50.0,(10.483748386047209+0j)
21693,23.07.2020,21:00,46.0,(10.19637653715948+0j)
21694,23.07.2020,22:00,49.0,(10.41338553855059+0j)
21695,23.07.2020,23:00,43.0,(9.969714910096506+0j)
21696,24.07.2020,00:00,44.0,(10.0464080386713+0j)
21697,24.07.2020,01:00,48.0,(10.34205874156488+0j)
21698,24.07.2020,02:00,41.0,(9.812685353516676+0j)
21699,24.07.2020,03:00,37.0,(9.482594128751929+0j)
21700,24.07.2020,04:00,37.0,(9.482594128751929+0j)
21701,24.07.2020,05:00,38.0,(9.567264627885733+0j)
21702,24.07.2020,06:00,42.0,(9.891823330401618+0j)
21703,24.07.2020,07:00,41.0,(9.812685353516676+0j)
21704,24.07.2020,08:00,37.0,(9.482594128751929+0j)
21705,24.07.2020,09:00,36.0,(9.396383955788593+0j)
21706,24.07.2020,10:00,28.0,(8.641303622061608+0j)
21707,24.07.2020,11:00,27.0,(8.537181392110488+0j)
21708,24.07.2020,12:00,25.0,(8.320956608290626+0j)
21709,24.07.2020,13:00,27.0,(8.537181392110488+0j)
21710,24.07.2020,14:00,34.0,(9.219051195842558+0j)
21711,24.07.2020,15:00,37.0,(9.482594128751929+0j)
21712,24.07.2020,16:00,53.0,(10.689364281461948+0j)
21713,24.07.2020,17:00,57.0,(10.9517840818175+0j)
21714,24.07.2020,18:00,60.0,(11.140645059587433+0j)
21715,24.07.2020,19:00,47.0,(10.269734286241032+0j)
21716,24.07.2020,20:00,51.0,(10.5531792067093+0j)
21717,24.07.2020,21:00,48.0,(10.34205874156488+0j)
21718,24.07.2020,22:00,46.0,(10.19637653715948+0j)
21719,24.07.2020,23:00,40.0,(9.732249888616542+0j)
21720,25.07.2020,00:00,32.0,(9.034620481786352+0j)
21721,25.07.2020,01:00,39.0,(9.650462409337567+0j)
21722,25.07.2020,02:00,34.0,(9.219051195842558+0j)
21723,25.07.2020,03:00,38.0,(9.567264627885733+0j)
21724,25.07.2020,04:00,36.0,(9.396383955788593+0j)
21725,25.07.2020,05:00,36.0,(9.396383955788593+0j)
21726,25.07.2020,06:00,40.0,(9.732249888616542+0j)
21727,25.07.2020,07:00,31.0,(8.939512150377235+0j)
21728,25.07.2020,08:00,31.0,(8.939512150377235+0j)
21729,25.07.2020,09:00,25.0,(8.320956608290626+0j)
21730,25.07.2020,10:00,27.0,(8.537181392110488+0j)
21731,25.07.2020,11:00,32.0,(9.034620481786352+0j)
21732,25.07.2020,12:00,25.0,(8.320956608290626+0j)
21733,25.07.2020,13:00,23.0,(8.092869420675413+0j)
21734,25.07.2020,14:00,22.0,(7.9738393445443+0j)
21735,25.07.2020,15:00,24.0,(8.208497462938503+0j)
21736,25.07.2020,16:00,27.0,(8.537181392110488+0j)
21737,25.07.2020,17:00,30.0,(8.84233584359671+0j)
21738,25.07.2020,18:00,33.0,(9.127767465531983+0j)
21739,25.07.2020,19:00,36.0,(9.396383955788593+0j)
21740,25.07.2020,20:00,36.0,(9.396383955788593+0j)
21741,25.07.2020,21:00,32.0,(9.034620481786352+0j)
21742,25.07.2020,22:00,33.0,(9.127767465531983+0j)
21743,25.07.2020,23:00,35.0,(9.308562145233848+0j)
21744,26.07.2020,00:00,23.0,(8.092869420675413+0j)
21745,26.07.2020,01:00,16.0,(7.170783028460548+0j)
21746,26.07.2020,02:00,16.0,(7.170783028460548+0j)
21747,26.07.2020,03:00,29.0,(8.74297534497106+0j)
21748,26.07.2020,04:00,31.0,(8.939512150377235+0j)
21749,26.07.2020,05:00,34.0,(9.219051195842558+0j)
21750,26.07.2020,06:00,27.0,(8.537181392110488+0j)
21751,26.07.2020,07:00,12.0,(6.515088753873438+0j)
21752,26.07.2020,08:00,12.0,(6.515088753873438+0j)
21753,26.07.2020,09:00,15.0,(7.018166609990766+0j)
21754,26.07.2020,10:00,11.0,(6.32884048187752+0j)
21755,26.07.2020,11:00,12.0,(6.515088753873438+0j)
21756,26.07.2020,12:00,12.0,(6.515088753873438+0j)
21757,26.07.2020,13:00,6.0,(5.171029370782441+0j)
21758,26.07.2020,14:00,3.0,(4.1042487314692515+0j)
21759,26.07.2020,15:00,5.0,(4.866124944308272+0j)
21760,26.07.2020,16:00,3.0,(4.1042487314692515+0j)
21761,26.07.2020,17:00,3.0,(4.1042487314692515+0j)
21762,26.07.2020,18:00,2.0,(3.585391514230274+0j)
21763,26.07.2020,19:00,4.0,(4.517310240893176+0j)
21764,26.07.2020,20:00,23.0,(8.092869420675413+0j)
21765,26.07.2020,21:00,28.0,(8.641303622061608+0j)
21766,26.07.2020,22:00,31.0,(8.939512150377235+0j)
21767,26.07.2020,23:00,28.0,(8.641303622061608+0j)
21768,27.07.2020,00:00,29.0,(8.74297534497106+0j)
21769,27.07.2020,01:00,26.0,(8.430455436469295+0j)
21770,27.07.2020,02:00,28.0,(8.641303622061608+0j)
21771,27.07.2020,03:00,33.0,(9.127767465531983+0j)
21772,27.07.2020,04:00,32.0,(9.034620481786352+0j)
21773,27.07.2020,05:00,39.0,(9.650462409337567+0j)
21774,27.07.2020,06:00,45.0,(10.121947777604984+0j)
21775,27.07.2020,07:00,51.0,(10.5531792067093+0j)
21776,27.07.2020,08:00,55.0,(10.822164994364314+0j)
21777,27.07.2020,09:00,55.0,(10.822164994364314+0j)
21778,27.07.2020,10:00,58.0,(11.015458675840927+0j)
21779,27.07.2020,11:00,49.0,(10.41338553855059+0j)
21780,27.07.2020,12:00,38.0,(9.567264627885733+0j)
21781,27.07.2020,13:00,41.0,(9.812685353516676+0j)
21782,27.07.2020,14:00,48.0,(10.34205874156488+0j)
21783,27.07.2020,15:00,43.0,(9.969714910096506+0j)
21784,27.07.2020,16:00,49.0,(10.41338553855059+0j)
21785,27.07.2020,17:00,57.0,(10.9517840818175+0j)
21786,27.07.2020,18:00,62.0,(11.263079534051261+0j)
21787,27.07.2020,19:00,56.0,(10.887360331968232+0j)
21788,27.07.2020,20:00,51.0,(10.5531792067093+0j)
21789,27.07.2020,21:00,55.0,(10.822164994364314+0j)
21790,27.07.2020,22:00,54.0,(10.756174542690822+0j)
21791,27.07.2020,23:00,55.0,(10.822164994364314+0j)
21792,28.07.2020,00:00,61.0,(11.202196833891742+0j)
21793,28.07.2020,01:00,55.0,(10.822164994364314+0j)
21794,28.07.2020,02:00,61.0,(11.202196833891742+0j)
21795,28.07.2020,03:00,61.0,(11.202196833891742+0j)
21796,28.07.2020,04:00,63.0,(11.323311051132062+0j)
21797,28.07.2020,05:00,63.0,(11.323311051132062+0j)
21798,28.07.2020,06:00,62.0,(11.263079534051261+0j)
21799,28.07.2020,07:00,66.0,(11.500266368369322+0j)
21800,28.07.2020,08:00,61.0,(11.202196833891742+0j)
21801,28.07.2020,09:00,65.0,(11.441888376335278+0j)
21802,28.07.2020,10:00,64.0,(11.382908522813985+0j)
21803,28.07.2020,11:00,61.0,(11.202196833891742+0j)
21804,28.07.2020,12:00,65.0,(11.441888376335278+0j)
21805,28.07.2020,13:00,59.0,(11.078405520382008+0j)
21806,28.07.2020,14:00,61.0,(11.202196833891742+0j)
21807,28.07.2020,15:00,63.0,(11.323311051132062+0j)
21808,28.07.2020,16:00,66.0,(11.500266368369322+0j)
21809,28.07.2020,17:00,65.0,(11.441888376335278+0j)
21810,28.07.2020,18:00,65.0,(11.441888376335278+0j)
21811,28.07.2020,19:00,61.0,(11.202196833891742+0j)
21812,28.07.2020,20:00,57.0,(10.9517840818175+0j)
21813,28.07.2020,21:00,51.0,(10.5531792067093+0j)
21814,28.07.2020,22:00,45.0,(10.121947777604984+0j)
21815,28.07.2020,23:00,44.0,(10.0464080386713+0j)
21816,29.07.2020,00:00,40.0,(9.732249888616542+0j)
21817,29.07.2020,01:00,38.0,(9.567264627885733+0j)
21818,29.07.2020,02:00,38.0,(9.567264627885733+0j)
21819,29.07.2020,03:00,38.0,(9.567264627885733+0j)
21820,29.07.2020,04:00,42.0,(9.891823330401618+0j)
21821,29.07.2020,05:00,41.0,(9.812685353516676+0j)
21822,29.07.2020,06:00,43.0,(9.969714910096506+0j)
21823,29.07.2020,07:00,46.0,(10.19637653715948+0j)
21824,29.07.2020,08:00,41.0,(9.812685353516676+0j)
21825,29.07.2020,09:00,42.0,(9.891823330401618+0j)
21826,29.07.2020,10:00,44.0,(10.0464080386713+0j)
21827,29.07.2020,11:00,40.0,(9.732249888616542+0j)
21828,29.07.2020,12:00,28.0,(8.641303622061608+0j)
21829,29.07.2020,13:00,27.0,(8.537181392110488+0j)
21830,29.07.2020,14:00,37.0,(9.482594128751929+0j)
21831,29.07.2020,15:00,41.0,(9.812685353516676+0j)
21832,29.07.2020,16:00,54.0,(10.756174542690822+0j)
21833,29.07.2020,17:00,59.0,(11.078405520382008+0j)
21834,29.07.2020,18:00,55.0,(10.822164994364314+0j)
21835,29.07.2020,19:00,57.0,(10.9517840818175+0j)
21836,29.07.2020,20:00,54.0,(10.756174542690822+0j)
21837,29.07.2020,21:00,41.0,(9.812685353516676+0j)
21838,29.07.2020,22:00,41.0,(9.812685353516676+0j)
21839,29.07.2020,23:00,40.0,(9.732249888616542+0j)
21840,30.07.2020,00:00,36.0,(9.396383955788593+0j)
21841,30.07.2020,01:00,30.0,(8.84233584359671+0j)
21842,30.07.2020,02:00,32.0,(9.034620481786352+0j)
21843,30.07.2020,03:00,37.0,(9.482594128751929+0j)
21844,30.07.2020,04:00,40.0,(9.732249888616542+0j)
21845,30.07.2020,05:00,38.0,(9.567264627885733+0j)
21846,30.07.2020,06:00,39.0,(9.650462409337567+0j)
21847,30.07.2020,07:00,41.0,(9.812685353516676+0j)
21848,30.07.2020,08:00,38.0,(9.567264627885733+0j)
21849,30.07.2020,09:00,38.0,(9.567264627885733+0j)
21850,30.07.2020,10:00,46.0,(10.19637653715948+0j)
21851,30.07.2020,11:00,44.0,(10.0464080386713+0j)
21852,30.07.2020,12:00,44.0,(10.0464080386713+0j)
21853,30.07.2020,13:00,43.0,(9.969714910096506+0j)
21854,30.07.2020,14:00,39.0,(9.650462409337567+0j)
21855,30.07.2020,15:00,39.0,(9.650462409337567+0j)
21856,30.07.2020,16:00,52.0,(10.621708264608335+0j)
21857,30.07.2020,17:00,46.0,(10.19637653715948+0j)
21858,30.07.2020,18:00,54.0,(10.756174542690822+0j)
21859,30.07.2020,19:00,54.0,(10.756174542690822+0j)
21860,30.07.2020,20:00,50.0,(10.483748386047209+0j)
21861,30.07.2020,21:00,52.0,(10.621708264608335+0j)
21862,30.07.2020,22:00,45.0,(10.121947777604984+0j)
21863,30.07.2020,23:00,41.0,(9.812685353516676+0j)
21864,31.07.2020,00:00,40.0,(9.732249888616542+0j)
21865,31.07.2020,01:00,32.0,(9.034620481786352+0j)
21866,31.07.2020,02:00,31.0,(8.939512150377235+0j)
21867,31.07.2020,03:00,32.0,(9.034620481786352+0j)
21868,31.07.2020,04:00,29.0,(8.74297534497106+0j)
21869,31.07.2020,05:00,32.0,(9.034620481786352+0j)
21870,31.07.2020,06:00,37.0,(9.482594128751929+0j)
21871,31.07.2020,07:00,33.0,(9.127767465531983+0j)
21872,31.07.2020,08:00,43.0,(9.969714910096506+0j)
21873,31.07.2020,09:00,52.0,(10.621708264608335+0j)
21874,31.07.2020,10:00,50.0,(10.483748386047209+0j)
21875,31.07.2020,11:00,51.0,(10.5531792067093+0j)
21876,31.07.2020,12:00,52.0,(10.621708264608335+0j)
21877,31.07.2020,13:00,44.0,(10.0464080386713+0j)
21878,31.07.2020,14:00,41.0,(9.812685353516676+0j)
21879,31.07.2020,15:00,39.0,(9.650462409337567+0j)
21880,31.07.2020,16:00,43.0,(9.969714910096506+0j)
21881,31.07.2020,17:00,54.0,(10.756174542690822+0j)
21882,31.07.2020,18:00,56.0,(10.887360331968232+0j)
21883,31.07.2020,19:00,57.0,(10.9517840818175+0j)
21884,31.07.2020,20:00,42.0,(9.891823330401618+0j)
21885,31.07.2020,21:00,46.0,(10.19637653715948+0j)
21886,31.07.2020,22:00,50.0,(10.483748386047209+0j)
21887,31.07.2020,23:00,47.0,(10.269734286241032+0j)
21888,01.08.2020,00:00,40.0,(9.732249888616542+0j)
21889,01.08.2020,01:00,38.0,(9.567264627885733+0j)
21890,01.08.2020,02:00,40.0,(9.732249888616542+0j)
21891,01.08.2020,03:00,32.0,(9.034620481786352+0j)
21892,01.08.2020,04:00,37.0,(9.482594128751929+0j)
21893,01.08.2020,05:00,34.0,(9.219051195842558+0j)
21894,01.08.2020,06:00,36.0,(9.396383955788593+0j)
21895,01.08.2020,07:00,34.0,(9.219051195842558+0j)
21896,01.08.2020,08:00,28.0,(8.641303622061608+0j)
21897,01.08.2020,09:00,36.0,(9.396383955788593+0j)
21898,01.08.2020,10:00,46.0,(10.19637653715948+0j)
21899,01.08.2020,11:00,49.0,(10.41338553855059+0j)
21900,01.08.2020,12:00,46.0,(10.19637653715948+0j)
21901,01.08.2020,13:00,43.0,(9.969714910096506+0j)
21902,01.08.2020,14:00,47.0,(10.269734286241032+0j)
21903,01.08.2020,15:00,52.0,(10.621708264608335+0j)
21904,01.08.2020,16:00,53.0,(10.689364281461948+0j)
21905,01.08.2020,17:00,51.0,(10.5531792067093+0j)
21906,01.08.2020,18:00,49.0,(10.41338553855059+0j)
21907,01.08.2020,19:00,49.0,(10.41338553855059+0j)
21908,01.08.2020,20:00,50.0,(10.483748386047209+0j)
21909,01.08.2020,21:00,50.0,(10.483748386047209+0j)
21910,01.08.2020,22:00,51.0,(10.5531792067093+0j)
21911,01.08.2020,23:00,39.0,(9.650462409337567+0j)
21912,02.08.2020,00:00,46.0,(10.19637653715948+0j)
21913,02.08.2020,01:00,46.0,(10.19637653715948+0j)
21914,02.08.2020,02:00,46.0,(10.19637653715948+0j)
21915,02.08.2020,03:00,40.0,(9.732249888616542+0j)
21916,02.08.2020,04:00,53.0,(10.689364281461948+0j)
21917,02.08.2020,05:00,46.0,(10.19637653715948+0j)
21918,02.08.2020,06:00,40.0,(9.732249888616542+0j)
21919,02.08.2020,07:00,36.0,(9.396383955788593+0j)
21920,02.08.2020,08:00,37.0,(9.482594128751929+0j)
21921,02.08.2020,09:00,44.0,(10.0464080386713+0j)
21922,02.08.2020,10:00,57.0,(10.9517840818175+0j)
21923,02.08.2020,11:00,47.0,(10.269734286241032+0j)
21924,02.08.2020,12:00,55.0,(10.822164994364314+0j)
21925,02.08.2020,13:00,57.0,(10.9517840818175+0j)
21926,02.08.2020,14:00,62.0,(11.263079534051261+0j)
21927,02.08.2020,15:00,62.0,(11.263079534051261+0j)
21928,02.08.2020,16:00,64.0,(11.382908522813985+0j)
21929,02.08.2020,17:00,66.0,(11.500266368369322+0j)
21930,02.08.2020,18:00,64.0,(11.382908522813985+0j)
21931,02.08.2020,19:00,62.0,(11.263079534051261+0j)
21932,02.08.2020,20:00,58.0,(11.015458675840927+0j)
21933,02.08.2020,21:00,57.0,(10.9517840818175+0j)
21934,02.08.2020,22:00,54.0,(10.756174542690822+0j)
21935,02.08.2020,23:00,47.0,(10.269734286241032+0j)
21936,03.08.2020,00:00,45.0,(10.121947777604984+0j)
21937,03.08.2020,01:00,42.0,(9.891823330401618+0j)
21938,03.08.2020,02:00,45.0,(10.121947777604984+0j)
21939,03.08.2020,03:00,44.0,(10.0464080386713+0j)
21940,03.08.2020,04:00,46.0,(10.19637653715948+0j)
21941,03.08.2020,05:00,57.0,(10.9517840818175+0j)
21942,03.08.2020,06:00,59.0,(11.078405520382008+0j)
21943,03.08.2020,07:00,59.0,(11.078405520382008+0j)
21944,03.08.2020,08:00,57.0,(10.9517840818175+0j)
21945,03.08.2020,09:00,60.0,(11.140645059587433+0j)
21946,03.08.2020,10:00,53.0,(10.689364281461948+0j)
21947,03.08.2020,11:00,51.0,(10.5531792067093+0j)
21948,03.08.2020,12:00,33.0,(9.127767465531983+0j)
21949,03.08.2020,13:00,24.0,(8.208497462938503+0j)
21950,03.08.2020,14:00,31.0,(8.939512150377235+0j)
21951,03.08.2020,15:00,26.0,(8.430455436469295+0j)
21952,03.08.2020,16:00,27.0,(8.537181392110488+0j)
21953,03.08.2020,17:00,36.0,(9.396383955788593+0j)
21954,03.08.2020,18:00,40.0,(9.732249888616542+0j)
21955,03.08.2020,19:00,43.0,(9.969714910096506+0j)
21956,03.08.2020,20:00,45.0,(10.121947777604984+0j)
21957,03.08.2020,21:00,47.0,(10.269734286241032+0j)
21958,03.08.2020,22:00,33.0,(9.127767465531983+0j)
21959,03.08.2020,23:00,35.0,(9.308562145233848+0j)
21960,04.08.2020,00:00,30.0,(8.84233584359671+0j)
21961,04.08.2020,01:00,26.0,(8.430455436469295+0j)
21962,04.08.2020,02:00,20.0,(7.724491855603646+0j)
21963,04.08.2020,03:00,19.0,(7.593542967381978+0j)
21964,04.08.2020,04:00,23.0,(8.092869420675413+0j)
21965,04.08.2020,05:00,24.0,(8.208497462938503+0j)
21966,04.08.2020,06:00,24.0,(8.208497462938503+0j)
21967,04.08.2020,07:00,15.0,(7.018166609990766+0j)
21968,04.08.2020,08:00,10.0,(6.130933248752508+0j)
21969,04.08.2020,09:00,9.0,(5.919350969396254+0j)
21970,04.08.2020,10:00,6.0,(5.171029370782441+0j)
21971,04.08.2020,11:00,11.0,(6.32884048187752+0j)
21972,04.08.2020,12:00,10.0,(6.130933248752508+0j)
21973,04.08.2020,13:00,12.0,(6.515088753873438+0j)
21974,04.08.2020,14:00,9.0,(5.919350969396254+0j)
21975,04.08.2020,15:00,8.0,(5.691454261406992+0j)
21976,04.08.2020,16:00,9.0,(5.919350969396254+0j)
21977,04.08.2020,17:00,16.0,(7.170783028460548+0j)
21978,04.08.2020,18:00,25.0,(8.320956608290626+0j)
21979,04.08.2020,19:00,35.0,(9.308562145233848+0j)
21980,04.08.2020,20:00,36.0,(9.396383955788593+0j)
21981,04.08.2020,21:00,35.0,(9.308562145233848+0j)
21982,04.08.2020,22:00,32.0,(9.034620481786352+0j)
21983,04.08.2020,23:00,26.0,(8.430455436469295+0j)
21984,05.08.2020,00:00,31.0,(8.939512150377235+0j)
21985,05.08.2020,01:00,24.0,(8.208497462938503+0j)
21986,05.08.2020,02:00,22.0,(7.9738393445443+0j)
21987,05.08.2020,03:00,26.0,(8.430455436469295+0j)
21988,05.08.2020,04:00,29.0,(8.74297534497106+0j)
21989,05.08.2020,05:00,28.0,(8.641303622061608+0j)
21990,05.08.2020,06:00,24.0,(8.208497462938503+0j)
21991,05.08.2020,07:00,21.0,(7.851145380281553+0j)
21992,05.08.2020,08:00,13.0,(6.691256914211192+0j)
21993,05.08.2020,09:00,21.0,(7.851145380281553+0j)
21994,05.08.2020,10:00,28.0,(8.641303622061608+0j)
21995,05.08.2020,11:00,20.0,(7.724491855603646+0j)
21996,05.08.2020,12:00,12.0,(6.515088753873438+0j)
21997,05.08.2020,13:00,10.0,(6.130933248752508+0j)
21998,05.08.2020,14:00,7.0,(5.443680165984116+0j)
21999,05.08.2020,15:00,6.0,(5.171029370782441+0j)
22000,05.08.2020,16:00,5.0,(4.866124944308272+0j)
22001,05.08.2020,17:00,7.0,(5.443680165984116+0j)
22002,05.08.2020,18:00,27.0,(8.537181392110488+0j)
22003,05.08.2020,19:00,31.0,(8.939512150377235+0j)
22004,05.08.2020,20:00,32.0,(9.034620481786352+0j)
22005,05.08.2020,21:00,34.0,(9.219051195842558+0j)
22006,05.08.2020,22:00,31.0,(8.939512150377235+0j)
22007,05.08.2020,23:00,32.0,(9.034620481786352+0j)
22008,06.08.2020,00:00,26.0,(8.430455436469295+0j)
22009,06.08.2020,01:00,26.0,(8.430455436469295+0j)
22010,06.08.2020,02:00,20.0,(7.724491855603646+0j)
22011,06.08.2020,03:00,13.0,(6.691256914211192+0j)
22012,06.08.2020,04:00,4.0,(4.517310240893176+0j)
22013,06.08.2020,05:00,5.0,(4.866124944308272+0j)
22014,06.08.2020,06:00,6.0,(5.171029370782441+0j)
22015,06.08.2020,07:00,6.0,(5.171029370782441+0j)
22016,06.08.2020,08:00,2.0,(3.585391514230274+0j)
22017,06.08.2020,09:00,1.0,(2.845727130703496+0j)
22018,06.08.2020,10:00,0.0,0j
22019,06.08.2020,11:00,1.0,(2.845727130703496+0j)
22020,06.08.2020,12:00,2.0,(3.585391514230274+0j)
22021,06.08.2020,13:00,2.0,(3.585391514230274+0j)
22022,06.08.2020,14:00,1.0,(2.845727130703496+0j)
22023,06.08.2020,15:00,0.0,0j
22024,06.08.2020,16:00,2.0,(3.585391514230274+0j)
22025,06.08.2020,17:00,1.0,(2.845727130703496+0j)
22026,06.08.2020,18:00,0.0,0j
22027,06.08.2020,19:00,0.0,0j
22028,06.08.2020,20:00,0.0,0j
22029,06.08.2020,21:00,0.0,0j
22030,06.08.2020,22:00,0.0,0j
22031,06.08.2020,23:00,0.0,0j
22032,07.08.2020,00:00,0.0,0j
22033,07.08.2020,01:00,0.0,0j
22034,07.08.2020,02:00,0.0,0j
22035,07.08.2020,03:00,0.0,0j
22036,07.08.2020,04:00,0.0,0j
22037,07.08.2020,05:00,0.0,0j
22038,07.08.2020,06:00,0.0,0j
22039,07.08.2020,07:00,0.0,0j
22040,07.08.2020,08:00,0.0,0j
22041,07.08.2020,09:00,0.0,0j
22042,07.08.2020,10:00,0.0,0j
22043,07.08.2020,11:00,0.0,0j
22044,07.08.2020,12:00,6.0,(5.171029370782441+0j)
22045,07.08.2020,13:00,16.0,(7.170783028460548+0j)
22046,07.08.2020,14:00,14.0,(6.858607230018604+0j)
22047,07.08.2020,15:00,20.0,(7.724491855603646+0j)
22048,07.08.2020,16:00,22.0,(7.9738393445443+0j)
22049,07.08.2020,17:00,20.0,(7.724491855603646+0j)
22050,07.08.2020,18:00,13.0,(6.691256914211192+0j)
22051,07.08.2020,19:00,11.0,(6.32884048187752+0j)
22052,07.08.2020,20:00,6.0,(5.171029370782441+0j)
22053,07.08.2020,21:00,4.0,(4.517310240893176+0j)
22054,07.08.2020,22:00,8.0,(5.691454261406992+0j)
22055,07.08.2020,23:00,7.0,(5.443680165984116+0j)
22056,08.08.2020,00:00,7.0,(5.443680165984116+0j)
22057,08.08.2020,01:00,8.0,(5.691454261406992+0j)
22058,08.08.2020,02:00,12.0,(6.515088753873438+0j)
22059,08.08.2020,03:00,11.0,(6.32884048187752+0j)
22060,08.08.2020,04:00,7.0,(5.443680165984116+0j)
22061,08.08.2020,05:00,2.0,(3.585391514230274+0j)
22062,08.08.2020,06:00,1.0,(2.845727130703496+0j)
22063,08.08.2020,07:00,0.0,0j
22064,08.08.2020,08:00,0.0,0j
22065,08.08.2020,09:00,0.0,0j
22066,08.08.2020,10:00,0.0,0j
22067,08.08.2020,11:00,0.0,0j
22068,08.08.2020,12:00,0.0,0j
22069,08.08.2020,13:00,0.0,0j
22070,08.08.2020,14:00,1.0,(2.845727130703496+0j)
22071,08.08.2020,15:00,3.0,(4.1042487314692515+0j)
22072,08.08.2020,16:00,8.0,(5.691454261406992+0j)
22073,08.08.2020,17:00,5.0,(4.866124944308272+0j)
22074,08.08.2020,18:00,4.0,(4.517310240893176+0j)
22075,08.08.2020,19:00,1.0,(2.845727130703496+0j)
22076,08.08.2020,20:00,4.0,(4.517310240893176+0j)
22077,08.08.2020,21:00,1.0,(2.845727130703496+0j)
22078,08.08.2020,22:00,0.0,0j
22079,08.08.2020,23:00,4.0,(4.517310240893176+0j)
22080,09.08.2020,00:00,19.0,(7.593542967381978+0j)
22081,09.08.2020,01:00,26.0,(8.430455436469295+0j)
22082,09.08.2020,02:00,22.0,(7.9738393445443+0j)
22083,09.08.2020,03:00,36.0,(9.396383955788593+0j)
22084,09.08.2020,04:00,42.0,(9.891823330401618+0j)
22085,09.08.2020,05:00,36.0,(9.396383955788593+0j)
22086,09.08.2020,06:00,47.0,(10.269734286241032+0j)
22087,09.08.2020,07:00,54.0,(10.756174542690822+0j)
22088,09.08.2020,08:00,53.0,(10.689364281461948+0j)
22089,09.08.2020,09:00,52.0,(10.621708264608335+0j)
22090,09.08.2020,10:00,42.0,(9.891823330401618+0j)
22091,09.08.2020,11:00,63.0,(11.323311051132062+0j)
22092,09.08.2020,12:00,49.0,(10.41338553855059+0j)
22093,09.08.2020,13:00,57.0,(10.9517840818175+0j)
22094,09.08.2020,14:00,62.0,(11.263079534051261+0j)
22095,09.08.2020,15:00,67.0,(11.55805762209552+0j)
22096,09.08.2020,16:00,68.0,(11.615276661700541+0j)
22097,09.08.2020,17:00,67.0,(11.55805762209552+0j)
22098,09.08.2020,18:00,68.0,(11.615276661700541+0j)
22099,09.08.2020,19:00,68.0,(11.615276661700541+0j)
22100,09.08.2020,20:00,67.0,(11.55805762209552+0j)
22101,09.08.2020,21:00,51.0,(10.5531792067093+0j)
22102,09.08.2020,22:00,47.0,(10.269734286241032+0j)
22103,09.08.2020,23:00,52.0,(10.621708264608335+0j)
22104,10.08.2020,00:00,55.0,(10.822164994364314+0j)
22105,10.08.2020,01:00,45.0,(10.121947777604984+0j)
22106,10.08.2020,02:00,52.0,(10.621708264608335+0j)
22107,10.08.2020,03:00,60.0,(11.140645059587433+0j)
22108,10.08.2020,04:00,63.0,(11.323311051132062+0j)
22109,10.08.2020,05:00,61.0,(11.202196833891742+0j)
22110,10.08.2020,06:00,64.0,(11.382908522813985+0j)
22111,10.08.2020,07:00,64.0,(11.382908522813985+0j)
22112,10.08.2020,08:00,65.0,(11.441888376335278+0j)
22113,10.08.2020,09:00,63.0,(11.323311051132062+0j)
22114,10.08.2020,10:00,61.0,(11.202196833891742+0j)
22115,10.08.2020,11:00,50.0,(10.483748386047209+0j)
22116,10.08.2020,12:00,49.0,(10.41338553855059+0j)
22117,10.08.2020,13:00,59.0,(11.078405520382008+0j)
22118,10.08.2020,14:00,53.0,(10.689364281461948+0j)
22119,10.08.2020,15:00,62.0,(11.263079534051261+0j)
22120,10.08.2020,16:00,68.0,(11.615276661700541+0j)
22121,10.08.2020,17:00,68.0,(11.615276661700541+0j)
22122,10.08.2020,18:00,68.0,(11.615276661700541+0j)
22123,10.08.2020,19:00,65.0,(11.441888376335278+0j)
22124,10.08.2020,20:00,66.0,(11.500266368369322+0j)
22125,10.08.2020,21:00,59.0,(11.078405520382008+0j)
22126,10.08.2020,22:00,53.0,(10.689364281461948+0j)
22127,10.08.2020,23:00,48.0,(10.34205874156488+0j)
22128,11.08.2020,00:00,42.0,(9.891823330401618+0j)
22129,11.08.2020,01:00,42.0,(9.891823330401618+0j)
22130,11.08.2020,02:00,38.0,(9.567264627885733+0j)
22131,11.08.2020,03:00,36.0,(9.396383955788593+0j)
22132,11.08.2020,04:00,38.0,(9.567264627885733+0j)
22133,11.08.2020,05:00,45.0,(10.121947777604984+0j)
22134,11.08.2020,06:00,51.0,(10.5531792067093+0j)
22135,11.08.2020,07:00,53.0,(10.689364281461948+0j)
22136,11.08.2020,08:00,54.0,(10.756174542690822+0j)
22137,11.08.2020,09:00,63.0,(11.323311051132062+0j)
22138,11.08.2020,10:00,62.0,(11.263079534051261+0j)
22139,11.08.2020,11:00,64.0,(11.382908522813985+0j)
22140,11.08.2020,12:00,57.0,(10.9517840818175+0j)
22141,11.08.2020,13:00,55.0,(10.822164994364314+0j)
22142,11.08.2020,14:00,58.0,(11.015458675840927+0j)
22143,11.08.2020,15:00,58.0,(11.015458675840927+0j)
22144,11.08.2020,16:00,62.0,(11.263079534051261+0j)
22145,11.08.2020,17:00,63.0,(11.323311051132062+0j)
22146,11.08.2020,18:00,62.0,(11.263079534051261+0j)
22147,11.08.2020,19:00,56.0,(10.887360331968232+0j)
22148,11.08.2020,20:00,49.0,(10.41338553855059+0j)
22149,11.08.2020,21:00,34.0,(9.219051195842558+0j)
22150,11.08.2020,22:00,35.0,(9.308562145233848+0j)
22151,11.08.2020,23:00,46.0,(10.19637653715948+0j)
22152,12.08.2020,00:00,45.0,(10.121947777604984+0j)
22153,12.08.2020,01:00,44.0,(10.0464080386713+0j)
22154,12.08.2020,02:00,43.0,(9.969714910096506+0j)
22155,12.08.2020,03:00,38.0,(9.567264627885733+0j)
22156,12.08.2020,04:00,44.0,(10.0464080386713+0j)
22157,12.08.2020,05:00,48.0,(10.34205874156488+0j)
22158,12.08.2020,06:00,44.0,(10.0464080386713+0j)
22159,12.08.2020,07:00,48.0,(10.34205874156488+0j)
22160,12.08.2020,08:00,48.0,(10.34205874156488+0j)
22161,12.08.2020,09:00,40.0,(9.732249888616542+0j)
22162,12.08.2020,10:00,45.0,(10.121947777604984+0j)
22163,12.08.2020,11:00,58.0,(11.015458675840927+0j)
22164,12.08.2020,12:00,52.0,(10.621708264608335+0j)
22165,12.08.2020,13:00,56.0,(10.887360331968232+0j)
22166,12.08.2020,14:00,51.0,(10.5531792067093+0j)
22167,12.08.2020,15:00,55.0,(10.822164994364314+0j)
22168,12.08.2020,16:00,59.0,(11.078405520382008+0j)
22169,12.08.2020,17:00,60.0,(11.140645059587433+0j)
22170,12.08.2020,18:00,64.0,(11.382908522813985+0j)
22171,12.08.2020,19:00,53.0,(10.689364281461948+0j)
22172,12.08.2020,20:00,53.0,(10.689364281461948+0j)
22173,12.08.2020,21:00,48.0,(10.34205874156488+0j)
22174,12.08.2020,22:00,41.0,(9.812685353516676+0j)
22175,12.08.2020,23:00,46.0,(10.19637653715948+0j)
22176,13.08.2020,00:00,56.0,(10.887360331968232+0j)
22177,13.08.2020,01:00,54.0,(10.756174542690822+0j)
22178,13.08.2020,02:00,52.0,(10.621708264608335+0j)
22179,13.08.2020,03:00,60.0,(11.140645059587433+0j)
22180,13.08.2020,04:00,52.0,(10.621708264608335+0j)
22181,13.08.2020,05:00,49.0,(10.41338553855059+0j)
22182,13.08.2020,06:00,55.0,(10.822164994364314+0j)
22183,13.08.2020,07:00,45.0,(10.121947777604984+0j)
22184,13.08.2020,08:00,45.0,(10.121947777604984+0j)
22185,13.08.2020,09:00,53.0,(10.689364281461948+0j)
22186,13.08.2020,10:00,55.0,(10.822164994364314+0j)
22187,13.08.2020,11:00,65.0,(11.441888376335278+0j)
22188,13.08.2020,12:00,63.0,(11.323311051132062+0j)
22189,13.08.2020,13:00,59.0,(11.078405520382008+0j)
22190,13.08.2020,14:00,58.0,(11.015458675840927+0j)
22191,13.08.2020,15:00,62.0,(11.263079534051261+0j)
22192,13.08.2020,16:00,67.0,(11.55805762209552+0j)
22193,13.08.2020,17:00,68.0,(11.615276661700541+0j)
22194,13.08.2020,18:00,67.0,(11.55805762209552+0j)
22195,13.08.2020,19:00,63.0,(11.323311051132062+0j)
22196,13.08.2020,20:00,62.0,(11.263079534051261+0j)
22197,13.08.2020,21:00,63.0,(11.323311051132062+0j)
22198,13.08.2020,22:00,58.0,(11.015458675840927+0j)
22199,13.08.2020,23:00,53.0,(10.689364281461948+0j)
22200,14.08.2020,00:00,53.0,(10.689364281461948+0j)
22201,14.08.2020,01:00,51.0,(10.5531792067093+0j)
22202,14.08.2020,02:00,47.0,(10.269734286241032+0j)
22203,14.08.2020,03:00,55.0,(10.822164994364314+0j)
22204,14.08.2020,04:00,48.0,(10.34205874156488+0j)
22205,14.08.2020,05:00,48.0,(10.34205874156488+0j)
22206,14.08.2020,06:00,52.0,(10.621708264608335+0j)
22207,14.08.2020,07:00,58.0,(11.015458675840927+0j)
22208,14.08.2020,08:00,54.0,(10.756174542690822+0j)
22209,14.08.2020,09:00,60.0,(11.140645059587433+0j)
22210,14.08.2020,10:00,62.0,(11.263079534051261+0j)
22211,14.08.2020,11:00,63.0,(11.323311051132062+0j)
22212,14.08.2020,12:00,57.0,(10.9517840818175+0j)
22213,14.08.2020,13:00,61.0,(11.202196833891742+0j)
22214,14.08.2020,14:00,59.0,(11.078405520382008+0j)
22215,14.08.2020,15:00,59.0,(11.078405520382008+0j)
22216,14.08.2020,16:00,58.0,(11.015458675840927+0j)
22217,14.08.2020,17:00,64.0,(11.382908522813985+0j)
22218,14.08.2020,18:00,60.0,(11.140645059587433+0j)
22219,14.08.2020,19:00,58.0,(11.015458675840927+0j)
22220,14.08.2020,20:00,53.0,(10.689364281461948+0j)
22221,14.08.2020,21:00,48.0,(10.34205874156488+0j)
22222,14.08.2020,22:00,47.0,(10.269734286241032+0j)
22223,14.08.2020,23:00,52.0,(10.621708264608335+0j)
22224,15.08.2020,00:00,48.0,(10.34205874156488+0j)
22225,15.08.2020,01:00,44.0,(10.0464080386713+0j)
22226,15.08.2020,02:00,42.0,(9.891823330401618+0j)
22227,15.08.2020,03:00,45.0,(10.121947777604984+0j)
22228,15.08.2020,04:00,53.0,(10.689364281461948+0j)
22229,15.08.2020,05:00,57.0,(10.9517840818175+0j)
22230,15.08.2020,06:00,56.0,(10.887360331968232+0j)
22231,15.08.2020,07:00,55.0,(10.822164994364314+0j)
22232,15.08.2020,08:00,38.0,(9.567264627885733+0j)
22233,15.08.2020,09:00,26.0,(8.430455436469295+0j)
22234,15.08.2020,10:00,39.0,(9.650462409337567+0j)
22235,15.08.2020,11:00,38.0,(9.567264627885733+0j)
22236,15.08.2020,12:00,40.0,(9.732249888616542+0j)
22237,15.08.2020,13:00,47.0,(10.269734286241032+0j)
22238,15.08.2020,14:00,53.0,(10.689364281461948+0j)
22239,15.08.2020,15:00,57.0,(10.9517840818175+0j)
22240,15.08.2020,16:00,61.0,(11.202196833891742+0j)
22241,15.08.2020,17:00,54.0,(10.756174542690822+0j)
22242,15.08.2020,18:00,58.0,(11.015458675840927+0j)
22243,15.08.2020,19:00,67.0,(11.55805762209552+0j)
22244,15.08.2020,20:00,58.0,(11.015458675840927+0j)
22245,15.08.2020,21:00,60.0,(11.140645059587433+0j)
22246,15.08.2020,22:00,49.0,(10.41338553855059+0j)
22247,15.08.2020,23:00,48.0,(10.34205874156488+0j)
22248,16.08.2020,00:00,43.0,(9.969714910096506+0j)
22249,16.08.2020,01:00,54.0,(10.756174542690822+0j)
22250,16.08.2020,02:00,52.0,(10.621708264608335+0j)
22251,16.08.2020,03:00,34.0,(9.219051195842558+0j)
22252,16.08.2020,04:00,35.0,(9.308562145233848+0j)
22253,16.08.2020,05:00,44.0,(10.0464080386713+0j)
22254,16.08.2020,06:00,47.0,(10.269734286241032+0j)
22255,16.08.2020,07:00,44.0,(10.0464080386713+0j)
22256,16.08.2020,08:00,37.0,(9.482594128751929+0j)
22257,16.08.2020,09:00,47.0,(10.269734286241032+0j)
22258,16.08.2020,10:00,55.0,(10.822164994364314+0j)
22259,16.08.2020,11:00,42.0,(9.891823330401618+0j)
22260,16.08.2020,12:00,45.0,(10.121947777604984+0j)
22261,16.08.2020,13:00,51.0,(10.5531792067093+0j)
22262,16.08.2020,14:00,43.0,(9.969714910096506+0j)
22263,16.08.2020,15:00,49.0,(10.41338553855059+0j)
22264,16.08.2020,16:00,63.0,(11.323311051132062+0j)
22265,16.08.2020,17:00,67.0,(11.55805762209552+0j)
22266,16.08.2020,18:00,65.0,(11.441888376335278+0j)
22267,16.08.2020,19:00,64.0,(11.382908522813985+0j)
22268,16.08.2020,20:00,63.0,(11.323311051132062+0j)
22269,16.08.2020,21:00,63.0,(11.323311051132062+0j)
22270,16.08.2020,22:00,59.0,(11.078405520382008+0j)
22271,16.08.2020,23:00,52.0,(10.621708264608335+0j)
22272,17.08.2020,00:00,43.0,(9.969714910096506+0j)
22273,17.08.2020,01:00,52.0,(10.621708264608335+0j)
22274,17.08.2020,02:00,51.0,(10.5531792067093+0j)
22275,17.08.2020,03:00,54.0,(10.756174542690822+0j)
22276,17.08.2020,04:00,54.0,(10.756174542690822+0j)
22277,17.08.2020,05:00,50.0,(10.483748386047209+0j)
22278,17.08.2020,06:00,54.0,(10.756174542690822+0j)
22279,17.08.2020,07:00,56.0,(10.887360331968232+0j)
22280,17.08.2020,08:00,60.0,(11.140645059587433+0j)
22281,17.08.2020,09:00,63.0,(11.323311051132062+0j)
22282,17.08.2020,10:00,63.0,(11.323311051132062+0j)
22283,17.08.2020,11:00,61.0,(11.202196833891742+0j)
22284,17.08.2020,12:00,55.0,(10.822164994364314+0j)
22285,17.08.2020,13:00,53.0,(10.689364281461948+0j)
22286,17.08.2020,14:00,56.0,(10.887360331968232+0j)
22287,17.08.2020,15:00,57.0,(10.9517840818175+0j)
22288,17.08.2020,16:00,63.0,(11.323311051132062+0j)
22289,17.08.2020,17:00,62.0,(11.263079534051261+0j)
22290,17.08.2020,18:00,63.0,(11.323311051132062+0j)
22291,17.08.2020,19:00,59.0,(11.078405520382008+0j)
22292,17.08.2020,20:00,60.0,(11.140645059587433+0j)
22293,17.08.2020,21:00,57.0,(10.9517840818175+0j)
22294,17.08.2020,22:00,55.0,(10.822164994364314+0j)
22295,17.08.2020,23:00,58.0,(11.015458675840927+0j)
22296,18.08.2020,00:00,46.0,(10.19637653715948+0j)
22297,18.08.2020,01:00,46.0,(10.19637653715948+0j)
22298,18.08.2020,02:00,41.0,(9.812685353516676+0j)
22299,18.08.2020,03:00,31.0,(8.939512150377235+0j)
22300,18.08.2020,04:00,54.0,(10.756174542690822+0j)
22301,18.08.2020,05:00,52.0,(10.621708264608335+0j)
22302,18.08.2020,06:00,51.0,(10.5531792067093+0j)
22303,18.08.2020,07:00,46.0,(10.19637653715948+0j)
22304,18.08.2020,08:00,41.0,(9.812685353516676+0j)
22305,18.08.2020,09:00,32.0,(9.034620481786352+0j)
22306,18.08.2020,10:00,37.0,(9.482594128751929+0j)
22307,18.08.2020,11:00,35.0,(9.308562145233848+0j)
22308,18.08.2020,12:00,23.0,(8.092869420675413+0j)
22309,18.08.2020,13:00,12.0,(6.515088753873438+0j)
22310,18.08.2020,14:00,13.0,(6.691256914211192+0j)
22311,18.08.2020,15:00,13.0,(6.691256914211192+0j)
22312,18.08.2020,16:00,12.0,(6.515088753873438+0j)
22313,18.08.2020,17:00,18.0,(7.457914888057963+0j)
22314,18.08.2020,18:00,39.0,(9.650462409337567+0j)
22315,18.08.2020,19:00,41.0,(9.812685353516676+0j)
22316,18.08.2020,20:00,38.0,(9.567264627885733+0j)
22317,18.08.2020,21:00,42.0,(9.891823330401618+0j)
22318,18.08.2020,22:00,35.0,(9.308562145233848+0j)
22319,18.08.2020,23:00,22.0,(7.9738393445443+0j)
22320,19.08.2020,00:00,22.0,(7.9738393445443+0j)
22321,19.08.2020,01:00,28.0,(8.641303622061608+0j)
22322,19.08.2020,02:00,33.0,(9.127767465531983+0j)
22323,19.08.2020,03:00,25.0,(8.320956608290626+0j)
22324,19.08.2020,04:00,25.0,(8.320956608290626+0j)
22325,19.08.2020,05:00,22.0,(7.9738393445443+0j)
22326,19.08.2020,06:00,19.0,(7.593542967381978+0j)
22327,19.08.2020,07:00,20.0,(7.724491855603646+0j)
22328,19.08.2020,08:00,14.0,(6.858607230018604+0j)
22329,19.08.2020,09:00,8.0,(5.691454261406992+0j)
22330,19.08.2020,10:00,7.0,(5.443680165984116+0j)
22331,19.08.2020,11:00,3.0,(4.1042487314692515+0j)
22332,19.08.2020,12:00,0.0,0j
22333,19.08.2020,13:00,1.0,(2.845727130703496+0j)
22334,19.08.2020,14:00,1.0,(2.845727130703496+0j)
22335,19.08.2020,15:00,9.0,(5.919350969396254+0j)
22336,19.08.2020,16:00,9.0,(5.919350969396254+0j)
22337,19.08.2020,17:00,12.0,(6.515088753873438+0j)
22338,19.08.2020,18:00,11.0,(6.32884048187752+0j)
22339,19.08.2020,19:00,5.0,(4.866124944308272+0j)
22340,19.08.2020,20:00,4.0,(4.517310240893176+0j)
22341,19.08.2020,21:00,11.0,(6.32884048187752+0j)
22342,19.08.2020,22:00,20.0,(7.724491855603646+0j)
22343,19.08.2020,23:00,13.0,(6.691256914211192+0j)
22344,20.08.2020,00:00,10.0,(6.130933248752508+0j)
22345,20.08.2020,01:00,7.0,(5.443680165984116+0j)
22346,20.08.2020,02:00,10.0,(6.130933248752508+0j)
22347,20.08.2020,03:00,9.0,(5.919350969396254+0j)
22348,20.08.2020,04:00,9.0,(5.919350969396254+0j)
22349,20.08.2020,05:00,13.0,(6.691256914211192+0j)
22350,20.08.2020,06:00,8.0,(5.691454261406992+0j)
22351,20.08.2020,07:00,25.0,(8.320956608290626+0j)
22352,20.08.2020,08:00,43.0,(9.969714910096506+0j)
22353,20.08.2020,09:00,32.0,(9.034620481786352+0j)
22354,20.08.2020,10:00,11.0,(6.32884048187752+0j)
22355,20.08.2020,11:00,3.0,(4.1042487314692515+0j)
22356,20.08.2020,12:00,3.0,(4.1042487314692515+0j)
22357,20.08.2020,13:00,3.0,(4.1042487314692515+0j)
22358,20.08.2020,14:00,2.0,(3.585391514230274+0j)
22359,20.08.2020,15:00,8.0,(5.691454261406992+0j)
22360,20.08.2020,16:00,12.0,(6.515088753873438+0j)
22361,20.08.2020,17:00,16.0,(7.170783028460548+0j)
22362,20.08.2020,18:00,35.0,(9.308562145233848+0j)
22363,20.08.2020,19:00,38.0,(9.567264627885733+0j)
22364,20.08.2020,20:00,44.0,(10.0464080386713+0j)
22365,20.08.2020,21:00,37.0,(9.482594128751929+0j)
22366,20.08.2020,22:00,41.0,(9.812685353516676+0j)
22367,20.08.2020,23:00,33.0,(9.127767465531983+0j)
22368,21.08.2020,00:00,34.0,(9.219051195842558+0j)
22369,21.08.2020,01:00,34.0,(9.219051195842558+0j)
22370,21.08.2020,02:00,39.0,(9.650462409337567+0j)
22371,21.08.2020,03:00,30.0,(8.84233584359671+0j)
22372,21.08.2020,04:00,35.0,(9.308562145233848+0j)
22373,21.08.2020,05:00,40.0,(9.732249888616542+0j)
22374,21.08.2020,06:00,43.0,(9.969714910096506+0j)
22375,21.08.2020,07:00,39.0,(9.650462409337567+0j)
22376,21.08.2020,08:00,26.0,(8.430455436469295+0j)
22377,21.08.2020,09:00,46.0,(10.19637653715948+0j)
22378,21.08.2020,10:00,40.0,(9.732249888616542+0j)
22379,21.08.2020,11:00,38.0,(9.567264627885733+0j)
22380,21.08.2020,12:00,26.0,(8.430455436469295+0j)
22381,21.08.2020,13:00,47.0,(10.269734286241032+0j)
22382,21.08.2020,14:00,49.0,(10.41338553855059+0j)
22383,21.08.2020,15:00,62.0,(11.263079534051261+0j)
22384,21.08.2020,16:00,65.0,(11.441888376335278+0j)
22385,21.08.2020,17:00,69.0,(11.671937444523078+0j)
22386,21.08.2020,18:00,69.0,(11.671937444523078+0j)
22387,21.08.2020,19:00,66.0,(11.500266368369322+0j)
22388,21.08.2020,20:00,66.0,(11.500266368369322+0j)
22389,21.08.2020,21:00,52.0,(10.621708264608335+0j)
22390,21.08.2020,22:00,53.0,(10.689364281461948+0j)
22391,21.08.2020,23:00,47.0,(10.269734286241032+0j)
22392,22.08.2020,00:00,42.0,(9.891823330401618+0j)
22393,22.08.2020,01:00,55.0,(10.822164994364314+0j)
22394,22.08.2020,02:00,23.0,(8.092869420675413+0j)
22395,22.08.2020,03:00,36.0,(9.396383955788593+0j)
22396,22.08.2020,04:00,29.0,(8.74297534497106+0j)
22397,22.08.2020,05:00,45.0,(10.121947777604984+0j)
22398,22.08.2020,06:00,51.0,(10.5531792067093+0j)
22399,22.08.2020,07:00,51.0,(10.5531792067093+0j)
22400,22.08.2020,08:00,68.0,(11.615276661700541+0j)
22401,22.08.2020,09:00,56.0,(10.887360331968232+0j)
22402,22.08.2020,10:00,46.0,(10.19637653715948+0j)
22403,22.08.2020,11:00,58.0,(11.015458675840927+0j)
22404,22.08.2020,12:00,62.0,(11.263079534051261+0j)
22405,22.08.2020,13:00,59.0,(11.078405520382008+0j)
22406,22.08.2020,14:00,61.0,(11.202196833891742+0j)
22407,22.08.2020,15:00,58.0,(11.015458675840927+0j)
22408,22.08.2020,16:00,61.0,(11.202196833891742+0j)
22409,22.08.2020,17:00,66.0,(11.500266368369322+0j)
22410,22.08.2020,18:00,65.0,(11.441888376335278+0j)
22411,22.08.2020,19:00,62.0,(11.263079534051261+0j)
22412,22.08.2020,20:00,50.0,(10.483748386047209+0j)
22413,22.08.2020,21:00,54.0,(10.756174542690822+0j)
22414,22.08.2020,22:00,46.0,(10.19637653715948+0j)
22415,22.08.2020,23:00,43.0,(9.969714910096506+0j)
22416,23.08.2020,00:00,34.0,(9.219051195842558+0j)
22417,23.08.2020,01:00,34.0,(9.219051195842558+0j)
22418,23.08.2020,02:00,50.0,(10.483748386047209+0j)
22419,23.08.2020,03:00,44.0,(10.0464080386713+0j)
22420,23.08.2020,04:00,43.0,(9.969714910096506+0j)
22421,23.08.2020,05:00,56.0,(10.887360331968232+0j)
22422,23.08.2020,06:00,59.0,(11.078405520382008+0j)
22423,23.08.2020,07:00,60.0,(11.140645059587433+0j)
22424,23.08.2020,08:00,45.0,(10.121947777604984+0j)
22425,23.08.2020,09:00,54.0,(10.756174542690822+0j)
22426,23.08.2020,10:00,49.0,(10.41338553855059+0j)
22427,23.08.2020,11:00,67.0,(11.55805762209552+0j)
22428,23.08.2020,12:00,45.0,(10.121947777604984+0j)
22429,23.08.2020,13:00,38.0,(9.567264627885733+0j)
22430,23.08.2020,14:00,26.0,(8.430455436469295+0j)
22431,23.08.2020,15:00,37.0,(9.482594128751929+0j)
22432,23.08.2020,16:00,63.0,(11.323311051132062+0j)
22433,23.08.2020,17:00,60.0,(11.140645059587433+0j)
22434,23.08.2020,18:00,60.0,(11.140645059587433+0j)
22435,23.08.2020,19:00,58.0,(11.015458675840927+0j)
22436,23.08.2020,20:00,52.0,(10.621708264608335+0j)
22437,23.08.2020,21:00,50.0,(10.483748386047209+0j)
22438,23.08.2020,22:00,43.0,(9.969714910096506+0j)
22439,23.08.2020,23:00,39.0,(9.650462409337567+0j)
22440,24.08.2020,00:00,31.0,(8.939512150377235+0j)
22441,24.08.2020,01:00,29.0,(8.74297534497106+0j)
22442,24.08.2020,02:00,29.0,(8.74297534497106+0j)
22443,24.08.2020,03:00,26.0,(8.430455436469295+0j)
22444,24.08.2020,04:00,29.0,(8.74297534497106+0j)
22445,24.08.2020,05:00,25.0,(8.320956608290626+0j)
22446,24.08.2020,06:00,20.0,(7.724491855603646+0j)
22447,24.08.2020,07:00,31.0,(8.939512150377235+0j)
22448,24.08.2020,08:00,25.0,(8.320956608290626+0j)
22449,24.08.2020,09:00,35.0,(9.308562145233848+0j)
22450,24.08.2020,10:00,27.0,(8.537181392110488+0j)
22451,24.08.2020,11:00,17.0,(7.317165783214581+0j)
22452,24.08.2020,12:00,19.0,(7.593542967381978+0j)
22453,24.08.2020,13:00,14.0,(6.858607230018604+0j)
22454,24.08.2020,14:00,13.0,(6.691256914211192+0j)
22455,24.08.2020,15:00,8.0,(5.691454261406992+0j)
22456,24.08.2020,16:00,11.0,(6.32884048187752+0j)
22457,24.08.2020,17:00,23.0,(8.092869420675413+0j)
22458,24.08.2020,18:00,40.0,(9.732249888616542+0j)
22459,24.08.2020,19:00,40.0,(9.732249888616542+0j)
22460,24.08.2020,20:00,39.0,(9.650462409337567+0j)
22461,24.08.2020,21:00,36.0,(9.396383955788593+0j)
22462,24.08.2020,22:00,28.0,(8.641303622061608+0j)
22463,24.08.2020,23:00,25.0,(8.320956608290626+0j)
22464,25.08.2020,00:00,27.0,(8.537181392110488+0j)
22465,25.08.2020,01:00,23.0,(8.092869420675413+0j)
22466,25.08.2020,02:00,20.0,(7.724491855603646+0j)
22467,25.08.2020,03:00,18.0,(7.457914888057963+0j)
22468,25.08.2020,04:00,15.0,(7.018166609990766+0j)
22469,25.08.2020,05:00,19.0,(7.593542967381978+0j)
22470,25.08.2020,06:00,17.0,(7.317165783214581+0j)
22471,25.08.2020,07:00,8.0,(5.691454261406992+0j)
22472,25.08.2020,08:00,9.0,(5.919350969396254+0j)
22473,25.08.2020,09:00,3.0,(4.1042487314692515+0j)
22474,25.08.2020,10:00,0.0,0j
22475,25.08.2020,11:00,2.0,(3.585391514230274+0j)
22476,25.08.2020,12:00,2.0,(3.585391514230274+0j)
22477,25.08.2020,13:00,1.0,(2.845727130703496+0j)
22478,25.08.2020,14:00,0.0,0j
22479,25.08.2020,15:00,3.0,(4.1042487314692515+0j)
22480,25.08.2020,16:00,3.0,(4.1042487314692515+0j)
22481,25.08.2020,17:00,2.0,(3.585391514230274+0j)
22482,25.08.2020,18:00,4.0,(4.517310240893176+0j)
22483,25.08.2020,19:00,2.0,(3.585391514230274+0j)
22484,25.08.2020,20:00,2.0,(3.585391514230274+0j)
22485,25.08.2020,21:00,49.0,(10.41338553855059+0j)
22486,25.08.2020,22:00,27.0,(8.537181392110488+0j)
22487,25.08.2020,23:00,0.0,0j
22488,26.08.2020,00:00,33.0,(9.127767465531983+0j)
22489,26.08.2020,01:00,25.0,(8.320956608290626+0j)
22490,26.08.2020,02:00,34.0,(9.219051195842558+0j)
22491,26.08.2020,03:00,42.0,(9.891823330401618+0j)
22492,26.08.2020,04:00,59.0,(11.078405520382008+0j)
22493,26.08.2020,05:00,59.0,(11.078405520382008+0j)
22494,26.08.2020,06:00,64.0,(11.382908522813985+0j)
22495,26.08.2020,07:00,61.0,(11.202196833891742+0j)
22496,26.08.2020,08:00,53.0,(10.689364281461948+0j)
22497,26.08.2020,09:00,39.0,(9.650462409337567+0j)
22498,26.08.2020,10:00,33.0,(9.127767465531983+0j)
22499,26.08.2020,11:00,43.0,(9.969714910096506+0j)
22500,26.08.2020,12:00,43.0,(9.969714910096506+0j)
22501,26.08.2020,13:00,41.0,(9.812685353516676+0j)
22502,26.08.2020,14:00,30.0,(8.84233584359671+0j)
22503,26.08.2020,15:00,29.0,(8.74297534497106+0j)
22504,26.08.2020,16:00,40.0,(9.732249888616542+0j)
22505,26.08.2020,17:00,49.0,(10.41338553855059+0j)
22506,26.08.2020,18:00,48.0,(10.34205874156488+0j)
22507,26.08.2020,19:00,44.0,(10.0464080386713+0j)
22508,26.08.2020,20:00,45.0,(10.121947777604984+0j)
22509,26.08.2020,21:00,38.0,(9.567264627885733+0j)
22510,26.08.2020,22:00,36.0,(9.396383955788593+0j)
22511,26.08.2020,23:00,33.0,(9.127767465531983+0j)
22512,27.08.2020,00:00,36.0,(9.396383955788593+0j)
22513,27.08.2020,01:00,34.0,(9.219051195842558+0j)
22514,27.08.2020,02:00,44.0,(10.0464080386713+0j)
22515,27.08.2020,03:00,47.0,(10.269734286241032+0j)
22516,27.08.2020,04:00,48.0,(10.34205874156488+0j)
22517,27.08.2020,05:00,33.0,(9.127767465531983+0j)
22518,27.08.2020,06:00,46.0,(10.19637653715948+0j)
22519,27.08.2020,07:00,44.0,(10.0464080386713+0j)
22520,27.08.2020,08:00,45.0,(10.121947777604984+0j)
22521,27.08.2020,09:00,34.0,(9.219051195842558+0j)
22522,27.08.2020,10:00,40.0,(9.732249888616542+0j)
22523,27.08.2020,11:00,44.0,(10.0464080386713+0j)
22524,27.08.2020,12:00,33.0,(9.127767465531983+0j)
22525,27.08.2020,13:00,23.0,(8.092869420675413+0j)
22526,27.08.2020,14:00,26.0,(8.430455436469295+0j)
22527,27.08.2020,15:00,29.0,(8.74297534497106+0j)
22528,27.08.2020,16:00,32.0,(9.034620481786352+0j)
22529,27.08.2020,17:00,48.0,(10.34205874156488+0j)
22530,27.08.2020,18:00,51.0,(10.5531792067093+0j)
22531,27.08.2020,19:00,44.0,(10.0464080386713+0j)
22532,27.08.2020,20:00,52.0,(10.621708264608335+0j)
22533,27.08.2020,21:00,49.0,(10.41338553855059+0j)
22534,27.08.2020,22:00,52.0,(10.621708264608335+0j)
22535,27.08.2020,23:00,46.0,(10.19637653715948+0j)
22536,28.08.2020,00:00,47.0,(10.269734286241032+0j)
22537,28.08.2020,01:00,40.0,(9.732249888616542+0j)
22538,28.08.2020,02:00,37.0,(9.482594128751929+0j)
22539,28.08.2020,03:00,41.0,(9.812685353516676+0j)
22540,28.08.2020,04:00,40.0,(9.732249888616542+0j)
22541,28.08.2020,05:00,40.0,(9.732249888616542+0j)
22542,28.08.2020,06:00,37.0,(9.482594128751929+0j)
22543,28.08.2020,07:00,25.0,(8.320956608290626+0j)
22544,28.08.2020,08:00,10.0,(6.130933248752508+0j)
22545,28.08.2020,09:00,10.0,(6.130933248752508+0j)
22546,28.08.2020,10:00,10.0,(6.130933248752508+0j)
22547,28.08.2020,11:00,17.0,(7.317165783214581+0j)
22548,28.08.2020,12:00,11.0,(6.32884048187752+0j)
22549,28.08.2020,13:00,10.0,(6.130933248752508+0j)
22550,28.08.2020,14:00,12.0,(6.515088753873438+0j)
22551,28.08.2020,15:00,14.0,(6.858607230018604+0j)
22552,28.08.2020,16:00,26.0,(8.430455436469295+0j)
22553,28.08.2020,17:00,37.0,(9.482594128751929+0j)
22554,28.08.2020,18:00,33.0,(9.127767465531983+0j)
22555,28.08.2020,19:00,40.0,(9.732249888616542+0j)
22556,28.08.2020,20:00,36.0,(9.396383955788593+0j)
22557,28.08.2020,21:00,26.0,(8.430455436469295+0j)
22558,28.08.2020,22:00,21.0,(7.851145380281553+0j)
22559,28.08.2020,23:00,13.0,(6.691256914211192+0j)
22560,29.08.2020,00:00,7.0,(5.443680165984116+0j)
22561,29.08.2020,01:00,6.0,(5.171029370782441+0j)
22562,29.08.2020,02:00,6.0,(5.171029370782441+0j)
22563,29.08.2020,03:00,6.0,(5.171029370782441+0j)
22564,29.08.2020,04:00,4.0,(4.517310240893176+0j)
22565,29.08.2020,05:00,1.0,(2.845727130703496+0j)
22566,29.08.2020,06:00,2.0,(3.585391514230274+0j)
22567,29.08.2020,07:00,1.0,(2.845727130703496+0j)
22568,29.08.2020,08:00,1.0,(2.845727130703496+0j)
22569,29.08.2020,09:00,0.0,0j
22570,29.08.2020,10:00,0.0,0j
22571,29.08.2020,11:00,0.0,0j
22572,29.08.2020,12:00,0.0,0j
22573,29.08.2020,13:00,0.0,0j
22574,29.08.2020,14:00,2.0,(3.585391514230274+0j)
22575,29.08.2020,15:00,3.0,(4.1042487314692515+0j)
22576,29.08.2020,16:00,2.0,(3.585391514230274+0j)
22577,29.08.2020,17:00,3.0,(4.1042487314692515+0j)
22578,29.08.2020,18:00,7.0,(5.443680165984116+0j)
22579,29.08.2020,19:00,3.0,(4.1042487314692515+0j)
22580,29.08.2020,20:00,0.0,0j
22581,29.08.2020,21:00,12.0,(6.515088753873438+0j)
22582,29.08.2020,22:00,19.0,(7.593542967381978+0j)
22583,29.08.2020,23:00,16.0,(7.170783028460548+0j)
22584,30.08.2020,00:00,8.0,(5.691454261406992+0j)
22585,30.08.2020,01:00,9.0,(5.919350969396254+0j)
22586,30.08.2020,02:00,9.0,(5.919350969396254+0j)
22587,30.08.2020,03:00,8.0,(5.691454261406992+0j)
22588,30.08.2020,04:00,6.0,(5.171029370782441+0j)
22589,30.08.2020,05:00,4.0,(4.517310240893176+0j)
22590,30.08.2020,06:00,4.0,(4.517310240893176+0j)
22591,30.08.2020,07:00,3.0,(4.1042487314692515+0j)
22592,30.08.2020,08:00,0.0,0j
22593,30.08.2020,09:00,0.0,0j
22594,30.08.2020,10:00,0.0,0j
22595,30.08.2020,11:00,0.0,0j
22596,30.08.2020,12:00,0.0,0j
22597,30.08.2020,13:00,0.0,0j
22598,30.08.2020,14:00,1.0,(2.845727130703496+0j)
22599,30.08.2020,15:00,4.0,(4.517310240893176+0j)
22600,30.08.2020,16:00,3.0,(4.1042487314692515+0j)
22601,30.08.2020,17:00,4.0,(4.517310240893176+0j)
22602,30.08.2020,18:00,8.0,(5.691454261406992+0j)
22603,30.08.2020,19:00,4.0,(4.517310240893176+0j)
22604,30.08.2020,20:00,10.0,(6.130933248752508+0j)
22605,30.08.2020,21:00,18.0,(7.457914888057963+0j)
22606,30.08.2020,22:00,31.0,(8.939512150377235+0j)
22607,30.08.2020,23:00,36.0,(9.396383955788593+0j)
22608,31.08.2020,00:00,33.0,(9.127767465531983+0j)
22609,31.08.2020,01:00,25.0,(8.320956608290626+0j)
22610,31.08.2020,02:00,26.0,(8.430455436469295+0j)
22611,31.08.2020,03:00,30.0,(8.84233584359671+0j)
22612,31.08.2020,04:00,30.0,(8.84233584359671+0j)
22613,31.08.2020,05:00,27.0,(8.537181392110488+0j)
22614,31.08.2020,06:00,31.0,(8.939512150377235+0j)
22615,31.08.2020,07:00,29.0,(8.74297534497106+0j)
22616,31.08.2020,08:00,23.0,(8.092869420675413+0j)
22617,31.08.2020,09:00,28.0,(8.641303622061608+0j)
22618,31.08.2020,10:00,26.0,(8.430455436469295+0j)
22619,31.08.2020,11:00,30.0,(8.84233584359671+0j)
22620,31.08.2020,12:00,48.0,(10.34205874156488+0j)
22621,31.08.2020,13:00,40.0,(9.732249888616542+0j)
22622,31.08.2020,14:00,30.0,(8.84233584359671+0j)
22623,31.08.2020,15:00,32.0,(9.034620481786352+0j)
22624,31.08.2020,16:00,37.0,(9.482594128751929+0j)
22625,31.08.2020,17:00,46.0,(10.19637653715948+0j)
22626,31.08.2020,18:00,39.0,(9.650462409337567+0j)
22627,31.08.2020,19:00,30.0,(8.84233584359671+0j)
22628,31.08.2020,20:00,27.0,(8.537181392110488+0j)
22629,31.08.2020,21:00,31.0,(8.939512150377235+0j)
22630,31.08.2020,22:00,40.0,(9.732249888616542+0j)
22631,31.08.2020,23:00,39.0,(9.650462409337567+0j)
22632,01.09.2020,00:00,38.0,(9.567264627885733+0j)
22633,01.09.2020,01:00,18.0,(7.457914888057963+0j)
22634,01.09.2020,02:00,11.0,(6.32884048187752+0j)
22635,01.09.2020,03:00,9.0,(5.919350969396254+0j)
22636,01.09.2020,04:00,6.0,(5.171029370782441+0j)
22637,01.09.2020,05:00,4.0,(4.517310240893176+0j)
22638,01.09.2020,06:00,4.0,(4.517310240893176+0j)
22639,01.09.2020,07:00,5.0,(4.866124944308272+0j)
22640,01.09.2020,08:00,3.0,(4.1042487314692515+0j)
22641,01.09.2020,09:00,1.0,(2.845727130703496+0j)
22642,01.09.2020,10:00,2.0,(3.585391514230274+0j)
22643,01.09.2020,11:00,0.0,0j
22644,01.09.2020,12:00,0.0,0j
22645,01.09.2020,13:00,0.0,0j
22646,01.09.2020,14:00,0.0,0j
22647,01.09.2020,15:00,0.0,0j
22648,01.09.2020,16:00,7.0,(5.443680165984116+0j)
22649,01.09.2020,17:00,4.0,(4.517310240893176+0j)
22650,01.09.2020,18:00,2.0,(3.585391514230274+0j)
22651,01.09.2020,19:00,3.0,(4.1042487314692515+0j)
22652,01.09.2020,20:00,2.0,(3.585391514230274+0j)
22653,01.09.2020,21:00,0.0,0j
22654,01.09.2020,22:00,0.0,0j
22655,01.09.2020,23:00,0.0,0j
22656,02.09.2020,00:00,0.0,0j
22657,02.09.2020,01:00,0.0,0j
22658,02.09.2020,02:00,0.0,0j
22659,02.09.2020,03:00,0.0,0j
22660,02.09.2020,04:00,0.0,0j
22661,02.09.2020,05:00,0.0,0j
22662,02.09.2020,06:00,0.0,0j
22663,02.09.2020,07:00,0.0,0j
22664,02.09.2020,08:00,0.0,0j
22665,02.09.2020,09:00,0.0,0j
22666,02.09.2020,10:00,0.0,0j
22667,02.09.2020,11:00,0.0,0j
22668,02.09.2020,12:00,0.0,0j
22669,02.09.2020,13:00,0.0,0j
22670,02.09.2020,14:00,3.0,(4.1042487314692515+0j)
22671,02.09.2020,15:00,3.0,(4.1042487314692515+0j)
22672,02.09.2020,16:00,7.0,(5.443680165984116+0j)
22673,02.09.2020,17:00,6.0,(5.171029370782441+0j)
22674,02.09.2020,18:00,4.0,(4.517310240893176+0j)
22675,02.09.2020,19:00,6.0,(5.171029370782441+0j)
22676,02.09.2020,20:00,6.0,(5.171029370782441+0j)
22677,02.09.2020,21:00,2.0,(3.585391514230274+0j)
22678,02.09.2020,22:00,0.0,0j
22679,02.09.2020,23:00,4.0,(4.517310240893176+0j)
22680,03.09.2020,00:00,3.0,(4.1042487314692515+0j)
22681,03.09.2020,01:00,1.0,(2.845727130703496+0j)
22682,03.09.2020,02:00,0.0,0j
22683,03.09.2020,03:00,0.0,0j
22684,03.09.2020,04:00,0.0,0j
22685,03.09.2020,05:00,0.0,0j
22686,03.09.2020,06:00,0.0,0j
22687,03.09.2020,07:00,0.0,0j
22688,03.09.2020,08:00,0.0,0j
22689,03.09.2020,09:00,0.0,0j
22690,03.09.2020,10:00,0.0,0j
22691,03.09.2020,11:00,0.0,0j
22692,03.09.2020,12:00,1.0,(2.845727130703496+0j)
22693,03.09.2020,13:00,7.0,(5.443680165984116+0j)
22694,03.09.2020,14:00,17.0,(7.317165783214581+0j)
22695,03.09.2020,15:00,12.0,(6.515088753873438+0j)
22696,03.09.2020,16:00,15.0,(7.018166609990766+0j)
22697,03.09.2020,17:00,7.0,(5.443680165984116+0j)
22698,03.09.2020,18:00,9.0,(5.919350969396254+0j)
22699,03.09.2020,19:00,7.0,(5.443680165984116+0j)
22700,03.09.2020,20:00,4.0,(4.517310240893176+0j)
22701,03.09.2020,21:00,1.0,(2.845727130703496+0j)
22702,03.09.2020,22:00,2.0,(3.585391514230274+0j)
22703,03.09.2020,23:00,0.0,0j
22704,04.09.2020,00:00,6.0,(5.171029370782441+0j)
22705,04.09.2020,01:00,3.0,(4.1042487314692515+0j)
22706,04.09.2020,02:00,1.0,(2.845727130703496+0j)
22707,04.09.2020,03:00,0.0,0j
22708,04.09.2020,04:00,0.0,0j
22709,04.09.2020,05:00,0.0,0j
22710,04.09.2020,06:00,0.0,0j
22711,04.09.2020,07:00,0.0,0j
22712,04.09.2020,08:00,9.0,(5.919350969396254+0j)
22713,04.09.2020,09:00,17.0,(7.317165783214581+0j)
22714,04.09.2020,10:00,15.0,(7.018166609990766+0j)
22715,04.09.2020,11:00,12.0,(6.515088753873438+0j)
22716,04.09.2020,12:00,9.0,(5.919350969396254+0j)
22717,04.09.2020,13:00,5.0,(4.866124944308272+0j)
22718,04.09.2020,14:00,12.0,(6.515088753873438+0j)
22719,04.09.2020,15:00,38.0,(9.567264627885733+0j)
22720,04.09.2020,16:00,53.0,(10.689364281461948+0j)
22721,04.09.2020,17:00,66.0,(11.500266368369322+0j)
22722,04.09.2020,18:00,69.0,(11.671937444523078+0j)
22723,04.09.2020,19:00,67.0,(11.55805762209552+0j)
22724,04.09.2020,20:00,58.0,(11.015458675840927+0j)
22725,04.09.2020,21:00,66.0,(11.500266368369322+0j)
22726,04.09.2020,22:00,67.0,(11.55805762209552+0j)
22727,04.09.2020,23:00,63.0,(11.323311051132062+0j)
22728,05.09.2020,00:00,65.0,(11.441888376335278+0j)
22729,05.09.2020,01:00,66.0,(11.500266368369322+0j)
22730,05.09.2020,02:00,65.0,(11.441888376335278+0j)
22731,05.09.2020,03:00,68.0,(11.615276661700541+0j)
22732,05.09.2020,04:00,69.0,(11.671937444523078+0j)
22733,05.09.2020,05:00,69.0,(11.671937444523078+0j)
22734,05.09.2020,06:00,68.0,(11.615276661700541+0j)
22735,05.09.2020,07:00,66.0,(11.500266368369322+0j)
22736,05.09.2020,08:00,65.0,(11.441888376335278+0j)
22737,05.09.2020,09:00,66.0,(11.500266368369322+0j)
22738,05.09.2020,10:00,69.0,(11.671937444523078+0j)
22739,05.09.2020,11:00,67.0,(11.55805762209552+0j)
22740,05.09.2020,12:00,68.0,(11.615276661700541+0j)
22741,05.09.2020,13:00,69.0,(11.671937444523078+0j)
22742,05.09.2020,14:00,69.0,(11.671937444523078+0j)
22743,05.09.2020,15:00,64.0,(11.382908522813985+0j)
22744,05.09.2020,16:00,69.0,(11.671937444523078+0j)
22745,05.09.2020,17:00,69.0,(11.671937444523078+0j)
22746,05.09.2020,18:00,69.0,(11.671937444523078+0j)
22747,05.09.2020,19:00,69.0,(11.671937444523078+0j)
22748,05.09.2020,20:00,69.0,(11.671937444523078+0j)
22749,05.09.2020,21:00,68.0,(11.615276661700541+0j)
22750,05.09.2020,22:00,68.0,(11.615276661700541+0j)
22751,05.09.2020,23:00,64.0,(11.382908522813985+0j)
22752,06.09.2020,00:00,62.0,(11.263079534051261+0j)
22753,06.09.2020,01:00,60.0,(11.140645059587433+0j)
22754,06.09.2020,02:00,57.0,(10.9517840818175+0j)
22755,06.09.2020,03:00,63.0,(11.323311051132062+0j)
22756,06.09.2020,04:00,59.0,(11.078405520382008+0j)
22757,06.09.2020,05:00,59.0,(11.078405520382008+0j)
22758,06.09.2020,06:00,64.0,(11.382908522813985+0j)
22759,06.09.2020,07:00,48.0,(10.34205874156488+0j)
22760,06.09.2020,08:00,57.0,(10.9517840818175+0j)
22761,06.09.2020,09:00,65.0,(11.441888376335278+0j)
22762,06.09.2020,10:00,54.0,(10.756174542690822+0j)
22763,06.09.2020,11:00,60.0,(11.140645059587433+0j)
22764,06.09.2020,12:00,55.0,(10.822164994364314+0j)
22765,06.09.2020,13:00,52.0,(10.621708264608335+0j)
22766,06.09.2020,14:00,56.0,(10.887360331968232+0j)
22767,06.09.2020,15:00,55.0,(10.822164994364314+0j)
22768,06.09.2020,16:00,54.0,(10.756174542690822+0j)
22769,06.09.2020,17:00,56.0,(10.887360331968232+0j)
22770,06.09.2020,18:00,53.0,(10.689364281461948+0j)
22771,06.09.2020,19:00,61.0,(11.202196833891742+0j)
22772,06.09.2020,20:00,48.0,(10.34205874156488+0j)
22773,06.09.2020,21:00,47.0,(10.269734286241032+0j)
22774,06.09.2020,22:00,40.0,(9.732249888616542+0j)
22775,06.09.2020,23:00,36.0,(9.396383955788593+0j)
22776,07.09.2020,00:00,35.0,(9.308562145233848+0j)
22777,07.09.2020,01:00,28.0,(8.641303622061608+0j)
22778,07.09.2020,02:00,30.0,(8.84233584359671+0j)
22779,07.09.2020,03:00,24.0,(8.208497462938503+0j)
22780,07.09.2020,04:00,24.0,(8.208497462938503+0j)
22781,07.09.2020,05:00,25.0,(8.320956608290626+0j)
22782,07.09.2020,06:00,27.0,(8.537181392110488+0j)
22783,07.09.2020,07:00,24.0,(8.208497462938503+0j)
22784,07.09.2020,08:00,19.0,(7.593542967381978+0j)
22785,07.09.2020,09:00,9.0,(5.919350969396254+0j)
22786,07.09.2020,10:00,6.0,(5.171029370782441+0j)
22787,07.09.2020,11:00,6.0,(5.171029370782441+0j)
22788,07.09.2020,12:00,7.0,(5.443680165984116+0j)
22789,07.09.2020,13:00,9.0,(5.919350969396254+0j)
22790,07.09.2020,14:00,8.0,(5.691454261406992+0j)
22791,07.09.2020,15:00,12.0,(6.515088753873438+0j)
22792,07.09.2020,16:00,12.0,(6.515088753873438+0j)
22793,07.09.2020,17:00,17.0,(7.317165783214581+0j)
22794,07.09.2020,18:00,35.0,(9.308562145233848+0j)
22795,07.09.2020,19:00,35.0,(9.308562145233848+0j)
22796,07.09.2020,20:00,36.0,(9.396383955788593+0j)
22797,07.09.2020,21:00,38.0,(9.567264627885733+0j)
22798,07.09.2020,22:00,34.0,(9.219051195842558+0j)
22799,07.09.2020,23:00,34.0,(9.219051195842558+0j)
22800,08.09.2020,00:00,36.0,(9.396383955788593+0j)
22801,08.09.2020,01:00,34.0,(9.219051195842558+0j)
22802,08.09.2020,02:00,36.0,(9.396383955788593+0j)
22803,08.09.2020,03:00,38.0,(9.567264627885733+0j)
22804,08.09.2020,04:00,42.0,(9.891823330401618+0j)
22805,08.09.2020,05:00,35.0,(9.308562145233848+0j)
22806,08.09.2020,06:00,43.0,(9.969714910096506+0j)
22807,08.09.2020,07:00,48.0,(10.34205874156488+0j)
22808,08.09.2020,08:00,56.0,(10.887360331968232+0j)
22809,08.09.2020,09:00,65.0,(11.441888376335278+0j)
22810,08.09.2020,10:00,68.0,(11.615276661700541+0j)
22811,08.09.2020,11:00,64.0,(11.382908522813985+0j)
22812,08.09.2020,12:00,62.0,(11.263079534051261+0j)
22813,08.09.2020,13:00,62.0,(11.263079534051261+0j)
22814,08.09.2020,14:00,61.0,(11.202196833891742+0j)
22815,08.09.2020,15:00,65.0,(11.441888376335278+0j)
22816,08.09.2020,16:00,68.0,(11.615276661700541+0j)
22817,08.09.2020,17:00,68.0,(11.615276661700541+0j)
22818,08.09.2020,18:00,69.0,(11.671937444523078+0j)
22819,08.09.2020,19:00,69.0,(11.671937444523078+0j)
22820,08.09.2020,20:00,69.0,(11.671937444523078+0j)
22821,08.09.2020,21:00,68.0,(11.615276661700541+0j)
22822,08.09.2020,22:00,67.0,(11.55805762209552+0j)
22823,08.09.2020,23:00,68.0,(11.615276661700541+0j)
22824,09.09.2020,00:00,69.0,(11.671937444523078+0j)
22825,09.09.2020,01:00,69.0,(11.671937444523078+0j)
22826,09.09.2020,02:00,68.0,(11.615276661700541+0j)
22827,09.09.2020,03:00,69.0,(11.671937444523078+0j)
22828,09.09.2020,04:00,69.0,(11.671937444523078+0j)
22829,09.09.2020,05:00,69.0,(11.671937444523078+0j)
22830,09.09.2020,06:00,69.0,(11.671937444523078+0j)
22831,09.09.2020,07:00,66.0,(11.500266368369322+0j)
22832,09.09.2020,08:00,66.0,(11.500266368369322+0j)
22833,09.09.2020,09:00,69.0,(11.671937444523078+0j)
22834,09.09.2020,10:00,68.0,(11.615276661700541+0j)
22835,09.09.2020,11:00,69.0,(11.671937444523078+0j)
22836,09.09.2020,12:00,68.0,(11.615276661700541+0j)
22837,09.09.2020,13:00,69.0,(11.671937444523078+0j)
22838,09.09.2020,14:00,69.0,(11.671937444523078+0j)
22839,09.09.2020,15:00,69.0,(11.671937444523078+0j)
22840,09.09.2020,16:00,68.0,(11.615276661700541+0j)
22841,09.09.2020,17:00,69.0,(11.671937444523078+0j)
22842,09.09.2020,18:00,69.0,(11.671937444523078+0j)
22843,09.09.2020,19:00,67.0,(11.55805762209552+0j)
22844,09.09.2020,20:00,64.0,(11.382908522813985+0j)
22845,09.09.2020,21:00,68.0,(11.615276661700541+0j)
22846,09.09.2020,22:00,67.0,(11.55805762209552+0j)
22847,09.09.2020,23:00,56.0,(10.887360331968232+0j)
22848,10.09.2020,00:00,50.0,(10.483748386047209+0j)
22849,10.09.2020,01:00,47.0,(10.269734286241032+0j)
22850,10.09.2020,02:00,36.0,(9.396383955788593+0j)
22851,10.09.2020,03:00,50.0,(10.483748386047209+0j)
22852,10.09.2020,04:00,50.0,(10.483748386047209+0j)
22853,10.09.2020,05:00,50.0,(10.483748386047209+0j)
22854,10.09.2020,06:00,26.0,(8.430455436469295+0j)
22855,10.09.2020,07:00,40.0,(9.732249888616542+0j)
22856,10.09.2020,08:00,25.0,(8.320956608290626+0j)
22857,10.09.2020,09:00,12.0,(6.515088753873438+0j)
22858,10.09.2020,10:00,11.0,(6.32884048187752+0j)
22859,10.09.2020,11:00,13.0,(6.691256914211192+0j)
22860,10.09.2020,12:00,17.0,(7.317165783214581+0j)
22861,10.09.2020,13:00,19.0,(7.593542967381978+0j)
22862,10.09.2020,14:00,19.0,(7.593542967381978+0j)
22863,10.09.2020,15:00,21.0,(7.851145380281553+0j)
22864,10.09.2020,16:00,37.0,(9.482594128751929+0j)
22865,10.09.2020,17:00,50.0,(10.483748386047209+0j)
22866,10.09.2020,18:00,51.0,(10.5531792067093+0j)
22867,10.09.2020,19:00,50.0,(10.483748386047209+0j)
22868,10.09.2020,20:00,51.0,(10.5531792067093+0j)
22869,10.09.2020,21:00,54.0,(10.756174542690822+0j)
22870,10.09.2020,22:00,42.0,(9.891823330401618+0j)
22871,10.09.2020,23:00,38.0,(9.567264627885733+0j)
22872,11.09.2020,00:00,23.0,(8.092869420675413+0j)
22873,11.09.2020,01:00,26.0,(8.430455436469295+0j)
22874,11.09.2020,02:00,20.0,(7.724491855603646+0j)
22875,11.09.2020,03:00,19.0,(7.593542967381978+0j)
22876,11.09.2020,04:00,31.0,(8.939512150377235+0j)
22877,11.09.2020,05:00,36.0,(9.396383955788593+0j)
22878,11.09.2020,06:00,48.0,(10.34205874156488+0j)
22879,11.09.2020,07:00,46.0,(10.19637653715948+0j)
22880,11.09.2020,08:00,44.0,(10.0464080386713+0j)
22881,11.09.2020,09:00,52.0,(10.621708264608335+0j)
22882,11.09.2020,10:00,31.0,(8.939512150377235+0j)
22883,11.09.2020,11:00,24.0,(8.208497462938503+0j)
22884,11.09.2020,12:00,23.0,(8.092869420675413+0j)
22885,11.09.2020,13:00,21.0,(7.851145380281553+0j)
22886,11.09.2020,14:00,23.0,(8.092869420675413+0j)
22887,11.09.2020,15:00,37.0,(9.482594128751929+0j)
22888,11.09.2020,16:00,37.0,(9.482594128751929+0j)
22889,11.09.2020,17:00,56.0,(10.887360331968232+0j)
22890,11.09.2020,18:00,54.0,(10.756174542690822+0j)
22891,11.09.2020,19:00,60.0,(11.140645059587433+0j)
22892,11.09.2020,20:00,51.0,(10.5531792067093+0j)
22893,11.09.2020,21:00,52.0,(10.621708264608335+0j)
22894,11.09.2020,22:00,42.0,(9.891823330401618+0j)
22895,11.09.2020,23:00,37.0,(9.482594128751929+0j)
22896,12.09.2020,00:00,44.0,(10.0464080386713+0j)
22897,12.09.2020,01:00,51.0,(10.5531792067093+0j)
22898,12.09.2020,02:00,48.0,(10.34205874156488+0j)
22899,12.09.2020,03:00,52.0,(10.621708264608335+0j)
22900,12.09.2020,04:00,50.0,(10.483748386047209+0j)
22901,12.09.2020,05:00,51.0,(10.5531792067093+0j)
22902,12.09.2020,06:00,61.0,(11.202196833891742+0j)
22903,12.09.2020,07:00,57.0,(10.9517840818175+0j)
22904,12.09.2020,08:00,48.0,(10.34205874156488+0j)
22905,12.09.2020,09:00,43.0,(9.969714910096506+0j)
22906,12.09.2020,10:00,43.0,(9.969714910096506+0j)
22907,12.09.2020,11:00,52.0,(10.621708264608335+0j)
22908,12.09.2020,12:00,39.0,(9.650462409337567+0j)
22909,12.09.2020,13:00,28.0,(8.641303622061608+0j)
22910,12.09.2020,14:00,27.0,(8.537181392110488+0j)
22911,12.09.2020,15:00,30.0,(8.84233584359671+0j)
22912,12.09.2020,16:00,40.0,(9.732249888616542+0j)
22913,12.09.2020,17:00,54.0,(10.756174542690822+0j)
22914,12.09.2020,18:00,63.0,(11.323311051132062+0j)
22915,12.09.2020,19:00,43.0,(9.969714910096506+0j)
22916,12.09.2020,20:00,28.0,(8.641303622061608+0j)
22917,12.09.2020,21:00,27.0,(8.537181392110488+0j)
22918,12.09.2020,22:00,32.0,(9.034620481786352+0j)
22919,12.09.2020,23:00,22.0,(7.9738393445443+0j)
22920,13.09.2020,00:00,16.0,(7.170783028460548+0j)
22921,13.09.2020,01:00,8.0,(5.691454261406992+0j)
22922,13.09.2020,02:00,18.0,(7.457914888057963+0j)
22923,13.09.2020,03:00,30.0,(8.84233584359671+0j)
22924,13.09.2020,04:00,32.0,(9.034620481786352+0j)
22925,13.09.2020,05:00,27.0,(8.537181392110488+0j)
22926,13.09.2020,06:00,30.0,(8.84233584359671+0j)
22927,13.09.2020,07:00,27.0,(8.537181392110488+0j)
22928,13.09.2020,08:00,39.0,(9.650462409337567+0j)
22929,13.09.2020,09:00,54.0,(10.756174542690822+0j)
22930,13.09.2020,10:00,42.0,(9.891823330401618+0j)
22931,13.09.2020,11:00,56.0,(10.887360331968232+0j)
22932,13.09.2020,12:00,59.0,(11.078405520382008+0j)
22933,13.09.2020,13:00,55.0,(10.822164994364314+0j)
22934,13.09.2020,14:00,44.0,(10.0464080386713+0j)
22935,13.09.2020,15:00,58.0,(11.015458675840927+0j)
22936,13.09.2020,16:00,63.0,(11.323311051132062+0j)
22937,13.09.2020,17:00,63.0,(11.323311051132062+0j)
22938,13.09.2020,18:00,65.0,(11.441888376335278+0j)
22939,13.09.2020,19:00,66.0,(11.500266368369322+0j)
22940,13.09.2020,20:00,61.0,(11.202196833891742+0j)
22941,13.09.2020,21:00,59.0,(11.078405520382008+0j)
22942,13.09.2020,22:00,54.0,(10.756174542690822+0j)
22943,13.09.2020,23:00,61.0,(11.202196833891742+0j)
22944,14.09.2020,00:00,62.0,(11.263079534051261+0j)
22945,14.09.2020,01:00,63.0,(11.323311051132062+0j)
22946,14.09.2020,02:00,66.0,(11.500266368369322+0j)
22947,14.09.2020,03:00,65.0,(11.441888376335278+0j)
22948,14.09.2020,04:00,66.0,(11.500266368369322+0j)
22949,14.09.2020,05:00,69.0,(11.671937444523078+0j)
22950,14.09.2020,06:00,58.0,(11.015458675840927+0j)
22951,14.09.2020,07:00,62.0,(11.263079534051261+0j)
22952,14.09.2020,08:00,60.0,(11.140645059587433+0j)
22953,14.09.2020,09:00,59.0,(11.078405520382008+0j)
22954,14.09.2020,10:00,66.0,(11.500266368369322+0j)
22955,14.09.2020,11:00,65.0,(11.441888376335278+0j)
22956,14.09.2020,12:00,64.0,(11.382908522813985+0j)
22957,14.09.2020,13:00,62.0,(11.263079534051261+0j)
22958,14.09.2020,14:00,59.0,(11.078405520382008+0j)
22959,14.09.2020,15:00,64.0,(11.382908522813985+0j)
22960,14.09.2020,16:00,63.0,(11.323311051132062+0j)
22961,14.09.2020,17:00,62.0,(11.263079534051261+0j)
22962,14.09.2020,18:00,60.0,(11.140645059587433+0j)
22963,14.09.2020,19:00,59.0,(11.078405520382008+0j)
22964,14.09.2020,20:00,58.0,(11.015458675840927+0j)
22965,14.09.2020,21:00,56.0,(10.887360331968232+0j)
22966,14.09.2020,22:00,54.0,(10.756174542690822+0j)
22967,14.09.2020,23:00,50.0,(10.483748386047209+0j)
22968,15.09.2020,00:00,58.0,(11.015458675840927+0j)
22969,15.09.2020,01:00,53.0,(10.689364281461948+0j)
22970,15.09.2020,02:00,52.0,(10.621708264608335+0j)
22971,15.09.2020,03:00,49.0,(10.41338553855059+0j)
22972,15.09.2020,04:00,45.0,(10.121947777604984+0j)
22973,15.09.2020,05:00,42.0,(9.891823330401618+0j)
22974,15.09.2020,06:00,48.0,(10.34205874156488+0j)
22975,15.09.2020,07:00,56.0,(10.887360331968232+0j)
22976,15.09.2020,08:00,57.0,(10.9517840818175+0j)
22977,15.09.2020,09:00,58.0,(11.015458675840927+0j)
22978,15.09.2020,10:00,51.0,(10.5531792067093+0j)
22979,15.09.2020,11:00,40.0,(9.732249888616542+0j)
22980,15.09.2020,12:00,32.0,(9.034620481786352+0j)
22981,15.09.2020,13:00,33.0,(9.127767465531983+0j)
22982,15.09.2020,14:00,46.0,(10.19637653715948+0j)
22983,15.09.2020,15:00,41.0,(9.812685353516676+0j)
22984,15.09.2020,16:00,51.0,(10.5531792067093+0j)
22985,15.09.2020,17:00,53.0,(10.689364281461948+0j)
22986,15.09.2020,18:00,53.0,(10.689364281461948+0j)
22987,15.09.2020,19:00,56.0,(10.887360331968232+0j)
22988,15.09.2020,20:00,56.0,(10.887360331968232+0j)
22989,15.09.2020,21:00,55.0,(10.822164994364314+0j)
22990,15.09.2020,22:00,53.0,(10.689364281461948+0j)
22991,15.09.2020,23:00,44.0,(10.0464080386713+0j)
22992,16.09.2020,00:00,44.0,(10.0464080386713+0j)
22993,16.09.2020,01:00,42.0,(9.891823330401618+0j)
22994,16.09.2020,02:00,41.0,(9.812685353516676+0j)
22995,16.09.2020,03:00,41.0,(9.812685353516676+0j)
22996,16.09.2020,04:00,39.0,(9.650462409337567+0j)
22997,16.09.2020,05:00,37.0,(9.482594128751929+0j)
22998,16.09.2020,06:00,35.0,(9.308562145233848+0j)
22999,16.09.2020,07:00,38.0,(9.567264627885733+0j)
23000,16.09.2020,08:00,33.0,(9.127767465531983+0j)
23001,16.09.2020,09:00,28.0,(8.641303622061608+0j)
23002,16.09.2020,10:00,22.0,(7.9738393445443+0j)
23003,16.09.2020,11:00,16.0,(7.170783028460548+0j)
23004,16.09.2020,12:00,19.0,(7.593542967381978+0j)
23005,16.09.2020,13:00,15.0,(7.018166609990766+0j)
23006,16.09.2020,14:00,19.0,(7.593542967381978+0j)
23007,16.09.2020,15:00,17.0,(7.317165783214581+0j)
23008,16.09.2020,16:00,18.0,(7.457914888057963+0j)
23009,16.09.2020,17:00,29.0,(8.74297534497106+0j)
23010,16.09.2020,18:00,36.0,(9.396383955788593+0j)
23011,16.09.2020,19:00,38.0,(9.567264627885733+0j)
23012,16.09.2020,20:00,39.0,(9.650462409337567+0j)
23013,16.09.2020,21:00,27.0,(8.537181392110488+0j)
23014,16.09.2020,22:00,20.0,(7.724491855603646+0j)
23015,16.09.2020,23:00,14.0,(6.858607230018604+0j)
23016,17.09.2020,00:00,13.0,(6.691256914211192+0j)
23017,17.09.2020,01:00,9.0,(5.919350969396254+0j)
23018,17.09.2020,02:00,4.0,(4.517310240893176+0j)
23019,17.09.2020,03:00,3.0,(4.1042487314692515+0j)
23020,17.09.2020,04:00,4.0,(4.517310240893176+0j)
23021,17.09.2020,05:00,2.0,(3.585391514230274+0j)
23022,17.09.2020,06:00,3.0,(4.1042487314692515+0j)
23023,17.09.2020,07:00,1.0,(2.845727130703496+0j)
23024,17.09.2020,08:00,0.0,0j
23025,17.09.2020,09:00,0.0,0j
23026,17.09.2020,10:00,0.0,0j
23027,17.09.2020,11:00,0.0,0j
23028,17.09.2020,12:00,0.0,0j
23029,17.09.2020,13:00,0.0,0j
23030,17.09.2020,14:00,0.0,0j
23031,17.09.2020,15:00,3.0,(4.1042487314692515+0j)
23032,17.09.2020,16:00,5.0,(4.866124944308272+0j)
23033,17.09.2020,17:00,6.0,(5.171029370782441+0j)
23034,17.09.2020,18:00,0.0,0j
23035,17.09.2020,19:00,0.0,0j
23036,17.09.2020,20:00,0.0,0j
23037,17.09.2020,21:00,0.0,0j
23038,17.09.2020,22:00,0.0,0j
23039,17.09.2020,23:00,0.0,0j
23040,18.09.2020,00:00,0.0,0j
23041,18.09.2020,01:00,0.0,0j
23042,18.09.2020,02:00,0.0,0j
23043,18.09.2020,03:00,0.0,0j
23044,18.09.2020,04:00,0.0,0j
23045,18.09.2020,05:00,0.0,0j
23046,18.09.2020,06:00,0.0,0j
23047,18.09.2020,07:00,0.0,0j
23048,18.09.2020,08:00,0.0,0j
23049,18.09.2020,09:00,0.0,0j
23050,18.09.2020,10:00,0.0,0j
23051,18.09.2020,11:00,0.0,0j
23052,18.09.2020,12:00,2.0,(3.585391514230274+0j)
23053,18.09.2020,13:00,3.0,(4.1042487314692515+0j)
23054,18.09.2020,14:00,12.0,(6.515088753873438+0j)
23055,18.09.2020,15:00,9.0,(5.919350969396254+0j)
23056,18.09.2020,16:00,7.0,(5.443680165984116+0j)
23057,18.09.2020,17:00,3.0,(4.1042487314692515+0j)
23058,18.09.2020,18:00,4.0,(4.517310240893176+0j)
23059,18.09.2020,19:00,1.0,(2.845727130703496+0j)
23060,18.09.2020,20:00,30.0,(8.84233584359671+0j)
23061,18.09.2020,21:00,26.0,(8.430455436469295+0j)
23062,18.09.2020,22:00,30.0,(8.84233584359671+0j)
23063,18.09.2020,23:00,24.0,(8.208497462938503+0j)
23064,19.09.2020,00:00,28.0,(8.641303622061608+0j)
23065,19.09.2020,01:00,37.0,(9.482594128751929+0j)
23066,19.09.2020,02:00,40.0,(9.732249888616542+0j)
23067,19.09.2020,03:00,41.0,(9.812685353516676+0j)
23068,19.09.2020,04:00,49.0,(10.41338553855059+0j)
23069,19.09.2020,05:00,57.0,(10.9517840818175+0j)
23070,19.09.2020,06:00,62.0,(11.263079534051261+0j)
23071,19.09.2020,07:00,54.0,(10.756174542690822+0j)
23072,19.09.2020,08:00,61.0,(11.202196833891742+0j)
23073,19.09.2020,09:00,66.0,(11.500266368369322+0j)
23074,19.09.2020,10:00,68.0,(11.615276661700541+0j)
23075,19.09.2020,11:00,64.0,(11.382908522813985+0j)
23076,19.09.2020,12:00,68.0,(11.615276661700541+0j)
23077,19.09.2020,13:00,62.0,(11.263079534051261+0j)
23078,19.09.2020,14:00,61.0,(11.202196833891742+0j)
23079,19.09.2020,15:00,63.0,(11.323311051132062+0j)
23080,19.09.2020,16:00,65.0,(11.441888376335278+0j)
23081,19.09.2020,17:00,65.0,(11.441888376335278+0j)
23082,19.09.2020,18:00,64.0,(11.382908522813985+0j)
23083,19.09.2020,19:00,59.0,(11.078405520382008+0j)
23084,19.09.2020,20:00,59.0,(11.078405520382008+0j)
23085,19.09.2020,21:00,61.0,(11.202196833891742+0j)
23086,19.09.2020,22:00,61.0,(11.202196833891742+0j)
23087,19.09.2020,23:00,60.0,(11.140645059587433+0j)
23088,20.09.2020,00:00,60.0,(11.140645059587433+0j)
23089,20.09.2020,01:00,57.0,(10.9517840818175+0j)
23090,20.09.2020,02:00,58.0,(11.015458675840927+0j)
23091,20.09.2020,03:00,52.0,(10.621708264608335+0j)
23092,20.09.2020,04:00,53.0,(10.689364281461948+0j)
23093,20.09.2020,05:00,46.0,(10.19637653715948+0j)
23094,20.09.2020,06:00,48.0,(10.34205874156488+0j)
23095,20.09.2020,07:00,45.0,(10.121947777604984+0j)
23096,20.09.2020,08:00,52.0,(10.621708264608335+0j)
23097,20.09.2020,09:00,54.0,(10.756174542690822+0j)
23098,20.09.2020,10:00,56.0,(10.887360331968232+0j)
23099,20.09.2020,11:00,56.0,(10.887360331968232+0j)
23100,20.09.2020,12:00,55.0,(10.822164994364314+0j)
23101,20.09.2020,13:00,49.0,(10.41338553855059+0j)
23102,20.09.2020,14:00,46.0,(10.19637653715948+0j)
23103,20.09.2020,15:00,56.0,(10.887360331968232+0j)
23104,20.09.2020,16:00,52.0,(10.621708264608335+0j)
23105,20.09.2020,17:00,59.0,(11.078405520382008+0j)
23106,20.09.2020,18:00,56.0,(10.887360331968232+0j)
23107,20.09.2020,19:00,50.0,(10.483748386047209+0j)
23108,20.09.2020,20:00,47.0,(10.269734286241032+0j)
23109,20.09.2020,21:00,45.0,(10.121947777604984+0j)
23110,20.09.2020,22:00,39.0,(9.650462409337567+0j)
23111,20.09.2020,23:00,42.0,(9.891823330401618+0j)
23112,21.09.2020,00:00,39.0,(9.650462409337567+0j)
23113,21.09.2020,01:00,33.0,(9.127767465531983+0j)
23114,21.09.2020,02:00,36.0,(9.396383955788593+0j)
23115,21.09.2020,03:00,34.0,(9.219051195842558+0j)
23116,21.09.2020,04:00,31.0,(8.939512150377235+0j)
23117,21.09.2020,05:00,31.0,(8.939512150377235+0j)
23118,21.09.2020,06:00,39.0,(9.650462409337567+0j)
23119,21.09.2020,07:00,43.0,(9.969714910096506+0j)
23120,21.09.2020,08:00,51.0,(10.5531792067093+0j)
23121,21.09.2020,09:00,53.0,(10.689364281461948+0j)
23122,21.09.2020,10:00,45.0,(10.121947777604984+0j)
23123,21.09.2020,11:00,41.0,(9.812685353516676+0j)
23124,21.09.2020,12:00,43.0,(9.969714910096506+0j)
23125,21.09.2020,13:00,48.0,(10.34205874156488+0j)
23126,21.09.2020,14:00,42.0,(9.891823330401618+0j)
23127,21.09.2020,15:00,44.0,(10.0464080386713+0j)
23128,21.09.2020,16:00,43.0,(9.969714910096506+0j)
23129,21.09.2020,17:00,55.0,(10.822164994364314+0j)
23130,21.09.2020,18:00,50.0,(10.483748386047209+0j)
23131,21.09.2020,19:00,41.0,(9.812685353516676+0j)
23132,21.09.2020,20:00,42.0,(9.891823330401618+0j)
23133,21.09.2020,21:00,36.0,(9.396383955788593+0j)
23134,21.09.2020,22:00,36.0,(9.396383955788593+0j)
23135,21.09.2020,23:00,33.0,(9.127767465531983+0j)
23136,22.09.2020,00:00,33.0,(9.127767465531983+0j)
23137,22.09.2020,01:00,29.0,(8.74297534497106+0j)
23138,22.09.2020,02:00,22.0,(7.9738393445443+0j)
23139,22.09.2020,03:00,22.0,(7.9738393445443+0j)
23140,22.09.2020,04:00,28.0,(8.641303622061608+0j)
23141,22.09.2020,05:00,28.0,(8.641303622061608+0j)
23142,22.09.2020,06:00,23.0,(8.092869420675413+0j)
23143,22.09.2020,07:00,25.0,(8.320956608290626+0j)
23144,22.09.2020,08:00,11.0,(6.32884048187752+0j)
23145,22.09.2020,09:00,9.0,(5.919350969396254+0j)
23146,22.09.2020,10:00,12.0,(6.515088753873438+0j)
23147,22.09.2020,11:00,6.0,(5.171029370782441+0j)
23148,22.09.2020,12:00,6.0,(5.171029370782441+0j)
23149,22.09.2020,13:00,5.0,(4.866124944308272+0j)
23150,22.09.2020,14:00,4.0,(4.517310240893176+0j)
23151,22.09.2020,15:00,6.0,(5.171029370782441+0j)
23152,22.09.2020,16:00,6.0,(5.171029370782441+0j)
23153,22.09.2020,17:00,13.0,(6.691256914211192+0j)
23154,22.09.2020,18:00,17.0,(7.317165783214581+0j)
23155,22.09.2020,19:00,22.0,(7.9738393445443+0j)
23156,22.09.2020,20:00,20.0,(7.724491855603646+0j)
23157,22.09.2020,21:00,20.0,(7.724491855603646+0j)
23158,22.09.2020,22:00,14.0,(6.858607230018604+0j)
23159,22.09.2020,23:00,16.0,(7.170783028460548+0j)
23160,23.09.2020,00:00,16.0,(7.170783028460548+0j)
23161,23.09.2020,01:00,13.0,(6.691256914211192+0j)
23162,23.09.2020,02:00,14.0,(6.858607230018604+0j)
23163,23.09.2020,03:00,7.0,(5.443680165984116+0j)
23164,23.09.2020,04:00,6.0,(5.171029370782441+0j)
23165,23.09.2020,05:00,9.0,(5.919350969396254+0j)
23166,23.09.2020,06:00,9.0,(5.919350969396254+0j)
23167,23.09.2020,07:00,3.0,(4.1042487314692515+0j)
23168,23.09.2020,08:00,4.0,(4.517310240893176+0j)
23169,23.09.2020,09:00,0.0,0j
23170,23.09.2020,10:00,0.0,0j
23171,23.09.2020,11:00,1.0,(2.845727130703496+0j)
23172,23.09.2020,12:00,0.0,0j
23173,23.09.2020,13:00,0.0,0j
23174,23.09.2020,14:00,0.0,0j
23175,23.09.2020,15:00,2.0,(3.585391514230274+0j)
23176,23.09.2020,16:00,7.0,(5.443680165984116+0j)
23177,23.09.2020,17:00,3.0,(4.1042487314692515+0j)
23178,23.09.2020,18:00,3.0,(4.1042487314692515+0j)
23179,23.09.2020,19:00,9.0,(5.919350969396254+0j)
23180,23.09.2020,20:00,9.0,(5.919350969396254+0j)
23181,23.09.2020,21:00,5.0,(4.866124944308272+0j)
23182,23.09.2020,22:00,1.0,(2.845727130703496+0j)
23183,23.09.2020,23:00,2.0,(3.585391514230274+0j)
23184,24.09.2020,00:00,0.0,0j
23185,24.09.2020,01:00,0.0,0j
23186,24.09.2020,02:00,0.0,0j
23187,24.09.2020,03:00,0.0,0j
23188,24.09.2020,04:00,0.0,0j
23189,24.09.2020,05:00,0.0,0j
23190,24.09.2020,06:00,0.0,0j
23191,24.09.2020,07:00,0.0,0j
23192,24.09.2020,08:00,0.0,0j
23193,24.09.2020,09:00,0.0,0j
23194,24.09.2020,10:00,1.0,(2.845727130703496+0j)
23195,24.09.2020,11:00,0.0,0j
23196,24.09.2020,12:00,0.0,0j
23197,24.09.2020,13:00,0.0,0j
23198,24.09.2020,14:00,2.0,(3.585391514230274+0j)
23199,24.09.2020,15:00,0.0,0j
23200,24.09.2020,16:00,2.0,(3.585391514230274+0j)
23201,24.09.2020,17:00,0.0,0j
23202,24.09.2020,18:00,0.0,0j
23203,24.09.2020,19:00,0.0,0j
23204,24.09.2020,20:00,0.0,0j
23205,24.09.2020,21:00,2.0,(3.585391514230274+0j)
23206,24.09.2020,22:00,0.0,0j
23207,24.09.2020,23:00,0.0,0j
23208,25.09.2020,00:00,1.0,(2.845727130703496+0j)
23209,25.09.2020,01:00,0.0,0j
23210,25.09.2020,02:00,2.0,(3.585391514230274+0j)
23211,25.09.2020,03:00,2.0,(3.585391514230274+0j)
23212,25.09.2020,04:00,1.0,(2.845727130703496+0j)
23213,25.09.2020,05:00,0.0,0j
23214,25.09.2020,06:00,0.0,0j
23215,25.09.2020,07:00,0.0,0j
23216,25.09.2020,08:00,0.0,0j
23217,25.09.2020,09:00,0.0,0j
23218,25.09.2020,10:00,0.0,0j
23219,25.09.2020,11:00,0.0,0j
23220,25.09.2020,12:00,2.0,(3.585391514230274+0j)
23221,25.09.2020,13:00,3.0,(4.1042487314692515+0j)
23222,25.09.2020,14:00,5.0,(4.866124944308272+0j)
23223,25.09.2020,15:00,7.0,(5.443680165984116+0j)
23224,25.09.2020,16:00,14.0,(6.858607230018604+0j)
23225,25.09.2020,17:00,12.0,(6.515088753873438+0j)
23226,25.09.2020,18:00,10.0,(6.130933248752508+0j)
23227,25.09.2020,19:00,10.0,(6.130933248752508+0j)
23228,25.09.2020,20:00,14.0,(6.858607230018604+0j)
23229,25.09.2020,21:00,9.0,(5.919350969396254+0j)
23230,25.09.2020,22:00,7.0,(5.443680165984116+0j)
23231,25.09.2020,23:00,2.0,(3.585391514230274+0j)
23232,26.09.2020,00:00,6.0,(5.171029370782441+0j)
23233,26.09.2020,01:00,10.0,(6.130933248752508+0j)
23234,26.09.2020,02:00,10.0,(6.130933248752508+0j)
23235,26.09.2020,03:00,32.0,(9.034620481786352+0j)
23236,26.09.2020,04:00,25.0,(8.320956608290626+0j)
23237,26.09.2020,05:00,34.0,(9.219051195842558+0j)
23238,26.09.2020,06:00,36.0,(9.396383955788593+0j)
23239,26.09.2020,07:00,38.0,(9.567264627885733+0j)
23240,26.09.2020,08:00,50.0,(10.483748386047209+0j)
23241,26.09.2020,09:00,43.0,(9.969714910096506+0j)
23242,26.09.2020,10:00,60.0,(11.140645059587433+0j)
23243,26.09.2020,11:00,34.0,(9.219051195842558+0j)
23244,26.09.2020,12:00,24.0,(8.208497462938503+0j)
23245,26.09.2020,13:00,15.0,(7.018166609990766+0j)
23246,26.09.2020,14:00,39.0,(9.650462409337567+0j)
23247,26.09.2020,15:00,64.0,(11.382908522813985+0j)
23248,26.09.2020,16:00,67.0,(11.55805762209552+0j)
23249,26.09.2020,17:00,68.0,(11.615276661700541+0j)
23250,26.09.2020,18:00,67.0,(11.55805762209552+0j)
23251,26.09.2020,19:00,69.0,(11.671937444523078+0j)
23252,26.09.2020,20:00,69.0,(11.671937444523078+0j)
23253,26.09.2020,21:00,64.0,(11.382908522813985+0j)
23254,26.09.2020,22:00,67.0,(11.55805762209552+0j)
23255,26.09.2020,23:00,68.0,(11.615276661700541+0j)
23256,27.09.2020,00:00,66.0,(11.500266368369322+0j)
23257,27.09.2020,01:00,69.0,(11.671937444523078+0j)
23258,27.09.2020,02:00,68.0,(11.615276661700541+0j)
23259,27.09.2020,03:00,41.0,(9.812685353516676+0j)
23260,27.09.2020,04:00,31.0,(8.939512150377235+0j)
23261,27.09.2020,05:00,25.0,(8.320956608290626+0j)
23262,27.09.2020,06:00,17.0,(7.317165783214581+0j)
23263,27.09.2020,07:00,14.0,(6.858607230018604+0j)
23264,27.09.2020,08:00,14.0,(6.858607230018604+0j)
23265,27.09.2020,09:00,16.0,(7.170783028460548+0j)
23266,27.09.2020,10:00,9.0,(5.919350969396254+0j)
23267,27.09.2020,11:00,13.0,(6.691256914211192+0j)
23268,27.09.2020,12:00,13.0,(6.691256914211192+0j)
23269,27.09.2020,13:00,10.0,(6.130933248752508+0j)
23270,27.09.2020,14:00,9.0,(5.919350969396254+0j)
23271,27.09.2020,15:00,14.0,(6.858607230018604+0j)
23272,27.09.2020,16:00,10.0,(6.130933248752508+0j)
23273,27.09.2020,17:00,15.0,(7.018166609990766+0j)
23274,27.09.2020,18:00,9.0,(5.919350969396254+0j)
23275,27.09.2020,19:00,11.0,(6.32884048187752+0j)
23276,27.09.2020,20:00,5.0,(4.866124944308272+0j)
23277,27.09.2020,21:00,1.0,(2.845727130703496+0j)
23278,27.09.2020,22:00,2.0,(3.585391514230274+0j)
23279,27.09.2020,23:00,2.0,(3.585391514230274+0j)
23280,28.09.2020,00:00,0.0,0j
23281,28.09.2020,01:00,0.0,0j
23282,28.09.2020,02:00,0.0,0j
23283,28.09.2020,03:00,2.0,(3.585391514230274+0j)
23284,28.09.2020,04:00,9.0,(5.919350969396254+0j)
23285,28.09.2020,05:00,5.0,(4.866124944308272+0j)
23286,28.09.2020,06:00,23.0,(8.092869420675413+0j)
23287,28.09.2020,07:00,14.0,(6.858607230018604+0j)
23288,28.09.2020,08:00,7.0,(5.443680165984116+0j)
23289,28.09.2020,09:00,0.0,0j
23290,28.09.2020,10:00,1.0,(2.845727130703496+0j)
23291,28.09.2020,11:00,4.0,(4.517310240893176+0j)
23292,28.09.2020,12:00,4.0,(4.517310240893176+0j)
23293,28.09.2020,13:00,10.0,(6.130933248752508+0j)
23294,28.09.2020,14:00,14.0,(6.858607230018604+0j)
23295,28.09.2020,15:00,13.0,(6.691256914211192+0j)
23296,28.09.2020,16:00,11.0,(6.32884048187752+0j)
23297,28.09.2020,17:00,19.0,(7.593542967381978+0j)
23298,28.09.2020,18:00,25.0,(8.320956608290626+0j)
23299,28.09.2020,19:00,18.0,(7.457914888057963+0j)
23300,28.09.2020,20:00,19.0,(7.593542967381978+0j)
23301,28.09.2020,21:00,26.0,(8.430455436469295+0j)
23302,28.09.2020,22:00,15.0,(7.018166609990766+0j)
23303,28.09.2020,23:00,48.0,(10.34205874156488+0j)
23304,29.09.2020,00:00,46.0,(10.19637653715948+0j)
23305,29.09.2020,01:00,39.0,(9.650462409337567+0j)
23306,29.09.2020,02:00,24.0,(8.208497462938503+0j)
23307,29.09.2020,03:00,14.0,(6.858607230018604+0j)
23308,29.09.2020,04:00,23.0,(8.092869420675413+0j)
23309,29.09.2020,05:00,31.0,(8.939512150377235+0j)
23310,29.09.2020,06:00,48.0,(10.34205874156488+0j)
23311,29.09.2020,07:00,24.0,(8.208497462938503+0j)
23312,29.09.2020,08:00,46.0,(10.19637653715948+0j)
23313,29.09.2020,09:00,56.0,(10.887360331968232+0j)
23314,29.09.2020,10:00,54.0,(10.756174542690822+0j)
23315,29.09.2020,11:00,63.0,(11.323311051132062+0j)
23316,29.09.2020,12:00,65.0,(11.441888376335278+0j)
23317,29.09.2020,13:00,43.0,(9.969714910096506+0j)
23318,29.09.2020,14:00,52.0,(10.621708264608335+0j)
23319,29.09.2020,15:00,57.0,(10.9517840818175+0j)
23320,29.09.2020,16:00,56.0,(10.887360331968232+0j)
23321,29.09.2020,17:00,35.0,(9.308562145233848+0j)
23322,29.09.2020,18:00,8.0,(5.691454261406992+0j)
23323,29.09.2020,19:00,5.0,(4.866124944308272+0j)
23324,29.09.2020,20:00,7.0,(5.443680165984116+0j)
23325,29.09.2020,21:00,1.0,(2.845727130703496+0j)
23326,29.09.2020,22:00,1.0,(2.845727130703496+0j)
23327,29.09.2020,23:00,1.0,(2.845727130703496+0j)
23328,30.09.2020,00:00,0.0,0j
23329,30.09.2020,01:00,2.0,(3.585391514230274+0j)
23330,30.09.2020,02:00,2.0,(3.585391514230274+0j)
23331,30.09.2020,03:00,3.0,(4.1042487314692515+0j)
23332,30.09.2020,04:00,4.0,(4.517310240893176+0j)
23333,30.09.2020,05:00,1.0,(2.845727130703496+0j)
23334,30.09.2020,06:00,1.0,(2.845727130703496+0j)
23335,30.09.2020,07:00,3.0,(4.1042487314692515+0j)
23336,30.09.2020,08:00,1.0,(2.845727130703496+0j)
23337,30.09.2020,09:00,0.0,0j
23338,30.09.2020,10:00,3.0,(4.1042487314692515+0j)
23339,30.09.2020,11:00,6.0,(5.171029370782441+0j)
23340,30.09.2020,12:00,26.0,(8.430455436469295+0j)
23341,30.09.2020,13:00,25.0,(8.320956608290626+0j)
23342,30.09.2020,14:00,16.0,(7.170783028460548+0j)
23343,30.09.2020,15:00,35.0,(9.308562145233848+0j)
23344,30.09.2020,16:00,39.0,(9.650462409337567+0j)
23345,30.09.2020,17:00,31.0,(8.939512150377235+0j)
23346,30.09.2020,18:00,31.0,(8.939512150377235+0j)
23347,30.09.2020,19:00,13.0,(6.691256914211192+0j)
23348,30.09.2020,20:00,7.0,(5.443680165984116+0j)
23349,30.09.2020,21:00,4.0,(4.517310240893176+0j)
23350,30.09.2020,22:00,6.0,(5.171029370782441+0j)
23351,30.09.2020,23:00,4.0,(4.517310240893176+0j)
23352,01.10.2020,00:00,2.0,(3.585391514230274+0j)
23353,01.10.2020,01:00,1.0,(2.845727130703496+0j)
23354,01.10.2020,02:00,1.0,(2.845727130703496+0j)
23355,01.10.2020,03:00,0.0,0j
23356,01.10.2020,04:00,0.0,0j
23357,01.10.2020,05:00,0.0,0j
23358,01.10.2020,06:00,0.0,0j
23359,01.10.2020,07:00,0.0,0j
23360,01.10.2020,08:00,0.0,0j
23361,01.10.2020,09:00,0.0,0j
23362,01.10.2020,10:00,0.0,0j
23363,01.10.2020,11:00,0.0,0j
23364,01.10.2020,12:00,2.0,(3.585391514230274+0j)
23365,01.10.2020,13:00,6.0,(5.171029370782441+0j)
23366,01.10.2020,14:00,9.0,(5.919350969396254+0j)
23367,01.10.2020,15:00,12.0,(6.515088753873438+0j)
23368,01.10.2020,16:00,16.0,(7.170783028460548+0j)
23369,01.10.2020,17:00,6.0,(5.171029370782441+0j)
23370,01.10.2020,18:00,4.0,(4.517310240893176+0j)
23371,01.10.2020,19:00,4.0,(4.517310240893176+0j)
23372,01.10.2020,20:00,4.0,(4.517310240893176+0j)
23373,01.10.2020,21:00,3.0,(4.1042487314692515+0j)
23374,01.10.2020,22:00,2.0,(3.585391514230274+0j)
23375,01.10.2020,23:00,1.0,(2.845727130703496+0j)
23376,02.10.2020,00:00,0.0,0j
23377,02.10.2020,01:00,0.0,0j
23378,02.10.2020,02:00,0.0,0j
23379,02.10.2020,03:00,0.0,0j
23380,02.10.2020,04:00,0.0,0j
23381,02.10.2020,05:00,0.0,0j
23382,02.10.2020,06:00,0.0,0j
23383,02.10.2020,07:00,0.0,0j
23384,02.10.2020,08:00,0.0,0j
23385,02.10.2020,09:00,0.0,0j
23386,02.10.2020,10:00,0.0,0j
23387,02.10.2020,11:00,0.0,0j
23388,02.10.2020,12:00,0.0,0j
23389,02.10.2020,13:00,0.0,0j
23390,02.10.2020,14:00,0.0,0j
23391,02.10.2020,15:00,0.0,0j
23392,02.10.2020,16:00,1.0,(2.845727130703496+0j)
23393,02.10.2020,17:00,3.0,(4.1042487314692515+0j)
23394,02.10.2020,18:00,2.0,(3.585391514230274+0j)
23395,02.10.2020,19:00,1.0,(2.845727130703496+0j)
23396,02.10.2020,20:00,0.0,0j
23397,02.10.2020,21:00,0.0,0j
23398,02.10.2020,22:00,0.0,0j
23399,02.10.2020,23:00,0.0,0j
23400,03.10.2020,00:00,0.0,0j
23401,03.10.2020,01:00,0.0,0j
23402,03.10.2020,02:00,0.0,0j
23403,03.10.2020,03:00,0.0,0j
23404,03.10.2020,04:00,0.0,0j
23405,03.10.2020,05:00,0.0,0j
23406,03.10.2020,06:00,0.0,0j
23407,03.10.2020,07:00,0.0,0j
23408,03.10.2020,08:00,0.0,0j
23409,03.10.2020,09:00,0.0,0j
23410,03.10.2020,10:00,0.0,0j
23411,03.10.2020,11:00,0.0,0j
23412,03.10.2020,12:00,0.0,0j
23413,03.10.2020,13:00,0.0,0j
23414,03.10.2020,14:00,3.0,(4.1042487314692515+0j)
23415,03.10.2020,15:00,0.0,0j
23416,03.10.2020,16:00,0.0,0j
23417,03.10.2020,17:00,1.0,(2.845727130703496+0j)
23418,03.10.2020,18:00,1.0,(2.845727130703496+0j)
23419,03.10.2020,19:00,0.0,0j
23420,03.10.2020,20:00,1.0,(2.845727130703496+0j)
23421,03.10.2020,21:00,0.0,0j
23422,03.10.2020,22:00,0.0,0j
23423,03.10.2020,23:00,0.0,0j
23424,04.10.2020,00:00,0.0,0j
23425,04.10.2020,01:00,0.0,0j
23426,04.10.2020,02:00,0.0,0j
23427,04.10.2020,03:00,0.0,0j
23428,04.10.2020,04:00,0.0,0j
23429,04.10.2020,05:00,0.0,0j
23430,04.10.2020,06:00,0.0,0j
23431,04.10.2020,07:00,0.0,0j
23432,04.10.2020,08:00,0.0,0j
23433,04.10.2020,09:00,0.0,0j
23434,04.10.2020,10:00,0.0,0j
23435,04.10.2020,11:00,0.0,0j
23436,04.10.2020,12:00,0.0,0j
23437,04.10.2020,13:00,0.0,0j
23438,04.10.2020,14:00,3.0,(4.1042487314692515+0j)
23439,04.10.2020,15:00,2.0,(3.585391514230274+0j)
23440,04.10.2020,16:00,2.0,(3.585391514230274+0j)
23441,04.10.2020,17:00,0.0,0j
23442,04.10.2020,18:00,0.0,0j
23443,04.10.2020,19:00,0.0,0j
23444,04.10.2020,20:00,0.0,0j
23445,04.10.2020,21:00,0.0,0j
23446,04.10.2020,22:00,0.0,0j
23447,04.10.2020,23:00,1.0,(2.845727130703496+0j)
23448,05.10.2020,00:00,0.0,0j
23449,05.10.2020,01:00,0.0,0j
23450,05.10.2020,02:00,0.0,0j
23451,05.10.2020,03:00,0.0,0j
23452,05.10.2020,04:00,0.0,0j
23453,05.10.2020,05:00,0.0,0j
23454,05.10.2020,06:00,1.0,(2.845727130703496+0j)
23455,05.10.2020,07:00,0.0,0j
23456,05.10.2020,08:00,0.0,0j
23457,05.10.2020,09:00,0.0,0j
23458,05.10.2020,10:00,0.0,0j
23459,05.10.2020,11:00,0.0,0j
23460,05.10.2020,12:00,0.0,0j
23461,05.10.2020,13:00,0.0,0j
23462,05.10.2020,14:00,4.0,(4.517310240893176+0j)
23463,05.10.2020,15:00,7.0,(5.443680165984116+0j)
23464,05.10.2020,16:00,5.0,(4.866124944308272+0j)
23465,05.10.2020,17:00,2.0,(3.585391514230274+0j)
23466,05.10.2020,18:00,2.0,(3.585391514230274+0j)
23467,05.10.2020,19:00,0.0,0j
23468,05.10.2020,20:00,0.0,0j
23469,05.10.2020,21:00,0.0,0j
23470,05.10.2020,22:00,0.0,0j
23471,05.10.2020,23:00,5.0,(4.866124944308272+0j)
23472,06.10.2020,00:00,3.0,(4.1042487314692515+0j)
23473,06.10.2020,01:00,0.0,0j
23474,06.10.2020,02:00,0.0,0j
23475,06.10.2020,03:00,0.0,0j
23476,06.10.2020,04:00,0.0,0j
23477,06.10.2020,05:00,0.0,0j
23478,06.10.2020,06:00,0.0,0j
23479,06.10.2020,07:00,0.0,0j
23480,06.10.2020,08:00,0.0,0j
23481,06.10.2020,09:00,0.0,0j
23482,06.10.2020,10:00,0.0,0j
23483,06.10.2020,11:00,0.0,0j
23484,06.10.2020,12:00,0.0,0j
23485,06.10.2020,13:00,2.0,(3.585391514230274+0j)
23486,06.10.2020,14:00,9.0,(5.919350969396254+0j)
23487,06.10.2020,15:00,5.0,(4.866124944308272+0j)
23488,06.10.2020,16:00,13.0,(6.691256914211192+0j)
23489,06.10.2020,17:00,16.0,(7.170783028460548+0j)
23490,06.10.2020,18:00,21.0,(7.851145380281553+0j)
23491,06.10.2020,19:00,6.0,(5.171029370782441+0j)
23492,06.10.2020,20:00,2.0,(3.585391514230274+0j)
23493,06.10.2020,21:00,8.0,(5.691454261406992+0j)
23494,06.10.2020,22:00,3.0,(4.1042487314692515+0j)
23495,06.10.2020,23:00,2.0,(3.585391514230274+0j)
23496,07.10.2020,00:00,3.0,(4.1042487314692515+0j)
23497,07.10.2020,01:00,1.0,(2.845727130703496+0j)
23498,07.10.2020,02:00,0.0,0j
23499,07.10.2020,03:00,0.0,0j
23500,07.10.2020,04:00,0.0,0j
23501,07.10.2020,05:00,0.0,0j
23502,07.10.2020,06:00,0.0,0j
23503,07.10.2020,07:00,0.0,0j
23504,07.10.2020,08:00,0.0,0j
23505,07.10.2020,09:00,0.0,0j
23506,07.10.2020,10:00,0.0,0j
23507,07.10.2020,11:00,1.0,(2.845727130703496+0j)
23508,07.10.2020,12:00,1.0,(2.845727130703496+0j)
23509,07.10.2020,13:00,8.0,(5.691454261406992+0j)
23510,07.10.2020,14:00,8.0,(5.691454261406992+0j)
23511,07.10.2020,15:00,11.0,(6.32884048187752+0j)
23512,07.10.2020,16:00,8.0,(5.691454261406992+0j)
23513,07.10.2020,17:00,3.0,(4.1042487314692515+0j)
23514,07.10.2020,18:00,2.0,(3.585391514230274+0j)
23515,07.10.2020,19:00,3.0,(4.1042487314692515+0j)
23516,07.10.2020,20:00,8.0,(5.691454261406992+0j)
23517,07.10.2020,21:00,21.0,(7.851145380281553+0j)
23518,07.10.2020,22:00,18.0,(7.457914888057963+0j)
23519,07.10.2020,23:00,19.0,(7.593542967381978+0j)
23520,08.10.2020,00:00,27.0,(8.537181392110488+0j)
23521,08.10.2020,01:00,39.0,(9.650462409337567+0j)
23522,08.10.2020,02:00,17.0,(7.317165783214581+0j)
23523,08.10.2020,03:00,6.0,(5.171029370782441+0j)
23524,08.10.2020,04:00,2.0,(3.585391514230274+0j)
23525,08.10.2020,05:00,15.0,(7.018166609990766+0j)
23526,08.10.2020,06:00,68.0,(11.615276661700541+0j)
23527,08.10.2020,07:00,16.0,(7.170783028460548+0j)
23528,08.10.2020,08:00,9.0,(5.919350969396254+0j)
23529,08.10.2020,09:00,26.0,(8.430455436469295+0j)
23530,08.10.2020,10:00,49.0,(10.41338553855059+0j)
23531,08.10.2020,11:00,60.0,(11.140645059587433+0j)
23532,08.10.2020,12:00,19.0,(7.593542967381978+0j)
23533,08.10.2020,13:00,58.0,(11.015458675840927+0j)
23534,08.10.2020,14:00,33.0,(9.127767465531983+0j)
23535,08.10.2020,15:00,4.0,(4.517310240893176+0j)
23536,08.10.2020,16:00,3.0,(4.1042487314692515+0j)
23537,08.10.2020,17:00,3.0,(4.1042487314692515+0j)
23538,08.10.2020,18:00,1.0,(2.845727130703496+0j)
23539,08.10.2020,19:00,1.0,(2.845727130703496+0j)
23540,08.10.2020,20:00,1.0,(2.845727130703496+0j)
23541,08.10.2020,21:00,0.0,0j
23542,08.10.2020,22:00,0.0,0j
23543,08.10.2020,23:00,1.0,(2.845727130703496+0j)
23544,09.10.2020,00:00,0.0,0j
23545,09.10.2020,01:00,0.0,0j
23546,09.10.2020,02:00,0.0,0j
23547,09.10.2020,03:00,3.0,(4.1042487314692515+0j)
23548,09.10.2020,04:00,6.0,(5.171029370782441+0j)
23549,09.10.2020,05:00,6.0,(5.171029370782441+0j)
23550,09.10.2020,06:00,13.0,(6.691256914211192+0j)
23551,09.10.2020,07:00,5.0,(4.866124944308272+0j)
23552,09.10.2020,08:00,4.0,(4.517310240893176+0j)
23553,09.10.2020,09:00,3.0,(4.1042487314692515+0j)
23554,09.10.2020,10:00,4.0,(4.517310240893176+0j)
23555,09.10.2020,11:00,4.0,(4.517310240893176+0j)
23556,09.10.2020,12:00,8.0,(5.691454261406992+0j)
23557,09.10.2020,13:00,16.0,(7.170783028460548+0j)
23558,09.10.2020,14:00,13.0,(6.691256914211192+0j)
23559,09.10.2020,15:00,19.0,(7.593542967381978+0j)
23560,09.10.2020,16:00,14.0,(6.858607230018604+0j)
23561,09.10.2020,17:00,3.0,(4.1042487314692515+0j)
23562,09.10.2020,18:00,0.0,0j
23563,09.10.2020,19:00,3.0,(4.1042487314692515+0j)
23564,09.10.2020,20:00,0.0,0j
23565,09.10.2020,21:00,1.0,(2.845727130703496+0j)
23566,09.10.2020,22:00,1.0,(2.845727130703496+0j)
23567,09.10.2020,23:00,0.0,0j
23568,10.10.2020,00:00,3.0,(4.1042487314692515+0j)
23569,10.10.2020,01:00,1.0,(2.845727130703496+0j)
23570,10.10.2020,02:00,6.0,(5.171029370782441+0j)
23571,10.10.2020,03:00,9.0,(5.919350969396254+0j)
23572,10.10.2020,04:00,12.0,(6.515088753873438+0j)
23573,10.10.2020,05:00,14.0,(6.858607230018604+0j)
23574,10.10.2020,06:00,11.0,(6.32884048187752+0j)
23575,10.10.2020,07:00,7.0,(5.443680165984116+0j)
23576,10.10.2020,08:00,4.0,(4.517310240893176+0j)
23577,10.10.2020,09:00,7.0,(5.443680165984116+0j)
23578,10.10.2020,10:00,2.0,(3.585391514230274+0j)
23579,10.10.2020,11:00,2.0,(3.585391514230274+0j)
23580,10.10.2020,12:00,2.0,(3.585391514230274+0j)
23581,10.10.2020,13:00,1.0,(2.845727130703496+0j)
23582,10.10.2020,14:00,1.0,(2.845727130703496+0j)
23583,10.10.2020,15:00,1.0,(2.845727130703496+0j)
23584,10.10.2020,16:00,3.0,(4.1042487314692515+0j)
23585,10.10.2020,17:00,2.0,(3.585391514230274+0j)
23586,10.10.2020,18:00,0.0,0j
23587,10.10.2020,19:00,2.0,(3.585391514230274+0j)
23588,10.10.2020,20:00,4.0,(4.517310240893176+0j)
23589,10.10.2020,21:00,3.0,(4.1042487314692515+0j)
23590,10.10.2020,22:00,4.0,(4.517310240893176+0j)
23591,10.10.2020,23:00,3.0,(4.1042487314692515+0j)
23592,11.10.2020,00:00,3.0,(4.1042487314692515+0j)
23593,11.10.2020,01:00,4.0,(4.517310240893176+0j)
23594,11.10.2020,02:00,5.0,(4.866124944308272+0j)
23595,11.10.2020,03:00,5.0,(4.866124944308272+0j)
23596,11.10.2020,04:00,2.0,(3.585391514230274+0j)
23597,11.10.2020,05:00,1.0,(2.845727130703496+0j)
23598,11.10.2020,06:00,3.0,(4.1042487314692515+0j)
23599,11.10.2020,07:00,0.0,0j
23600,11.10.2020,08:00,0.0,0j
23601,11.10.2020,09:00,0.0,0j
23602,11.10.2020,10:00,0.0,0j
23603,11.10.2020,11:00,0.0,0j
23604,11.10.2020,12:00,0.0,0j
23605,11.10.2020,13:00,0.0,0j
23606,11.10.2020,14:00,0.0,0j
23607,11.10.2020,15:00,0.0,0j
23608,11.10.2020,16:00,1.0,(2.845727130703496+0j)
23609,11.10.2020,17:00,2.0,(3.585391514230274+0j)
23610,11.10.2020,18:00,2.0,(3.585391514230274+0j)
23611,11.10.2020,19:00,0.0,0j
23612,11.10.2020,20:00,1.0,(2.845727130703496+0j)
23613,11.10.2020,21:00,0.0,0j
23614,11.10.2020,22:00,0.0,0j
23615,11.10.2020,23:00,0.0,0j
23616,12.10.2020,00:00,0.0,0j
23617,12.10.2020,01:00,0.0,0j
23618,12.10.2020,02:00,1.0,(2.845727130703496+0j)
23619,12.10.2020,03:00,0.0,0j
23620,12.10.2020,04:00,0.0,0j
23621,12.10.2020,05:00,0.0,0j
23622,12.10.2020,06:00,1.0,(2.845727130703496+0j)
23623,12.10.2020,07:00,0.0,0j
23624,12.10.2020,08:00,0.0,0j
23625,12.10.2020,09:00,0.0,0j
23626,12.10.2020,10:00,0.0,0j
23627,12.10.2020,11:00,4.0,(4.517310240893176+0j)
23628,12.10.2020,12:00,5.0,(4.866124944308272+0j)
23629,12.10.2020,13:00,2.0,(3.585391514230274+0j)
23630,12.10.2020,14:00,10.0,(6.130933248752508+0j)
23631,12.10.2020,15:00,6.0,(5.171029370782441+0j)
23632,12.10.2020,16:00,11.0,(6.32884048187752+0j)
23633,12.10.2020,17:00,7.0,(5.443680165984116+0j)
23634,12.10.2020,18:00,9.0,(5.919350969396254+0j)
23635,12.10.2020,19:00,8.0,(5.691454261406992+0j)
23636,12.10.2020,20:00,10.0,(6.130933248752508+0j)
23637,12.10.2020,21:00,14.0,(6.858607230018604+0j)
23638,12.10.2020,22:00,30.0,(8.84233584359671+0j)
23639,12.10.2020,23:00,45.0,(10.121947777604984+0j)
23640,13.10.2020,00:00,32.0,(9.034620481786352+0j)
23641,13.10.2020,01:00,26.0,(8.430455436469295+0j)
23642,13.10.2020,02:00,28.0,(8.641303622061608+0j)
23643,13.10.2020,03:00,32.0,(9.034620481786352+0j)
23644,13.10.2020,04:00,13.0,(6.691256914211192+0j)
23645,13.10.2020,05:00,49.0,(10.41338553855059+0j)
23646,13.10.2020,06:00,64.0,(11.382908522813985+0j)
23647,13.10.2020,07:00,64.0,(11.382908522813985+0j)
23648,13.10.2020,08:00,62.0,(11.263079534051261+0j)
23649,13.10.2020,09:00,53.0,(10.689364281461948+0j)
23650,13.10.2020,10:00,40.0,(9.732249888616542+0j)
23651,13.10.2020,11:00,64.0,(11.382908522813985+0j)
23652,13.10.2020,12:00,69.0,(11.671937444523078+0j)
23653,13.10.2020,13:00,69.0,(11.671937444523078+0j)
23654,13.10.2020,14:00,69.0,(11.671937444523078+0j)
23655,13.10.2020,15:00,68.0,(11.615276661700541+0j)
23656,13.10.2020,16:00,51.0,(10.5531792067093+0j)
23657,13.10.2020,17:00,26.0,(8.430455436469295+0j)
23658,13.10.2020,18:00,30.0,(8.84233584359671+0j)
23659,13.10.2020,19:00,21.0,(7.851145380281553+0j)
23660,13.10.2020,20:00,17.0,(7.317165783214581+0j)
23661,13.10.2020,21:00,13.0,(6.691256914211192+0j)
23662,13.10.2020,22:00,18.0,(7.457914888057963+0j)
23663,13.10.2020,23:00,22.0,(7.9738393445443+0j)
23664,14.10.2020,00:00,18.0,(7.457914888057963+0j)
23665,14.10.2020,01:00,16.0,(7.170783028460548+0j)
23666,14.10.2020,02:00,21.0,(7.851145380281553+0j)
23667,14.10.2020,03:00,20.0,(7.724491855603646+0j)
23668,14.10.2020,04:00,19.0,(7.593542967381978+0j)
23669,14.10.2020,05:00,2.0,(3.585391514230274+0j)
23670,14.10.2020,06:00,27.0,(8.537181392110488+0j)
23671,14.10.2020,07:00,28.0,(8.641303622061608+0j)
23672,14.10.2020,08:00,22.0,(7.9738393445443+0j)
23673,14.10.2020,09:00,23.0,(8.092869420675413+0j)
23674,14.10.2020,10:00,29.0,(8.74297534497106+0j)
23675,14.10.2020,11:00,23.0,(8.092869420675413+0j)
23676,14.10.2020,12:00,13.0,(6.691256914211192+0j)
23677,14.10.2020,13:00,8.0,(5.691454261406992+0j)
23678,14.10.2020,14:00,17.0,(7.317165783214581+0j)
23679,14.10.2020,15:00,19.0,(7.593542967381978+0j)
23680,14.10.2020,16:00,15.0,(7.018166609990766+0j)
23681,14.10.2020,17:00,13.0,(6.691256914211192+0j)
23682,14.10.2020,18:00,9.0,(5.919350969396254+0j)
23683,14.10.2020,19:00,9.0,(5.919350969396254+0j)
23684,14.10.2020,20:00,12.0,(6.515088753873438+0j)
23685,14.10.2020,21:00,9.0,(5.919350969396254+0j)
23686,14.10.2020,22:00,18.0,(7.457914888057963+0j)
23687,14.10.2020,23:00,14.0,(6.858607230018604+0j)
23688,15.10.2020,00:00,10.0,(6.130933248752508+0j)
23689,15.10.2020,01:00,1.0,(2.845727130703496+0j)
23690,15.10.2020,02:00,1.0,(2.845727130703496+0j)
23691,15.10.2020,03:00,0.0,0j
23692,15.10.2020,04:00,0.0,0j
23693,15.10.2020,05:00,1.0,(2.845727130703496+0j)
23694,15.10.2020,06:00,0.0,0j
23695,15.10.2020,07:00,0.0,0j
23696,15.10.2020,08:00,0.0,0j
23697,15.10.2020,09:00,0.0,0j
23698,15.10.2020,10:00,0.0,0j
23699,15.10.2020,11:00,0.0,0j
23700,15.10.2020,12:00,1.0,(2.845727130703496+0j)
23701,15.10.2020,13:00,0.0,0j
23702,15.10.2020,14:00,1.0,(2.845727130703496+0j)
23703,15.10.2020,15:00,11.0,(6.32884048187752+0j)
23704,15.10.2020,16:00,7.0,(5.443680165984116+0j)
23705,15.10.2020,17:00,4.0,(4.517310240893176+0j)
23706,15.10.2020,18:00,1.0,(2.845727130703496+0j)
23707,15.10.2020,19:00,0.0,0j
23708,15.10.2020,20:00,0.0,0j
23709,15.10.2020,21:00,0.0,0j
23710,15.10.2020,22:00,0.0,0j
23711,15.10.2020,23:00,0.0,0j
23712,16.10.2020,00:00,0.0,0j
23713,16.10.2020,01:00,0.0,0j
23714,16.10.2020,02:00,0.0,0j
23715,16.10.2020,03:00,2.0,(3.585391514230274+0j)
23716,16.10.2020,04:00,6.0,(5.171029370782441+0j)
23717,16.10.2020,05:00,1.0,(2.845727130703496+0j)
23718,16.10.2020,06:00,2.0,(3.585391514230274+0j)
23719,16.10.2020,07:00,1.0,(2.845727130703496+0j)
23720,16.10.2020,08:00,0.0,0j
23721,16.10.2020,09:00,1.0,(2.845727130703496+0j)
23722,16.10.2020,10:00,1.0,(2.845727130703496+0j)
23723,16.10.2020,11:00,6.0,(5.171029370782441+0j)
23724,16.10.2020,12:00,5.0,(4.866124944308272+0j)
23725,16.10.2020,13:00,2.0,(3.585391514230274+0j)
23726,16.10.2020,14:00,1.0,(2.845727130703496+0j)
23727,16.10.2020,15:00,0.0,0j
23728,16.10.2020,16:00,1.0,(2.845727130703496+0j)
23729,16.10.2020,17:00,2.0,(3.585391514230274+0j)
23730,16.10.2020,18:00,9.0,(5.919350969396254+0j)
23731,16.10.2020,19:00,19.0,(7.593542967381978+0j)
23732,16.10.2020,20:00,23.0,(8.092869420675413+0j)
23733,16.10.2020,21:00,30.0,(8.84233584359671+0j)
23734,16.10.2020,22:00,45.0,(10.121947777604984+0j)
23735,16.10.2020,23:00,33.0,(9.127767465531983+0j)
23736,17.10.2020,00:00,36.0,(9.396383955788593+0j)
23737,17.10.2020,01:00,31.0,(8.939512150377235+0j)
23738,17.10.2020,02:00,37.0,(9.482594128751929+0j)
23739,17.10.2020,03:00,45.0,(10.121947777604984+0j)
23740,17.10.2020,04:00,49.0,(10.41338553855059+0j)
23741,17.10.2020,05:00,33.0,(9.127767465531983+0j)
23742,17.10.2020,06:00,52.0,(10.621708264608335+0j)
23743,17.10.2020,07:00,57.0,(10.9517840818175+0j)
23744,17.10.2020,08:00,30.0,(8.84233584359671+0j)
23745,17.10.2020,09:00,29.0,(8.74297534497106+0j)
23746,17.10.2020,10:00,55.0,(10.822164994364314+0j)
23747,17.10.2020,11:00,39.0,(9.650462409337567+0j)
23748,17.10.2020,12:00,20.0,(7.724491855603646+0j)
23749,17.10.2020,13:00,29.0,(8.74297534497106+0j)
23750,17.10.2020,14:00,20.0,(7.724491855603646+0j)
23751,17.10.2020,15:00,24.0,(8.208497462938503+0j)
23752,17.10.2020,16:00,1.0,(2.845727130703496+0j)
23753,17.10.2020,17:00,0.0,0j
23754,17.10.2020,18:00,10.0,(6.130933248752508+0j)
23755,17.10.2020,19:00,9.0,(5.919350969396254+0j)
23756,17.10.2020,20:00,4.0,(4.517310240893176+0j)
23757,17.10.2020,21:00,6.0,(5.171029370782441+0j)
23758,17.10.2020,22:00,2.0,(3.585391514230274+0j)
23759,17.10.2020,23:00,1.0,(2.845727130703496+0j)
23760,18.10.2020,00:00,0.0,0j
23761,18.10.2020,01:00,1.0,(2.845727130703496+0j)
23762,18.10.2020,02:00,5.0,(4.866124944308272+0j)
23763,18.10.2020,03:00,4.0,(4.517310240893176+0j)
23764,18.10.2020,04:00,2.0,(3.585391514230274+0j)
23765,18.10.2020,05:00,4.0,(4.517310240893176+0j)
23766,18.10.2020,06:00,16.0,(7.170783028460548+0j)
23767,18.10.2020,07:00,13.0,(6.691256914211192+0j)
23768,18.10.2020,08:00,7.0,(5.443680165984116+0j)
23769,18.10.2020,09:00,3.0,(4.1042487314692515+0j)
23770,18.10.2020,10:00,8.0,(5.691454261406992+0j)
23771,18.10.2020,11:00,0.0,0j
23772,18.10.2020,12:00,0.0,0j
23773,18.10.2020,13:00,0.0,0j
23774,18.10.2020,14:00,0.0,0j
23775,18.10.2020,15:00,0.0,0j
23776,18.10.2020,16:00,0.0,0j
23777,18.10.2020,17:00,0.0,0j
23778,18.10.2020,18:00,0.0,0j
23779,18.10.2020,19:00,2.0,(3.585391514230274+0j)
23780,18.10.2020,20:00,4.0,(4.517310240893176+0j)
23781,18.10.2020,21:00,4.0,(4.517310240893176+0j)
23782,18.10.2020,22:00,4.0,(4.517310240893176+0j)
23783,18.10.2020,23:00,6.0,(5.171029370782441+0j)
23784,19.10.2020,00:00,8.0,(5.691454261406992+0j)
23785,19.10.2020,01:00,11.0,(6.32884048187752+0j)
23786,19.10.2020,02:00,18.0,(7.457914888057963+0j)
23787,19.10.2020,03:00,28.0,(8.641303622061608+0j)
23788,19.10.2020,04:00,33.0,(9.127767465531983+0j)
23789,19.10.2020,05:00,52.0,(10.621708264608335+0j)
23790,19.10.2020,06:00,43.0,(9.969714910096506+0j)
23791,19.10.2020,07:00,53.0,(10.689364281461948+0j)
23792,19.10.2020,08:00,52.0,(10.621708264608335+0j)
23793,19.10.2020,09:00,59.0,(11.078405520382008+0j)
23794,19.10.2020,10:00,59.0,(11.078405520382008+0j)
23795,19.10.2020,11:00,60.0,(11.140645059587433+0j)
23796,19.10.2020,12:00,45.0,(10.121947777604984+0j)
23797,19.10.2020,13:00,47.0,(10.269734286241032+0j)
23798,19.10.2020,14:00,44.0,(10.0464080386713+0j)
23799,19.10.2020,15:00,45.0,(10.121947777604984+0j)
23800,19.10.2020,16:00,54.0,(10.756174542690822+0j)
23801,19.10.2020,17:00,52.0,(10.621708264608335+0j)
23802,19.10.2020,18:00,49.0,(10.41338553855059+0j)
23803,19.10.2020,19:00,58.0,(11.015458675840927+0j)
23804,19.10.2020,20:00,47.0,(10.269734286241032+0j)
23805,19.10.2020,21:00,47.0,(10.269734286241032+0j)
23806,19.10.2020,22:00,39.0,(9.650462409337567+0j)
23807,19.10.2020,23:00,39.0,(9.650462409337567+0j)
23808,20.10.2020,00:00,38.0,(9.567264627885733+0j)
23809,20.10.2020,01:00,32.0,(9.034620481786352+0j)
23810,20.10.2020,02:00,28.0,(8.641303622061608+0j)
23811,20.10.2020,03:00,32.0,(9.034620481786352+0j)
23812,20.10.2020,04:00,35.0,(9.308562145233848+0j)
23813,20.10.2020,05:00,26.0,(8.430455436469295+0j)
23814,20.10.2020,06:00,36.0,(9.396383955788593+0j)
23815,20.10.2020,07:00,30.0,(8.84233584359671+0j)
23816,20.10.2020,08:00,38.0,(9.567264627885733+0j)
23817,20.10.2020,09:00,32.0,(9.034620481786352+0j)
23818,20.10.2020,10:00,26.0,(8.430455436469295+0j)
23819,20.10.2020,11:00,18.0,(7.457914888057963+0j)
23820,20.10.2020,12:00,24.0,(8.208497462938503+0j)
23821,20.10.2020,13:00,16.0,(7.170783028460548+0j)
23822,20.10.2020,14:00,18.0,(7.457914888057963+0j)
23823,20.10.2020,15:00,28.0,(8.641303622061608+0j)
23824,20.10.2020,16:00,43.0,(9.969714910096506+0j)
23825,20.10.2020,17:00,52.0,(10.621708264608335+0j)
23826,20.10.2020,18:00,39.0,(9.650462409337567+0j)
23827,20.10.2020,19:00,45.0,(10.121947777604984+0j)
23828,20.10.2020,20:00,56.0,(10.887360331968232+0j)
23829,20.10.2020,21:00,41.0,(9.812685353516676+0j)
23830,20.10.2020,22:00,60.0,(11.140645059587433+0j)
23831,20.10.2020,23:00,59.0,(11.078405520382008+0j)
23832,21.10.2020,00:00,65.0,(11.441888376335278+0j)
23833,21.10.2020,01:00,50.0,(10.483748386047209+0j)
23834,21.10.2020,02:00,62.0,(11.263079534051261+0j)
23835,21.10.2020,03:00,62.0,(11.263079534051261+0j)
23836,21.10.2020,04:00,57.0,(10.9517840818175+0j)
23837,21.10.2020,05:00,47.0,(10.269734286241032+0j)
23838,21.10.2020,06:00,43.0,(9.969714910096506+0j)
23839,21.10.2020,07:00,42.0,(9.891823330401618+0j)
23840,21.10.2020,08:00,34.0,(9.219051195842558+0j)
23841,21.10.2020,09:00,32.0,(9.034620481786352+0j)
23842,21.10.2020,10:00,31.0,(8.939512150377235+0j)
23843,21.10.2020,11:00,30.0,(8.84233584359671+0j)
23844,21.10.2020,12:00,32.0,(9.034620481786352+0j)
23845,21.10.2020,13:00,26.0,(8.430455436469295+0j)
23846,21.10.2020,14:00,30.0,(8.84233584359671+0j)
23847,21.10.2020,15:00,18.0,(7.457914888057963+0j)
23848,21.10.2020,16:00,12.0,(6.515088753873438+0j)
23849,21.10.2020,17:00,18.0,(7.457914888057963+0j)
23850,21.10.2020,18:00,24.0,(8.208497462938503+0j)
23851,21.10.2020,19:00,37.0,(9.482594128751929+0j)
23852,21.10.2020,20:00,37.0,(9.482594128751929+0j)
23853,21.10.2020,21:00,18.0,(7.457914888057963+0j)
23854,21.10.2020,22:00,9.0,(5.919350969396254+0j)
23855,21.10.2020,23:00,19.0,(7.593542967381978+0j)
23856,22.10.2020,00:00,18.0,(7.457914888057963+0j)
23857,22.10.2020,01:00,18.0,(7.457914888057963+0j)
23858,22.10.2020,02:00,10.0,(6.130933248752508+0j)
23859,22.10.2020,03:00,5.0,(4.866124944308272+0j)
23860,22.10.2020,04:00,7.0,(5.443680165984116+0j)
23861,22.10.2020,05:00,8.0,(5.691454261406992+0j)
23862,22.10.2020,06:00,15.0,(7.018166609990766+0j)
23863,22.10.2020,07:00,11.0,(6.32884048187752+0j)
23864,22.10.2020,08:00,10.0,(6.130933248752508+0j)
23865,22.10.2020,09:00,7.0,(5.443680165984116+0j)
23866,22.10.2020,10:00,2.0,(3.585391514230274+0j)
23867,22.10.2020,11:00,2.0,(3.585391514230274+0j)
23868,22.10.2020,12:00,8.0,(5.691454261406992+0j)
23869,22.10.2020,13:00,3.0,(4.1042487314692515+0j)
23870,22.10.2020,14:00,1.0,(2.845727130703496+0j)
23871,22.10.2020,15:00,2.0,(3.585391514230274+0j)
23872,22.10.2020,16:00,3.0,(4.1042487314692515+0j)
23873,22.10.2020,17:00,1.0,(2.845727130703496+0j)
23874,22.10.2020,18:00,7.0,(5.443680165984116+0j)
23875,22.10.2020,19:00,11.0,(6.32884048187752+0j)
23876,22.10.2020,20:00,14.0,(6.858607230018604+0j)
23877,22.10.2020,21:00,18.0,(7.457914888057963+0j)
23878,22.10.2020,22:00,8.0,(5.691454261406992+0j)
23879,22.10.2020,23:00,9.0,(5.919350969396254+0j)
23880,23.10.2020,00:00,9.0,(5.919350969396254+0j)
23881,23.10.2020,01:00,8.0,(5.691454261406992+0j)
23882,23.10.2020,02:00,9.0,(5.919350969396254+0j)
23883,23.10.2020,03:00,9.0,(5.919350969396254+0j)
23884,23.10.2020,04:00,6.0,(5.171029370782441+0j)
23885,23.10.2020,05:00,3.0,(4.1042487314692515+0j)
23886,23.10.2020,06:00,3.0,(4.1042487314692515+0j)
23887,23.10.2020,07:00,6.0,(5.171029370782441+0j)
23888,23.10.2020,08:00,5.0,(4.866124944308272+0j)
23889,23.10.2020,09:00,1.0,(2.845727130703496+0j)
23890,23.10.2020,10:00,0.0,0j
23891,23.10.2020,11:00,0.0,0j
23892,23.10.2020,12:00,0.0,0j
23893,23.10.2020,13:00,0.0,0j
23894,23.10.2020,14:00,2.0,(3.585391514230274+0j)
23895,23.10.2020,15:00,1.0,(2.845727130703496+0j)
23896,23.10.2020,16:00,2.0,(3.585391514230274+0j)
23897,23.10.2020,17:00,6.0,(5.171029370782441+0j)
23898,23.10.2020,18:00,12.0,(6.515088753873438+0j)
23899,23.10.2020,19:00,14.0,(6.858607230018604+0j)
23900,23.10.2020,20:00,18.0,(7.457914888057963+0j)
23901,23.10.2020,21:00,9.0,(5.919350969396254+0j)
23902,23.10.2020,22:00,11.0,(6.32884048187752+0j)
23903,23.10.2020,23:00,10.0,(6.130933248752508+0j)
23904,24.10.2020,00:00,11.0,(6.32884048187752+0j)
23905,24.10.2020,01:00,11.0,(6.32884048187752+0j)
23906,24.10.2020,02:00,8.0,(5.691454261406992+0j)
23907,24.10.2020,03:00,9.0,(5.919350969396254+0j)
23908,24.10.2020,04:00,1.0,(2.845727130703496+0j)
23909,24.10.2020,05:00,0.0,0j
23910,24.10.2020,06:00,0.0,0j
23911,24.10.2020,07:00,0.0,0j
23912,24.10.2020,08:00,0.0,0j
23913,24.10.2020,09:00,0.0,0j
23914,24.10.2020,10:00,0.0,0j
23915,24.10.2020,11:00,0.0,0j
23916,24.10.2020,12:00,0.0,0j
23917,24.10.2020,13:00,0.0,0j
23918,24.10.2020,14:00,0.0,0j
23919,24.10.2020,15:00,0.0,0j
23920,24.10.2020,16:00,0.0,0j
23921,24.10.2020,17:00,0.0,0j
23922,24.10.2020,18:00,0.0,0j
23923,24.10.2020,19:00,0.0,0j
23924,24.10.2020,20:00,0.0,0j
23925,24.10.2020,21:00,0.0,0j
23926,24.10.2020,22:00,0.0,0j
23927,24.10.2020,23:00,0.0,0j
23928,25.10.2020,00:00,0.0,0j
23929,25.10.2020,01:00,0.0,0j
23930,25.10.2020,02:00,0.0,0j
23931,25.10.2020,03:00,0.0,0j
23932,25.10.2020,04:00,1.0,(2.845727130703496+0j)
23933,25.10.2020,05:00,2.0,(3.585391514230274+0j)
23934,25.10.2020,06:00,0.0,0j
23935,25.10.2020,07:00,0.0,0j
23936,25.10.2020,08:00,2.0,(3.585391514230274+0j)
23937,25.10.2020,09:00,1.0,(2.845727130703496+0j)
23938,25.10.2020,10:00,1.0,(2.845727130703496+0j)
23939,25.10.2020,11:00,0.0,0j
23940,25.10.2020,12:00,1.0,(2.845727130703496+0j)
23941,25.10.2020,13:00,1.0,(2.845727130703496+0j)
23942,25.10.2020,14:00,6.0,(5.171029370782441+0j)
23943,25.10.2020,15:00,6.0,(5.171029370782441+0j)
23944,25.10.2020,16:00,10.0,(6.130933248752508+0j)
23945,25.10.2020,17:00,7.0,(5.443680165984116+0j)
23946,25.10.2020,18:00,8.0,(5.691454261406992+0j)
23947,25.10.2020,19:00,10.0,(6.130933248752508+0j)
23948,25.10.2020,20:00,11.0,(6.32884048187752+0j)
23949,25.10.2020,21:00,7.0,(5.443680165984116+0j)
23950,25.10.2020,22:00,6.0,(5.171029370782441+0j)
23951,25.10.2020,23:00,7.0,(5.443680165984116+0j)
23952,26.10.2020,00:00,9.0,(5.919350969396254+0j)
23953,26.10.2020,01:00,6.0,(5.171029370782441+0j)
23954,26.10.2020,02:00,10.0,(6.130933248752508+0j)
23955,26.10.2020,03:00,10.0,(6.130933248752508+0j)
23956,26.10.2020,04:00,2.0,(3.585391514230274+0j)
23957,26.10.2020,05:00,0.0,0j
23958,26.10.2020,06:00,0.0,0j
23959,26.10.2020,07:00,1.0,(2.845727130703496+0j)
23960,26.10.2020,08:00,0.0,0j
23961,26.10.2020,09:00,0.0,0j
23962,26.10.2020,10:00,0.0,0j
23963,26.10.2020,11:00,0.0,0j
23964,26.10.2020,12:00,0.0,0j
23965,26.10.2020,13:00,0.0,0j
23966,26.10.2020,14:00,0.0,0j
23967,26.10.2020,15:00,2.0,(3.585391514230274+0j)
23968,26.10.2020,16:00,3.0,(4.1042487314692515+0j)
23969,26.10.2020,17:00,2.0,(3.585391514230274+0j)
23970,26.10.2020,18:00,0.0,0j
23971,26.10.2020,19:00,1.0,(2.845727130703496+0j)
23972,26.10.2020,20:00,0.0,0j
23973,26.10.2020,21:00,0.0,0j
23974,26.10.2020,22:00,0.0,0j
23975,26.10.2020,23:00,0.0,0j
23976,27.10.2020,00:00,0.0,0j
23977,27.10.2020,01:00,0.0,0j
23978,27.10.2020,02:00,0.0,0j
23979,27.10.2020,03:00,0.0,0j
23980,27.10.2020,04:00,0.0,0j
23981,27.10.2020,05:00,0.0,0j
23982,27.10.2020,06:00,0.0,0j
23983,27.10.2020,07:00,0.0,0j
23984,27.10.2020,08:00,0.0,0j
23985,27.10.2020,09:00,0.0,0j
23986,27.10.2020,10:00,0.0,0j
23987,27.10.2020,11:00,0.0,0j
23988,27.10.2020,12:00,0.0,0j
23989,27.10.2020,13:00,0.0,0j
23990,27.10.2020,14:00,0.0,0j
23991,27.10.2020,15:00,0.0,0j
23992,27.10.2020,16:00,0.0,0j
23993,27.10.2020,17:00,0.0,0j
23994,27.10.2020,18:00,0.0,0j
23995,27.10.2020,19:00,2.0,(3.585391514230274+0j)
23996,27.10.2020,20:00,1.0,(2.845727130703496+0j)
23997,27.10.2020,21:00,1.0,(2.845727130703496+0j)
23998,27.10.2020,22:00,0.0,0j
23999,27.10.2020,23:00,0.0,0j
24000,28.10.2020,00:00,0.0,0j
24001,28.10.2020,01:00,0.0,0j
24002,28.10.2020,02:00,0.0,0j
24003,28.10.2020,03:00,0.0,0j
24004,28.10.2020,04:00,0.0,0j
24005,28.10.2020,05:00,0.0,0j
24006,28.10.2020,06:00,0.0,0j
24007,28.10.2020,07:00,0.0,0j
24008,28.10.2020,08:00,1.0,(2.845727130703496+0j)
24009,28.10.2020,09:00,1.0,(2.845727130703496+0j)
24010,28.10.2020,10:00,2.0,(3.585391514230274+0j)
24011,28.10.2020,11:00,13.0,(6.691256914211192+0j)
24012,28.10.2020,12:00,10.0,(6.130933248752508+0j)
24013,28.10.2020,13:00,16.0,(7.170783028460548+0j)
24014,28.10.2020,14:00,19.0,(7.593542967381978+0j)
24015,28.10.2020,15:00,17.0,(7.317165783214581+0j)
24016,28.10.2020,16:00,27.0,(8.537181392110488+0j)
24017,28.10.2020,17:00,26.0,(8.430455436469295+0j)
24018,28.10.2020,18:00,37.0,(9.482594128751929+0j)
24019,28.10.2020,19:00,48.0,(10.34205874156488+0j)
24020,28.10.2020,20:00,30.0,(8.84233584359671+0j)
24021,28.10.2020,21:00,24.0,(8.208497462938503+0j)
24022,28.10.2020,22:00,17.0,(7.317165783214581+0j)
24023,28.10.2020,23:00,16.0,(7.170783028460548+0j)
24024,29.10.2020,00:00,33.0,(9.127767465531983+0j)
24025,29.10.2020,01:00,16.0,(7.170783028460548+0j)
24026,29.10.2020,02:00,2.0,(3.585391514230274+0j)
24027,29.10.2020,03:00,12.0,(6.515088753873438+0j)
24028,29.10.2020,04:00,13.0,(6.691256914211192+0j)
24029,29.10.2020,05:00,15.0,(7.018166609990766+0j)
24030,29.10.2020,06:00,11.0,(6.32884048187752+0j)
24031,29.10.2020,07:00,24.0,(8.208497462938503+0j)
24032,29.10.2020,08:00,6.0,(5.171029370782441+0j)
24033,29.10.2020,09:00,5.0,(4.866124944308272+0j)
24034,29.10.2020,10:00,11.0,(6.32884048187752+0j)
24035,29.10.2020,11:00,7.0,(5.443680165984116+0j)
24036,29.10.2020,12:00,1.0,(2.845727130703496+0j)
24037,29.10.2020,13:00,0.0,0j
24038,29.10.2020,14:00,0.0,0j
24039,29.10.2020,15:00,0.0,0j
24040,29.10.2020,16:00,0.0,0j
24041,29.10.2020,17:00,0.0,0j
24042,29.10.2020,18:00,0.0,0j
24043,29.10.2020,19:00,0.0,0j
24044,29.10.2020,20:00,0.0,0j
24045,29.10.2020,21:00,0.0,0j
24046,29.10.2020,22:00,0.0,0j
24047,29.10.2020,23:00,0.0,0j
24048,30.10.2020,00:00,0.0,0j
24049,30.10.2020,01:00,0.0,0j
24050,30.10.2020,02:00,0.0,0j
24051,30.10.2020,03:00,0.0,0j
24052,30.10.2020,04:00,0.0,0j
24053,30.10.2020,05:00,0.0,0j
24054,30.10.2020,06:00,0.0,0j
24055,30.10.2020,07:00,0.0,0j
24056,30.10.2020,08:00,0.0,0j
24057,30.10.2020,09:00,0.0,0j
24058,30.10.2020,10:00,0.0,0j
24059,30.10.2020,11:00,0.0,0j
24060,30.10.2020,12:00,3.0,(4.1042487314692515+0j)
24061,30.10.2020,13:00,3.0,(4.1042487314692515+0j)
24062,30.10.2020,14:00,11.0,(6.32884048187752+0j)
24063,30.10.2020,15:00,15.0,(7.018166609990766+0j)
24064,30.10.2020,16:00,11.0,(6.32884048187752+0j)
24065,30.10.2020,17:00,7.0,(5.443680165984116+0j)
24066,30.10.2020,18:00,2.0,(3.585391514230274+0j)
24067,30.10.2020,19:00,4.0,(4.517310240893176+0j)
24068,30.10.2020,20:00,0.0,0j
24069,30.10.2020,21:00,7.0,(5.443680165984116+0j)
24070,30.10.2020,22:00,12.0,(6.515088753873438+0j)
24071,30.10.2020,23:00,19.0,(7.593542967381978+0j)
24072,31.10.2020,00:00,23.0,(8.092869420675413+0j)
24073,31.10.2020,01:00,20.0,(7.724491855603646+0j)
24074,31.10.2020,02:00,21.0,(7.851145380281553+0j)
24075,31.10.2020,03:00,26.0,(8.430455436469295+0j)
24076,31.10.2020,04:00,18.0,(7.457914888057963+0j)
24077,31.10.2020,05:00,17.0,(7.317165783214581+0j)
24078,31.10.2020,06:00,15.0,(7.018166609990766+0j)
24079,31.10.2020,07:00,28.0,(8.641303622061608+0j)
24080,31.10.2020,08:00,18.0,(7.457914888057963+0j)
24081,31.10.2020,09:00,9.0,(5.919350969396254+0j)
24082,31.10.2020,10:00,9.0,(5.919350969396254+0j)
24083,31.10.2020,11:00,5.0,(4.866124944308272+0j)
24084,31.10.2020,12:00,13.0,(6.691256914211192+0j)
24085,31.10.2020,13:00,6.0,(5.171029370782441+0j)
24086,31.10.2020,14:00,3.0,(4.1042487314692515+0j)
24087,31.10.2020,15:00,3.0,(4.1042487314692515+0j)
24088,31.10.2020,16:00,4.0,(4.517310240893176+0j)
24089,31.10.2020,17:00,3.0,(4.1042487314692515+0j)
24090,31.10.2020,18:00,4.0,(4.517310240893176+0j)
24091,31.10.2020,19:00,4.0,(4.517310240893176+0j)
24092,31.10.2020,20:00,4.0,(4.517310240893176+0j)
24093,31.10.2020,21:00,3.0,(4.1042487314692515+0j)
24094,31.10.2020,22:00,4.0,(4.517310240893176+0j)
24095,31.10.2020,23:00,2.0,(3.585391514230274+0j)
24096,01.11.2020,00:00,0.0,0j
24097,01.11.2020,01:00,0.0,0j
24098,01.11.2020,02:00,0.0,0j
24099,01.11.2020,03:00,0.0,0j
24100,01.11.2020,04:00,0.0,0j
24101,01.11.2020,05:00,0.0,0j
24102,01.11.2020,06:00,9.0,(5.919350969396254+0j)
24103,01.11.2020,07:00,52.0,(10.621708264608335+0j)
24104,01.11.2020,08:00,39.0,(9.650462409337567+0j)
24105,01.11.2020,09:00,33.0,(9.127767465531983+0j)
24106,01.11.2020,10:00,53.0,(10.689364281461948+0j)
24107,01.11.2020,11:00,40.0,(9.732249888616542+0j)
24108,01.11.2020,12:00,40.0,(9.732249888616542+0j)
24109,01.11.2020,13:00,18.0,(7.457914888057963+0j)
24110,01.11.2020,14:00,20.0,(7.724491855603646+0j)
24111,01.11.2020,15:00,15.0,(7.018166609990766+0j)
24112,01.11.2020,16:00,24.0,(8.208497462938503+0j)
24113,01.11.2020,17:00,25.0,(8.320956608290626+0j)
24114,01.11.2020,18:00,17.0,(7.317165783214581+0j)
24115,01.11.2020,19:00,19.0,(7.593542967381978+0j)
24116,01.11.2020,20:00,16.0,(7.170783028460548+0j)
24117,01.11.2020,21:00,13.0,(6.691256914211192+0j)
24118,01.11.2020,22:00,14.0,(6.858607230018604+0j)
24119,01.11.2020,23:00,19.0,(7.593542967381978+0j)
24120,02.11.2020,00:00,35.0,(9.308562145233848+0j)
24121,02.11.2020,01:00,39.0,(9.650462409337567+0j)
24122,02.11.2020,02:00,44.0,(10.0464080386713+0j)
24123,02.11.2020,03:00,46.0,(10.19637653715948+0j)
24124,02.11.2020,04:00,37.0,(9.482594128751929+0j)
24125,02.11.2020,05:00,28.0,(8.641303622061608+0j)
24126,02.11.2020,06:00,24.0,(8.208497462938503+0j)
24127,02.11.2020,07:00,21.0,(7.851145380281553+0j)
24128,02.11.2020,08:00,18.0,(7.457914888057963+0j)
24129,02.11.2020,09:00,9.0,(5.919350969396254+0j)
24130,02.11.2020,10:00,6.0,(5.171029370782441+0j)
24131,02.11.2020,11:00,4.0,(4.517310240893176+0j)
24132,02.11.2020,12:00,4.0,(4.517310240893176+0j)
24133,02.11.2020,13:00,8.0,(5.691454261406992+0j)
24134,02.11.2020,14:00,9.0,(5.919350969396254+0j)
24135,02.11.2020,15:00,6.0,(5.171029370782441+0j)
24136,02.11.2020,16:00,6.0,(5.171029370782441+0j)
24137,02.11.2020,17:00,4.0,(4.517310240893176+0j)
24138,02.11.2020,18:00,5.0,(4.866124944308272+0j)
24139,02.11.2020,19:00,15.0,(7.018166609990766+0j)
24140,02.11.2020,20:00,14.0,(6.858607230018604+0j)
24141,02.11.2020,21:00,24.0,(8.208497462938503+0j)
24142,02.11.2020,22:00,30.0,(8.84233584359671+0j)
24143,02.11.2020,23:00,19.0,(7.593542967381978+0j)
24144,03.11.2020,00:00,19.0,(7.593542967381978+0j)
24145,03.11.2020,01:00,8.0,(5.691454261406992+0j)
24146,03.11.2020,02:00,5.0,(4.866124944308272+0j)
24147,03.11.2020,03:00,10.0,(6.130933248752508+0j)
24148,03.11.2020,04:00,10.0,(6.130933248752508+0j)
24149,03.11.2020,05:00,4.0,(4.517310240893176+0j)
24150,03.11.2020,06:00,5.0,(4.866124944308272+0j)
24151,03.11.2020,07:00,7.0,(5.443680165984116+0j)
24152,03.11.2020,08:00,3.0,(4.1042487314692515+0j)
24153,03.11.2020,09:00,2.0,(3.585391514230274+0j)
24154,03.11.2020,10:00,1.0,(2.845727130703496+0j)
24155,03.11.2020,11:00,0.0,0j
24156,03.11.2020,12:00,0.0,0j
24157,03.11.2020,13:00,0.0,0j
24158,03.11.2020,14:00,0.0,0j
24159,03.11.2020,15:00,0.0,0j
24160,03.11.2020,16:00,0.0,0j
24161,03.11.2020,17:00,0.0,0j
24162,03.11.2020,18:00,0.0,0j
24163,03.11.2020,19:00,1.0,(2.845727130703496+0j)
24164,03.11.2020,20:00,6.0,(5.171029370782441+0j)
24165,03.11.2020,21:00,7.0,(5.443680165984116+0j)
24166,03.11.2020,22:00,9.0,(5.919350969396254+0j)
24167,03.11.2020,23:00,6.0,(5.171029370782441+0j)
24168,04.11.2020,00:00,8.0,(5.691454261406992+0j)
24169,04.11.2020,01:00,8.0,(5.691454261406992+0j)
24170,04.11.2020,02:00,19.0,(7.593542967381978+0j)
24171,04.11.2020,03:00,34.0,(9.219051195842558+0j)
24172,04.11.2020,04:00,32.0,(9.034620481786352+0j)
24173,04.11.2020,05:00,37.0,(9.482594128751929+0j)
24174,04.11.2020,06:00,39.0,(9.650462409337567+0j)
24175,04.11.2020,07:00,40.0,(9.732249888616542+0j)
24176,04.11.2020,08:00,35.0,(9.308562145233848+0j)
24177,04.11.2020,09:00,28.0,(8.641303622061608+0j)
24178,04.11.2020,10:00,21.0,(7.851145380281553+0j)
24179,04.11.2020,11:00,45.0,(10.121947777604984+0j)
24180,04.11.2020,12:00,28.0,(8.641303622061608+0j)
24181,04.11.2020,13:00,33.0,(9.127767465531983+0j)
24182,04.11.2020,14:00,59.0,(11.078405520382008+0j)
24183,04.11.2020,15:00,56.0,(10.887360331968232+0j)
24184,04.11.2020,16:00,62.0,(11.263079534051261+0j)
24185,04.11.2020,17:00,58.0,(11.015458675840927+0j)
24186,04.11.2020,18:00,64.0,(11.382908522813985+0j)
24187,04.11.2020,19:00,63.0,(11.323311051132062+0j)
24188,04.11.2020,20:00,64.0,(11.382908522813985+0j)
24189,04.11.2020,21:00,53.0,(10.689364281461948+0j)
24190,04.11.2020,22:00,64.0,(11.382908522813985+0j)
24191,04.11.2020,23:00,42.0,(9.891823330401618+0j)
24192,05.11.2020,00:00,37.0,(9.482594128751929+0j)
24193,05.11.2020,01:00,44.0,(10.0464080386713+0j)
24194,05.11.2020,02:00,32.0,(9.034620481786352+0j)
24195,05.11.2020,03:00,45.0,(10.121947777604984+0j)
24196,05.11.2020,04:00,57.0,(10.9517840818175+0j)
24197,05.11.2020,05:00,49.0,(10.41338553855059+0j)
24198,05.11.2020,06:00,39.0,(9.650462409337567+0j)
24199,05.11.2020,07:00,40.0,(9.732249888616542+0j)
24200,05.11.2020,08:00,50.0,(10.483748386047209+0j)
24201,05.11.2020,09:00,53.0,(10.689364281461948+0j)
24202,05.11.2020,10:00,60.0,(11.140645059587433+0j)
24203,05.11.2020,11:00,58.0,(11.015458675840927+0j)
24204,05.11.2020,12:00,52.0,(10.621708264608335+0j)
24205,05.11.2020,13:00,63.0,(11.323311051132062+0j)
24206,05.11.2020,14:00,68.0,(11.615276661700541+0j)
24207,05.11.2020,15:00,54.0,(10.756174542690822+0j)
24208,05.11.2020,16:00,61.0,(11.202196833891742+0j)
24209,05.11.2020,17:00,62.0,(11.263079534051261+0j)
24210,05.11.2020,18:00,69.0,(11.671937444523078+0j)
24211,05.11.2020,19:00,69.0,(11.671937444523078+0j)
24212,05.11.2020,20:00,66.0,(11.500266368369322+0j)
24213,05.11.2020,21:00,67.0,(11.55805762209552+0j)
24214,05.11.2020,22:00,62.0,(11.263079534051261+0j)
24215,05.11.2020,23:00,68.0,(11.615276661700541+0j)
24216,06.11.2020,00:00,69.0,(11.671937444523078+0j)
24217,06.11.2020,01:00,69.0,(11.671937444523078+0j)
24218,06.11.2020,02:00,66.0,(11.500266368369322+0j)
24219,06.11.2020,03:00,65.0,(11.441888376335278+0j)
24220,06.11.2020,04:00,67.0,(11.55805762209552+0j)
24221,06.11.2020,05:00,69.0,(11.671937444523078+0j)
24222,06.11.2020,06:00,69.0,(11.671937444523078+0j)
24223,06.11.2020,07:00,69.0,(11.671937444523078+0j)
24224,06.11.2020,08:00,69.0,(11.671937444523078+0j)
24225,06.11.2020,09:00,69.0,(11.671937444523078+0j)
24226,06.11.2020,10:00,69.0,(11.671937444523078+0j)
24227,06.11.2020,11:00,60.0,(11.140645059587433+0j)
24228,06.11.2020,12:00,69.0,(11.671937444523078+0j)
24229,06.11.2020,13:00,69.0,(11.671937444523078+0j)
24230,06.11.2020,14:00,69.0,(11.671937444523078+0j)
24231,06.11.2020,15:00,69.0,(11.671937444523078+0j)
24232,06.11.2020,16:00,69.0,(11.671937444523078+0j)
24233,06.11.2020,17:00,69.0,(11.671937444523078+0j)
24234,06.11.2020,18:00,69.0,(11.671937444523078+0j)
24235,06.11.2020,19:00,65.0,(11.441888376335278+0j)
24236,06.11.2020,20:00,69.0,(11.671937444523078+0j)
24237,06.11.2020,21:00,69.0,(11.671937444523078+0j)
24238,06.11.2020,22:00,65.0,(11.441888376335278+0j)
24239,06.11.2020,23:00,68.0,(11.615276661700541+0j)
24240,07.11.2020,00:00,69.0,(11.671937444523078+0j)
24241,07.11.2020,01:00,66.0,(11.500266368369322+0j)
24242,07.11.2020,02:00,69.0,(11.671937444523078+0j)
24243,07.11.2020,03:00,69.0,(11.671937444523078+0j)
24244,07.11.2020,04:00,68.0,(11.615276661700541+0j)
24245,07.11.2020,05:00,69.0,(11.671937444523078+0j)
24246,07.11.2020,06:00,68.0,(11.615276661700541+0j)
24247,07.11.2020,07:00,61.0,(11.202196833891742+0j)
24248,07.11.2020,08:00,62.0,(11.263079534051261+0j)
24249,07.11.2020,09:00,64.0,(11.382908522813985+0j)
24250,07.11.2020,10:00,58.0,(11.015458675840927+0j)
24251,07.11.2020,11:00,67.0,(11.55805762209552+0j)
24252,07.11.2020,12:00,68.0,(11.615276661700541+0j)
24253,07.11.2020,13:00,68.0,(11.615276661700541+0j)
24254,07.11.2020,14:00,69.0,(11.671937444523078+0j)
24255,07.11.2020,15:00,69.0,(11.671937444523078+0j)
24256,07.11.2020,16:00,68.0,(11.615276661700541+0j)
24257,07.11.2020,17:00,65.0,(11.441888376335278+0j)
24258,07.11.2020,18:00,66.0,(11.500266368369322+0j)
24259,07.11.2020,19:00,69.0,(11.671937444523078+0j)
24260,07.11.2020,20:00,69.0,(11.671937444523078+0j)
24261,07.11.2020,21:00,69.0,(11.671937444523078+0j)
24262,07.11.2020,22:00,67.0,(11.55805762209552+0j)
24263,07.11.2020,23:00,58.0,(11.015458675840927+0j)
24264,08.11.2020,00:00,66.0,(11.500266368369322+0j)
24265,08.11.2020,01:00,59.0,(11.078405520382008+0j)
24266,08.11.2020,02:00,38.0,(9.567264627885733+0j)
24267,08.11.2020,03:00,30.0,(8.84233584359671+0j)
24268,08.11.2020,04:00,28.0,(8.641303622061608+0j)
24269,08.11.2020,05:00,30.0,(8.84233584359671+0j)
24270,08.11.2020,06:00,34.0,(9.219051195842558+0j)
24271,08.11.2020,07:00,43.0,(9.969714910096506+0j)
24272,08.11.2020,08:00,37.0,(9.482594128751929+0j)
24273,08.11.2020,09:00,26.0,(8.430455436469295+0j)
24274,08.11.2020,10:00,22.0,(7.9738393445443+0j)
24275,08.11.2020,11:00,24.0,(8.208497462938503+0j)
24276,08.11.2020,12:00,28.0,(8.641303622061608+0j)
24277,08.11.2020,13:00,24.0,(8.208497462938503+0j)
24278,08.11.2020,14:00,42.0,(9.891823330401618+0j)
24279,08.11.2020,15:00,42.0,(9.891823330401618+0j)
24280,08.11.2020,16:00,36.0,(9.396383955788593+0j)
24281,08.11.2020,17:00,29.0,(8.74297534497106+0j)
24282,08.11.2020,18:00,26.0,(8.430455436469295+0j)
24283,08.11.2020,19:00,19.0,(7.593542967381978+0j)
24284,08.11.2020,20:00,13.0,(6.691256914211192+0j)
24285,08.11.2020,21:00,59.0,(11.078405520382008+0j)
24286,08.11.2020,22:00,6.0,(5.171029370782441+0j)
24287,08.11.2020,23:00,7.0,(5.443680165984116+0j)
24288,09.11.2020,00:00,10.0,(6.130933248752508+0j)
24289,09.11.2020,01:00,5.0,(4.866124944308272+0j)
24290,09.11.2020,02:00,6.0,(5.171029370782441+0j)
24291,09.11.2020,03:00,8.0,(5.691454261406992+0j)
24292,09.11.2020,04:00,6.0,(5.171029370782441+0j)
24293,09.11.2020,05:00,6.0,(5.171029370782441+0j)
24294,09.11.2020,06:00,14.0,(6.858607230018604+0j)
24295,09.11.2020,07:00,19.0,(7.593542967381978+0j)
24296,09.11.2020,08:00,17.0,(7.317165783214581+0j)
24297,09.11.2020,09:00,14.0,(6.858607230018604+0j)
24298,09.11.2020,10:00,12.0,(6.515088753873438+0j)
24299,09.11.2020,11:00,8.0,(5.691454261406992+0j)
24300,09.11.2020,12:00,13.0,(6.691256914211192+0j)
24301,09.11.2020,13:00,11.0,(6.32884048187752+0j)
24302,09.11.2020,14:00,12.0,(6.515088753873438+0j)
24303,09.11.2020,15:00,15.0,(7.018166609990766+0j)
24304,09.11.2020,16:00,22.0,(7.9738393445443+0j)
24305,09.11.2020,17:00,34.0,(9.219051195842558+0j)
24306,09.11.2020,18:00,35.0,(9.308562145233848+0j)
24307,09.11.2020,19:00,34.0,(9.219051195842558+0j)
24308,09.11.2020,20:00,32.0,(9.034620481786352+0j)
24309,09.11.2020,21:00,32.0,(9.034620481786352+0j)
24310,09.11.2020,22:00,33.0,(9.127767465531983+0j)
24311,09.11.2020,23:00,38.0,(9.567264627885733+0j)
24312,10.11.2020,00:00,33.0,(9.127767465531983+0j)
24313,10.11.2020,01:00,33.0,(9.127767465531983+0j)
24314,10.11.2020,02:00,36.0,(9.396383955788593+0j)
24315,10.11.2020,03:00,43.0,(9.969714910096506+0j)
24316,10.11.2020,04:00,47.0,(10.269734286241032+0j)
24317,10.11.2020,05:00,46.0,(10.19637653715948+0j)
24318,10.11.2020,06:00,52.0,(10.621708264608335+0j)
24319,10.11.2020,07:00,50.0,(10.483748386047209+0j)
24320,10.11.2020,08:00,52.0,(10.621708264608335+0j)
24321,10.11.2020,09:00,56.0,(10.887360331968232+0j)
24322,10.11.2020,10:00,59.0,(11.078405520382008+0j)
24323,10.11.2020,11:00,59.0,(11.078405520382008+0j)
24324,10.11.2020,12:00,65.0,(11.441888376335278+0j)
24325,10.11.2020,13:00,69.0,(11.671937444523078+0j)
24326,10.11.2020,14:00,69.0,(11.671937444523078+0j)
24327,10.11.2020,15:00,63.0,(11.323311051132062+0j)
24328,10.11.2020,16:00,60.0,(11.140645059587433+0j)
24329,10.11.2020,17:00,62.0,(11.263079534051261+0j)
24330,10.11.2020,18:00,61.0,(11.202196833891742+0j)
24331,10.11.2020,19:00,53.0,(10.689364281461948+0j)
24332,10.11.2020,20:00,52.0,(10.621708264608335+0j)
24333,10.11.2020,21:00,52.0,(10.621708264608335+0j)
24334,10.11.2020,22:00,46.0,(10.19637653715948+0j)
24335,10.11.2020,23:00,48.0,(10.34205874156488+0j)
24336,11.11.2020,00:00,54.0,(10.756174542690822+0j)
24337,11.11.2020,01:00,50.0,(10.483748386047209+0j)
24338,11.11.2020,02:00,43.0,(9.969714910096506+0j)
24339,11.11.2020,03:00,54.0,(10.756174542690822+0j)
24340,11.11.2020,04:00,58.0,(11.015458675840927+0j)
24341,11.11.2020,05:00,63.0,(11.323311051132062+0j)
24342,11.11.2020,06:00,62.0,(11.263079534051261+0j)
24343,11.11.2020,07:00,56.0,(10.887360331968232+0j)
24344,11.11.2020,08:00,57.0,(10.9517840818175+0j)
24345,11.11.2020,09:00,50.0,(10.483748386047209+0j)
24346,11.11.2020,10:00,47.0,(10.269734286241032+0j)
24347,11.11.2020,11:00,40.0,(9.732249888616542+0j)
24348,11.11.2020,12:00,41.0,(9.812685353516676+0j)
24349,11.11.2020,13:00,49.0,(10.41338553855059+0j)
24350,11.11.2020,14:00,50.0,(10.483748386047209+0j)
24351,11.11.2020,15:00,53.0,(10.689364281461948+0j)
24352,11.11.2020,16:00,62.0,(11.263079534051261+0j)
24353,11.11.2020,17:00,56.0,(10.887360331968232+0j)
24354,11.11.2020,18:00,63.0,(11.323311051132062+0j)
24355,11.11.2020,19:00,45.0,(10.121947777604984+0j)
24356,11.11.2020,20:00,39.0,(9.650462409337567+0j)
24357,11.11.2020,21:00,38.0,(9.567264627885733+0j)
24358,11.11.2020,22:00,30.0,(8.84233584359671+0j)
24359,11.11.2020,23:00,24.0,(8.208497462938503+0j)
24360,12.11.2020,00:00,18.0,(7.457914888057963+0j)
24361,12.11.2020,01:00,19.0,(7.593542967381978+0j)
24362,12.11.2020,02:00,20.0,(7.724491855603646+0j)
24363,12.11.2020,03:00,25.0,(8.320956608290626+0j)
24364,12.11.2020,04:00,31.0,(8.939512150377235+0j)
24365,12.11.2020,05:00,34.0,(9.219051195842558+0j)
24366,12.11.2020,06:00,37.0,(9.482594128751929+0j)
24367,12.11.2020,07:00,35.0,(9.308562145233848+0j)
24368,12.11.2020,08:00,32.0,(9.034620481786352+0j)
24369,12.11.2020,09:00,23.0,(8.092869420675413+0j)
24370,12.11.2020,10:00,18.0,(7.457914888057963+0j)
24371,12.11.2020,11:00,13.0,(6.691256914211192+0j)
24372,12.11.2020,12:00,9.0,(5.919350969396254+0j)
24373,12.11.2020,13:00,5.0,(4.866124944308272+0j)
24374,12.11.2020,14:00,3.0,(4.1042487314692515+0j)
24375,12.11.2020,15:00,3.0,(4.1042487314692515+0j)
24376,12.11.2020,16:00,4.0,(4.517310240893176+0j)
24377,12.11.2020,17:00,6.0,(5.171029370782441+0j)
24378,12.11.2020,18:00,11.0,(6.32884048187752+0j)
24379,12.11.2020,19:00,8.0,(5.691454261406992+0j)
24380,12.11.2020,20:00,7.0,(5.443680165984116+0j)
24381,12.11.2020,21:00,3.0,(4.1042487314692515+0j)
24382,12.11.2020,22:00,2.0,(3.585391514230274+0j)
24383,12.11.2020,23:00,16.0,(7.170783028460548+0j)
24384,13.11.2020,00:00,4.0,(4.517310240893176+0j)
24385,13.11.2020,01:00,3.0,(4.1042487314692515+0j)
24386,13.11.2020,02:00,4.0,(4.517310240893176+0j)
24387,13.11.2020,03:00,4.0,(4.517310240893176+0j)
24388,13.11.2020,04:00,5.0,(4.866124944308272+0j)
24389,13.11.2020,05:00,1.0,(2.845727130703496+0j)
24390,13.11.2020,06:00,0.0,0j
24391,13.11.2020,07:00,0.0,0j
24392,13.11.2020,08:00,0.0,0j
24393,13.11.2020,09:00,0.0,0j
24394,13.11.2020,10:00,0.0,0j
24395,13.11.2020,11:00,0.0,0j
24396,13.11.2020,12:00,0.0,0j
24397,13.11.2020,13:00,0.0,0j
24398,13.11.2020,14:00,0.0,0j
24399,13.11.2020,15:00,0.0,0j
24400,13.11.2020,16:00,0.0,0j
24401,13.11.2020,17:00,0.0,0j
24402,13.11.2020,18:00,0.0,0j
24403,13.11.2020,19:00,1.0,(2.845727130703496+0j)
24404,13.11.2020,20:00,5.0,(4.866124944308272+0j)
24405,13.11.2020,21:00,12.0,(6.515088753873438+0j)
24406,13.11.2020,22:00,8.0,(5.691454261406992+0j)
24407,13.11.2020,23:00,14.0,(6.858607230018604+0j)
24408,14.11.2020,00:00,5.0,(4.866124944308272+0j)
24409,14.11.2020,01:00,15.0,(7.018166609990766+0j)
24410,14.11.2020,02:00,7.0,(5.443680165984116+0j)
24411,14.11.2020,03:00,10.0,(6.130933248752508+0j)
24412,14.11.2020,04:00,10.0,(6.130933248752508+0j)
24413,14.11.2020,05:00,11.0,(6.32884048187752+0j)
24414,14.11.2020,06:00,14.0,(6.858607230018604+0j)
24415,14.11.2020,07:00,14.0,(6.858607230018604+0j)
24416,14.11.2020,08:00,22.0,(7.9738393445443+0j)
24417,14.11.2020,09:00,25.0,(8.320956608290626+0j)
24418,14.11.2020,10:00,16.0,(7.170783028460548+0j)
24419,14.11.2020,11:00,19.0,(7.593542967381978+0j)
24420,14.11.2020,12:00,9.0,(5.919350969396254+0j)
24421,14.11.2020,13:00,21.0,(7.851145380281553+0j)
24422,14.11.2020,14:00,22.0,(7.9738393445443+0j)
24423,14.11.2020,15:00,26.0,(8.430455436469295+0j)
24424,14.11.2020,16:00,50.0,(10.483748386047209+0j)
24425,14.11.2020,17:00,59.0,(11.078405520382008+0j)
24426,14.11.2020,18:00,51.0,(10.5531792067093+0j)
24427,14.11.2020,19:00,23.0,(8.092869420675413+0j)
24428,14.11.2020,20:00,38.0,(9.567264627885733+0j)
24429,14.11.2020,21:00,47.0,(10.269734286241032+0j)
24430,14.11.2020,22:00,44.0,(10.0464080386713+0j)
24431,14.11.2020,23:00,31.0,(8.939512150377235+0j)
24432,15.11.2020,00:00,55.0,(10.822164994364314+0j)
24433,15.11.2020,01:00,54.0,(10.756174542690822+0j)
24434,15.11.2020,02:00,60.0,(11.140645059587433+0j)
24435,15.11.2020,03:00,53.0,(10.689364281461948+0j)
24436,15.11.2020,04:00,59.0,(11.078405520382008+0j)
24437,15.11.2020,05:00,57.0,(10.9517840818175+0j)
24438,15.11.2020,06:00,53.0,(10.689364281461948+0j)
24439,15.11.2020,07:00,45.0,(10.121947777604984+0j)
24440,15.11.2020,08:00,46.0,(10.19637653715948+0j)
24441,15.11.2020,09:00,42.0,(9.891823330401618+0j)
24442,15.11.2020,10:00,47.0,(10.269734286241032+0j)
24443,15.11.2020,11:00,47.0,(10.269734286241032+0j)
24444,15.11.2020,12:00,45.0,(10.121947777604984+0j)
24445,15.11.2020,13:00,38.0,(9.567264627885733+0j)
24446,15.11.2020,14:00,32.0,(9.034620481786352+0j)
24447,15.11.2020,15:00,43.0,(9.969714910096506+0j)
24448,15.11.2020,16:00,47.0,(10.269734286241032+0j)
24449,15.11.2020,17:00,36.0,(9.396383955788593+0j)
24450,15.11.2020,18:00,38.0,(9.567264627885733+0j)
24451,15.11.2020,19:00,28.0,(8.641303622061608+0j)
24452,15.11.2020,20:00,24.0,(8.208497462938503+0j)
24453,15.11.2020,21:00,23.0,(8.092869420675413+0j)
24454,15.11.2020,22:00,21.0,(7.851145380281553+0j)
24455,15.11.2020,23:00,15.0,(7.018166609990766+0j)
24456,16.11.2020,00:00,13.0,(6.691256914211192+0j)
24457,16.11.2020,01:00,11.0,(6.32884048187752+0j)
24458,16.11.2020,02:00,16.0,(7.170783028460548+0j)
24459,16.11.2020,03:00,10.0,(6.130933248752508+0j)
24460,16.11.2020,04:00,16.0,(7.170783028460548+0j)
24461,16.11.2020,05:00,17.0,(7.317165783214581+0j)
24462,16.11.2020,06:00,17.0,(7.317165783214581+0j)
24463,16.11.2020,07:00,20.0,(7.724491855603646+0j)
24464,16.11.2020,08:00,17.0,(7.317165783214581+0j)
24465,16.11.2020,09:00,15.0,(7.018166609990766+0j)
24466,16.11.2020,10:00,10.0,(6.130933248752508+0j)
24467,16.11.2020,11:00,8.0,(5.691454261406992+0j)
24468,16.11.2020,12:00,7.0,(5.443680165984116+0j)
24469,16.11.2020,13:00,10.0,(6.130933248752508+0j)
24470,16.11.2020,14:00,8.0,(5.691454261406992+0j)
24471,16.11.2020,15:00,8.0,(5.691454261406992+0j)
24472,16.11.2020,16:00,6.0,(5.171029370782441+0j)
24473,16.11.2020,17:00,6.0,(5.171029370782441+0j)
24474,16.11.2020,18:00,11.0,(6.32884048187752+0j)
24475,16.11.2020,19:00,16.0,(7.170783028460548+0j)
24476,16.11.2020,20:00,13.0,(6.691256914211192+0j)
24477,16.11.2020,21:00,10.0,(6.130933248752508+0j)
24478,16.11.2020,22:00,2.0,(3.585391514230274+0j)
24479,16.11.2020,23:00,1.0,(2.845727130703496+0j)
24480,17.11.2020,00:00,1.0,(2.845727130703496+0j)
24481,17.11.2020,01:00,1.0,(2.845727130703496+0j)
24482,17.11.2020,02:00,0.0,0j
24483,17.11.2020,03:00,0.0,0j
24484,17.11.2020,04:00,0.0,0j
24485,17.11.2020,05:00,0.0,0j
24486,17.11.2020,06:00,0.0,0j
24487,17.11.2020,07:00,0.0,0j
24488,17.11.2020,08:00,0.0,0j
24489,17.11.2020,09:00,0.0,0j
24490,17.11.2020,10:00,0.0,0j
24491,17.11.2020,11:00,0.0,0j
24492,17.11.2020,12:00,0.0,0j
24493,17.11.2020,13:00,0.0,0j
24494,17.11.2020,14:00,0.0,0j
24495,17.11.2020,15:00,0.0,0j
24496,17.11.2020,16:00,0.0,0j
24497,17.11.2020,17:00,0.0,0j
24498,17.11.2020,18:00,0.0,0j
24499,17.11.2020,19:00,3.0,(4.1042487314692515+0j)
24500,17.11.2020,20:00,3.0,(4.1042487314692515+0j)
24501,17.11.2020,21:00,8.0,(5.691454261406992+0j)
24502,17.11.2020,22:00,8.0,(5.691454261406992+0j)
24503,17.11.2020,23:00,10.0,(6.130933248752508+0j)
24504,18.11.2020,00:00,5.0,(4.866124944308272+0j)
24505,18.11.2020,01:00,9.0,(5.919350969396254+0j)
24506,18.11.2020,02:00,13.0,(6.691256914211192+0j)
24507,18.11.2020,03:00,18.0,(7.457914888057963+0j)
24508,18.11.2020,04:00,19.0,(7.593542967381978+0j)
24509,18.11.2020,05:00,30.0,(8.84233584359671+0j)
24510,18.11.2020,06:00,28.0,(8.641303622061608+0j)
24511,18.11.2020,07:00,42.0,(9.891823330401618+0j)
24512,18.11.2020,08:00,45.0,(10.121947777604984+0j)
24513,18.11.2020,09:00,44.0,(10.0464080386713+0j)
24514,18.11.2020,10:00,46.0,(10.19637653715948+0j)
24515,18.11.2020,11:00,57.0,(10.9517840818175+0j)
24516,18.11.2020,12:00,57.0,(10.9517840818175+0j)
24517,18.11.2020,13:00,51.0,(10.5531792067093+0j)
24518,18.11.2020,14:00,51.0,(10.5531792067093+0j)
24519,18.11.2020,15:00,64.0,(11.382908522813985+0j)
24520,18.11.2020,16:00,65.0,(11.441888376335278+0j)
24521,18.11.2020,17:00,61.0,(11.202196833891742+0j)
24522,18.11.2020,18:00,67.0,(11.55805762209552+0j)
24523,18.11.2020,19:00,68.0,(11.615276661700541+0j)
24524,18.11.2020,20:00,65.0,(11.441888376335278+0j)
24525,18.11.2020,21:00,64.0,(11.382908522813985+0j)
24526,18.11.2020,22:00,66.0,(11.500266368369322+0j)
24527,18.11.2020,23:00,67.0,(11.55805762209552+0j)
24528,19.11.2020,00:00,62.0,(11.263079534051261+0j)
24529,19.11.2020,01:00,60.0,(11.140645059587433+0j)
24530,19.11.2020,02:00,59.0,(11.078405520382008+0j)
24531,19.11.2020,03:00,64.0,(11.382908522813985+0j)
24532,19.11.2020,04:00,67.0,(11.55805762209552+0j)
24533,19.11.2020,05:00,68.0,(11.615276661700541+0j)
24534,19.11.2020,06:00,69.0,(11.671937444523078+0j)
24535,19.11.2020,07:00,69.0,(11.671937444523078+0j)
24536,19.11.2020,08:00,69.0,(11.671937444523078+0j)
24537,19.11.2020,09:00,69.0,(11.671937444523078+0j)
24538,19.11.2020,10:00,69.0,(11.671937444523078+0j)
24539,19.11.2020,11:00,69.0,(11.671937444523078+0j)
24540,19.11.2020,12:00,69.0,(11.671937444523078+0j)
24541,19.11.2020,13:00,69.0,(11.671937444523078+0j)
24542,19.11.2020,14:00,69.0,(11.671937444523078+0j)
24543,19.11.2020,15:00,66.0,(11.500266368369322+0j)
24544,19.11.2020,16:00,69.0,(11.671937444523078+0j)
24545,19.11.2020,17:00,69.0,(11.671937444523078+0j)
24546,19.11.2020,18:00,69.0,(11.671937444523078+0j)
24547,19.11.2020,19:00,69.0,(11.671937444523078+0j)
24548,19.11.2020,20:00,66.0,(11.500266368369322+0j)
24549,19.11.2020,21:00,66.0,(11.500266368369322+0j)
24550,19.11.2020,22:00,66.0,(11.500266368369322+0j)
24551,19.11.2020,23:00,65.0,(11.441888376335278+0j)
24552,20.11.2020,00:00,66.0,(11.500266368369322+0j)
24553,20.11.2020,01:00,66.0,(11.500266368369322+0j)
24554,20.11.2020,02:00,64.0,(11.382908522813985+0j)
24555,20.11.2020,03:00,58.0,(11.015458675840927+0j)
24556,20.11.2020,04:00,61.0,(11.202196833891742+0j)
24557,20.11.2020,05:00,65.0,(11.441888376335278+0j)
24558,20.11.2020,06:00,64.0,(11.382908522813985+0j)
24559,20.11.2020,07:00,65.0,(11.441888376335278+0j)
24560,20.11.2020,08:00,65.0,(11.441888376335278+0j)
24561,20.11.2020,09:00,62.0,(11.263079534051261+0j)
24562,20.11.2020,10:00,57.0,(10.9517840818175+0j)
24563,20.11.2020,11:00,64.0,(11.382908522813985+0j)
24564,20.11.2020,12:00,64.0,(11.382908522813985+0j)
24565,20.11.2020,13:00,66.0,(11.500266368369322+0j)
24566,20.11.2020,14:00,66.0,(11.500266368369322+0j)
24567,20.11.2020,15:00,66.0,(11.500266368369322+0j)
24568,20.11.2020,16:00,65.0,(11.441888376335278+0j)
24569,20.11.2020,17:00,62.0,(11.263079534051261+0j)
24570,20.11.2020,18:00,60.0,(11.140645059587433+0j)
24571,20.11.2020,19:00,56.0,(10.887360331968232+0j)
24572,20.11.2020,20:00,50.0,(10.483748386047209+0j)
24573,20.11.2020,21:00,54.0,(10.756174542690822+0j)
24574,20.11.2020,22:00,45.0,(10.121947777604984+0j)
24575,20.11.2020,23:00,55.0,(10.822164994364314+0j)
24576,21.11.2020,00:00,59.0,(11.078405520382008+0j)
24577,21.11.2020,01:00,53.0,(10.689364281461948+0j)
24578,21.11.2020,02:00,59.0,(11.078405520382008+0j)
24579,21.11.2020,03:00,56.0,(10.887360331968232+0j)
24580,21.11.2020,04:00,53.0,(10.689364281461948+0j)
24581,21.11.2020,05:00,55.0,(10.822164994364314+0j)
24582,21.11.2020,06:00,55.0,(10.822164994364314+0j)
24583,21.11.2020,07:00,50.0,(10.483748386047209+0j)
24584,21.11.2020,08:00,18.0,(7.457914888057963+0j)
24585,21.11.2020,09:00,34.0,(9.219051195842558+0j)
24586,21.11.2020,10:00,39.0,(9.650462409337567+0j)
24587,21.11.2020,11:00,40.0,(9.732249888616542+0j)
24588,21.11.2020,12:00,36.0,(9.396383955788593+0j)
24589,21.11.2020,13:00,42.0,(9.891823330401618+0j)
24590,21.11.2020,14:00,46.0,(10.19637653715948+0j)
24591,21.11.2020,15:00,51.0,(10.5531792067093+0j)
24592,21.11.2020,16:00,54.0,(10.756174542690822+0j)
24593,21.11.2020,17:00,66.0,(11.500266368369322+0j)
24594,21.11.2020,18:00,61.0,(11.202196833891742+0j)
24595,21.11.2020,19:00,58.0,(11.015458675840927+0j)
24596,21.11.2020,20:00,57.0,(10.9517840818175+0j)
24597,21.11.2020,21:00,61.0,(11.202196833891742+0j)
24598,21.11.2020,22:00,56.0,(10.887360331968232+0j)
24599,21.11.2020,23:00,55.0,(10.822164994364314+0j)
24600,22.11.2020,00:00,48.0,(10.34205874156488+0j)
24601,22.11.2020,01:00,50.0,(10.483748386047209+0j)
24602,22.11.2020,02:00,53.0,(10.689364281461948+0j)
24603,22.11.2020,03:00,49.0,(10.41338553855059+0j)
24604,22.11.2020,04:00,54.0,(10.756174542690822+0j)
24605,22.11.2020,05:00,58.0,(11.015458675840927+0j)
24606,22.11.2020,06:00,56.0,(10.887360331968232+0j)
24607,22.11.2020,07:00,51.0,(10.5531792067093+0j)
24608,22.11.2020,08:00,61.0,(11.202196833891742+0j)
24609,22.11.2020,09:00,57.0,(10.9517840818175+0j)
24610,22.11.2020,10:00,54.0,(10.756174542690822+0j)
24611,22.11.2020,11:00,59.0,(11.078405520382008+0j)
24612,22.11.2020,12:00,59.0,(11.078405520382008+0j)
24613,22.11.2020,13:00,53.0,(10.689364281461948+0j)
24614,22.11.2020,14:00,55.0,(10.822164994364314+0j)
24615,22.11.2020,15:00,51.0,(10.5531792067093+0j)
24616,22.11.2020,16:00,60.0,(11.140645059587433+0j)
24617,22.11.2020,17:00,58.0,(11.015458675840927+0j)
24618,22.11.2020,18:00,55.0,(10.822164994364314+0j)
24619,22.11.2020,19:00,44.0,(10.0464080386713+0j)
24620,22.11.2020,20:00,41.0,(9.812685353516676+0j)
24621,22.11.2020,21:00,39.0,(9.650462409337567+0j)
24622,22.11.2020,22:00,40.0,(9.732249888616542+0j)
24623,22.11.2020,23:00,34.0,(9.219051195842558+0j)
24624,23.11.2020,00:00,33.0,(9.127767465531983+0j)
24625,23.11.2020,01:00,25.0,(8.320956608290626+0j)
24626,23.11.2020,02:00,26.0,(8.430455436469295+0j)
24627,23.11.2020,03:00,24.0,(8.208497462938503+0j)
24628,23.11.2020,04:00,19.0,(7.593542967381978+0j)
24629,23.11.2020,05:00,20.0,(7.724491855603646+0j)
24630,23.11.2020,06:00,25.0,(8.320956608290626+0j)
24631,23.11.2020,07:00,32.0,(9.034620481786352+0j)
24632,23.11.2020,08:00,35.0,(9.308562145233848+0j)
24633,23.11.2020,09:00,12.0,(6.515088753873438+0j)
24634,23.11.2020,10:00,15.0,(7.018166609990766+0j)
24635,23.11.2020,11:00,2.0,(3.585391514230274+0j)
24636,23.11.2020,12:00,4.0,(4.517310240893176+0j)
24637,23.11.2020,13:00,3.0,(4.1042487314692515+0j)
24638,23.11.2020,14:00,3.0,(4.1042487314692515+0j)
24639,23.11.2020,15:00,4.0,(4.517310240893176+0j)
24640,23.11.2020,16:00,8.0,(5.691454261406992+0j)
24641,23.11.2020,17:00,24.0,(8.208497462938503+0j)
24642,23.11.2020,18:00,32.0,(9.034620481786352+0j)
24643,23.11.2020,19:00,19.0,(7.593542967381978+0j)
24644,23.11.2020,20:00,4.0,(4.517310240893176+0j)
24645,23.11.2020,21:00,4.0,(4.517310240893176+0j)
24646,23.11.2020,22:00,2.0,(3.585391514230274+0j)
24647,23.11.2020,23:00,4.0,(4.517310240893176+0j)
24648,24.11.2020,00:00,4.0,(4.517310240893176+0j)
24649,24.11.2020,01:00,3.0,(4.1042487314692515+0j)
24650,24.11.2020,02:00,2.0,(3.585391514230274+0j)
24651,24.11.2020,03:00,2.0,(3.585391514230274+0j)
24652,24.11.2020,04:00,1.0,(2.845727130703496+0j)
24653,24.11.2020,05:00,0.0,0j
24654,24.11.2020,06:00,3.0,(4.1042487314692515+0j)
24655,24.11.2020,07:00,11.0,(6.32884048187752+0j)
24656,24.11.2020,08:00,25.0,(8.320956608290626+0j)
24657,24.11.2020,09:00,36.0,(9.396383955788593+0j)
24658,24.11.2020,10:00,46.0,(10.19637653715948+0j)
24659,24.11.2020,11:00,47.0,(10.269734286241032+0j)
24660,24.11.2020,12:00,39.0,(9.650462409337567+0j)
24661,24.11.2020,13:00,52.0,(10.621708264608335+0j)
24662,24.11.2020,14:00,49.0,(10.41338553855059+0j)
24663,24.11.2020,15:00,63.0,(11.323311051132062+0j)
24664,24.11.2020,16:00,62.0,(11.263079534051261+0j)
24665,24.11.2020,17:00,62.0,(11.263079534051261+0j)
24666,24.11.2020,18:00,62.0,(11.263079534051261+0j)
24667,24.11.2020,19:00,65.0,(11.441888376335278+0j)
24668,24.11.2020,20:00,65.0,(11.441888376335278+0j)
24669,24.11.2020,21:00,66.0,(11.500266368369322+0j)
24670,24.11.2020,22:00,62.0,(11.263079534051261+0j)
24671,24.11.2020,23:00,64.0,(11.382908522813985+0j)
24672,25.11.2020,00:00,64.0,(11.382908522813985+0j)
24673,25.11.2020,01:00,65.0,(11.441888376335278+0j)
24674,25.11.2020,02:00,66.0,(11.500266368369322+0j)
24675,25.11.2020,03:00,66.0,(11.500266368369322+0j)
24676,25.11.2020,04:00,65.0,(11.441888376335278+0j)
24677,25.11.2020,05:00,65.0,(11.441888376335278+0j)
24678,25.11.2020,06:00,66.0,(11.500266368369322+0j)
24679,25.11.2020,07:00,66.0,(11.500266368369322+0j)
24680,25.11.2020,08:00,66.0,(11.500266368369322+0j)
24681,25.11.2020,09:00,66.0,(11.500266368369322+0j)
24682,25.11.2020,10:00,66.0,(11.500266368369322+0j)
24683,25.11.2020,11:00,66.0,(11.500266368369322+0j)
24684,25.11.2020,12:00,66.0,(11.500266368369322+0j)
24685,25.11.2020,13:00,66.0,(11.500266368369322+0j)
24686,25.11.2020,14:00,66.0,(11.500266368369322+0j)
24687,25.11.2020,15:00,63.0,(11.323311051132062+0j)
24688,25.11.2020,16:00,63.0,(11.323311051132062+0j)
24689,25.11.2020,17:00,66.0,(11.500266368369322+0j)
24690,25.11.2020,18:00,66.0,(11.500266368369322+0j)
24691,25.11.2020,19:00,64.0,(11.382908522813985+0j)
24692,25.11.2020,20:00,58.0,(11.015458675840927+0j)
24693,25.11.2020,21:00,50.0,(10.483748386047209+0j)
24694,25.11.2020,22:00,53.0,(10.689364281461948+0j)
24695,25.11.2020,23:00,57.0,(10.9517840818175+0j)
24696,26.11.2020,00:00,55.0,(10.822164994364314+0j)
24697,26.11.2020,01:00,65.0,(11.441888376335278+0j)
24698,26.11.2020,02:00,64.0,(11.382908522813985+0j)
24699,26.11.2020,03:00,65.0,(11.441888376335278+0j)
24700,26.11.2020,04:00,65.0,(11.441888376335278+0j)
24701,26.11.2020,05:00,63.0,(11.323311051132062+0j)
24702,26.11.2020,06:00,62.0,(11.263079534051261+0j)
24703,26.11.2020,07:00,58.0,(11.015458675840927+0j)
24704,26.11.2020,08:00,47.0,(10.269734286241032+0j)
24705,26.11.2020,09:00,46.0,(10.19637653715948+0j)
24706,26.11.2020,10:00,34.0,(9.219051195842558+0j)
24707,26.11.2020,11:00,45.0,(10.121947777604984+0j)
24708,26.11.2020,12:00,35.0,(9.308562145233848+0j)
24709,26.11.2020,13:00,44.0,(10.0464080386713+0j)
24710,26.11.2020,14:00,61.0,(11.202196833891742+0j)
24711,26.11.2020,15:00,63.0,(11.323311051132062+0j)
24712,26.11.2020,16:00,58.0,(11.015458675840927+0j)
24713,26.11.2020,17:00,63.0,(11.323311051132062+0j)
24714,26.11.2020,18:00,61.0,(11.202196833891742+0j)
24715,26.11.2020,19:00,62.0,(11.263079534051261+0j)
24716,26.11.2020,20:00,50.0,(10.483748386047209+0j)
24717,26.11.2020,21:00,47.0,(10.269734286241032+0j)
24718,26.11.2020,22:00,44.0,(10.0464080386713+0j)
24719,26.11.2020,23:00,41.0,(9.812685353516676+0j)
24720,27.11.2020,00:00,30.0,(8.84233584359671+0j)
24721,27.11.2020,01:00,15.0,(7.018166609990766+0j)
24722,27.11.2020,02:00,11.0,(6.32884048187752+0j)
24723,27.11.2020,03:00,14.0,(6.858607230018604+0j)
24724,27.11.2020,04:00,17.0,(7.317165783214581+0j)
24725,27.11.2020,05:00,6.0,(5.171029370782441+0j)
24726,27.11.2020,06:00,12.0,(6.515088753873438+0j)
24727,27.11.2020,07:00,15.0,(7.018166609990766+0j)
24728,27.11.2020,08:00,4.0,(4.517310240893176+0j)
24729,27.11.2020,09:00,7.0,(5.443680165984116+0j)
24730,27.11.2020,10:00,2.0,(3.585391514230274+0j)
24731,27.11.2020,11:00,0.0,0j
24732,27.11.2020,12:00,0.0,0j
24733,27.11.2020,13:00,0.0,0j
24734,27.11.2020,14:00,0.0,0j
24735,27.11.2020,15:00,0.0,0j
24736,27.11.2020,16:00,0.0,0j
24737,27.11.2020,17:00,0.0,0j
24738,27.11.2020,18:00,0.0,0j
24739,27.11.2020,19:00,0.0,0j
24740,27.11.2020,20:00,0.0,0j
24741,27.11.2020,21:00,0.0,0j
24742,27.11.2020,22:00,0.0,0j
24743,27.11.2020,23:00,0.0,0j
24744,28.11.2020,00:00,0.0,0j
24745,28.11.2020,01:00,0.0,0j
24746,28.11.2020,02:00,0.0,0j
24747,28.11.2020,03:00,0.0,0j
24748,28.11.2020,04:00,0.0,0j
24749,28.11.2020,05:00,0.0,0j
24750,28.11.2020,06:00,0.0,0j
24751,28.11.2020,07:00,0.0,0j
24752,28.11.2020,08:00,0.0,0j
24753,28.11.2020,09:00,0.0,0j
24754,28.11.2020,10:00,0.0,0j
24755,28.11.2020,11:00,0.0,0j
24756,28.11.2020,12:00,0.0,0j
24757,28.11.2020,13:00,0.0,0j
24758,28.11.2020,14:00,0.0,0j
24759,28.11.2020,15:00,0.0,0j
24760,28.11.2020,16:00,0.0,0j
24761,28.11.2020,17:00,0.0,0j
24762,28.11.2020,18:00,0.0,0j
24763,28.11.2020,19:00,0.0,0j
24764,28.11.2020,20:00,0.0,0j
24765,28.11.2020,21:00,1.0,(2.845727130703496+0j)
24766,28.11.2020,22:00,4.0,(4.517310240893176+0j)
24767,28.11.2020,23:00,7.0,(5.443680165984116+0j)
24768,29.11.2020,00:00,10.0,(6.130933248752508+0j)
24769,29.11.2020,01:00,18.0,(7.457914888057963+0j)
24770,29.11.2020,02:00,15.0,(7.018166609990766+0j)
24771,29.11.2020,03:00,18.0,(7.457914888057963+0j)
24772,29.11.2020,04:00,13.0,(6.691256914211192+0j)
24773,29.11.2020,05:00,12.0,(6.515088753873438+0j)
24774,29.11.2020,06:00,10.0,(6.130933248752508+0j)
24775,29.11.2020,07:00,11.0,(6.32884048187752+0j)
24776,29.11.2020,08:00,12.0,(6.515088753873438+0j)
24777,29.11.2020,09:00,9.0,(5.919350969396254+0j)
24778,29.11.2020,10:00,7.0,(5.443680165984116+0j)
24779,29.11.2020,11:00,5.0,(4.866124944308272+0j)
24780,29.11.2020,12:00,8.0,(5.691454261406992+0j)
24781,29.11.2020,13:00,6.0,(5.171029370782441+0j)
24782,29.11.2020,14:00,6.0,(5.171029370782441+0j)
24783,29.11.2020,15:00,3.0,(4.1042487314692515+0j)
24784,29.11.2020,16:00,4.0,(4.517310240893176+0j)
24785,29.11.2020,17:00,9.0,(5.919350969396254+0j)
24786,29.11.2020,18:00,13.0,(6.691256914211192+0j)
24787,29.11.2020,19:00,14.0,(6.858607230018604+0j)
24788,29.11.2020,20:00,11.0,(6.32884048187752+0j)
24789,29.11.2020,21:00,7.0,(5.443680165984116+0j)
24790,29.11.2020,22:00,5.0,(4.866124944308272+0j)
24791,29.11.2020,23:00,4.0,(4.517310240893176+0j)
24792,30.11.2020,00:00,5.0,(4.866124944308272+0j)
24793,30.11.2020,01:00,9.0,(5.919350969396254+0j)
24794,30.11.2020,02:00,8.0,(5.691454261406992+0j)
24795,30.11.2020,03:00,7.0,(5.443680165984116+0j)
24796,30.11.2020,04:00,4.0,(4.517310240893176+0j)
24797,30.11.2020,05:00,0.0,0j
24798,30.11.2020,06:00,0.0,0j
24799,30.11.2020,07:00,1.0,(2.845727130703496+0j)
24800,30.11.2020,08:00,1.0,(2.845727130703496+0j)
24801,30.11.2020,09:00,0.0,0j
24802,30.11.2020,10:00,0.0,0j
24803,30.11.2020,11:00,0.0,0j
24804,30.11.2020,12:00,0.0,0j
24805,30.11.2020,13:00,0.0,0j
24806,30.11.2020,14:00,0.0,0j
24807,30.11.2020,15:00,0.0,0j
24808,30.11.2020,16:00,0.0,0j
24809,30.11.2020,17:00,0.0,0j
24810,30.11.2020,18:00,26.0,(8.430455436469295+0j)
24811,30.11.2020,19:00,28.0,(8.641303622061608+0j)
24812,30.11.2020,20:00,38.0,(9.567264627885733+0j)
24813,30.11.2020,21:00,44.0,(10.0464080386713+0j)
24814,30.11.2020,22:00,43.0,(9.969714910096506+0j)
24815,30.11.2020,23:00,44.0,(10.0464080386713+0j)
24816,01.12.2020,00:00,37.0,(9.482594128751929+0j)
24817,01.12.2020,01:00,39.0,(9.650462409337567+0j)
24818,01.12.2020,02:00,45.0,(10.121947777604984+0j)
24819,01.12.2020,03:00,39.0,(9.650462409337567+0j)
24820,01.12.2020,04:00,46.0,(10.19637653715948+0j)
24821,01.12.2020,05:00,47.0,(10.269734286241032+0j)
24822,01.12.2020,06:00,43.0,(9.969714910096506+0j)
24823,01.12.2020,07:00,46.0,(10.19637653715948+0j)
24824,01.12.2020,08:00,43.0,(9.969714910096506+0j)
24825,01.12.2020,09:00,42.0,(9.891823330401618+0j)
24826,01.12.2020,10:00,33.0,(9.127767465531983+0j)
24827,01.12.2020,11:00,38.0,(9.567264627885733+0j)
24828,01.12.2020,12:00,37.0,(9.482594128751929+0j)
24829,01.12.2020,13:00,30.0,(8.84233584359671+0j)
24830,01.12.2020,14:00,23.0,(8.092869420675413+0j)
24831,01.12.2020,15:00,18.0,(7.457914888057963+0j)
24832,01.12.2020,16:00,26.0,(8.430455436469295+0j)
24833,01.12.2020,17:00,27.0,(8.537181392110488+0j)
24834,01.12.2020,18:00,30.0,(8.84233584359671+0j)
24835,01.12.2020,19:00,24.0,(8.208497462938503+0j)
24836,01.12.2020,20:00,24.0,(8.208497462938503+0j)
24837,01.12.2020,21:00,21.0,(7.851145380281553+0j)
24838,01.12.2020,22:00,15.0,(7.018166609990766+0j)
24839,01.12.2020,23:00,15.0,(7.018166609990766+0j)
24840,02.12.2020,00:00,12.0,(6.515088753873438+0j)
24841,02.12.2020,01:00,11.0,(6.32884048187752+0j)
24842,02.12.2020,02:00,10.0,(6.130933248752508+0j)
24843,02.12.2020,03:00,12.0,(6.515088753873438+0j)
24844,02.12.2020,04:00,7.0,(5.443680165984116+0j)
24845,02.12.2020,05:00,6.0,(5.171029370782441+0j)
24846,02.12.2020,06:00,7.0,(5.443680165984116+0j)
24847,02.12.2020,07:00,7.0,(5.443680165984116+0j)
24848,02.12.2020,08:00,4.0,(4.517310240893176+0j)
24849,02.12.2020,09:00,1.0,(2.845727130703496+0j)
24850,02.12.2020,10:00,1.0,(2.845727130703496+0j)
24851,02.12.2020,11:00,1.0,(2.845727130703496+0j)
24852,02.12.2020,12:00,0.0,0j
24853,02.12.2020,13:00,0.0,0j
24854,02.12.2020,14:00,0.0,0j
24855,02.12.2020,15:00,1.0,(2.845727130703496+0j)
24856,02.12.2020,16:00,1.0,(2.845727130703496+0j)
24857,02.12.2020,17:00,3.0,(4.1042487314692515+0j)
24858,02.12.2020,18:00,3.0,(4.1042487314692515+0j)
24859,02.12.2020,19:00,4.0,(4.517310240893176+0j)
24860,02.12.2020,20:00,2.0,(3.585391514230274+0j)
24861,02.12.2020,21:00,2.0,(3.585391514230274+0j)
24862,02.12.2020,22:00,1.0,(2.845727130703496+0j)
24863,02.12.2020,23:00,1.0,(2.845727130703496+0j)
24864,03.12.2020,00:00,0.0,0j
24865,03.12.2020,01:00,0.0,0j
24866,03.12.2020,02:00,0.0,0j
24867,03.12.2020,03:00,0.0,0j
24868,03.12.2020,04:00,0.0,0j
24869,03.12.2020,05:00,0.0,0j
24870,03.12.2020,06:00,0.0,0j
24871,03.12.2020,07:00,0.0,0j
24872,03.12.2020,08:00,1.0,(2.845727130703496+0j)
24873,03.12.2020,09:00,3.0,(4.1042487314692515+0j)
24874,03.12.2020,10:00,2.0,(3.585391514230274+0j)
24875,03.12.2020,11:00,1.0,(2.845727130703496+0j)
24876,03.12.2020,12:00,0.0,0j
24877,03.12.2020,13:00,0.0,0j
24878,03.12.2020,14:00,0.0,0j
24879,03.12.2020,15:00,0.0,0j
24880,03.12.2020,16:00,0.0,0j
24881,03.12.2020,17:00,0.0,0j
24882,03.12.2020,18:00,1.0,(2.845727130703496+0j)
24883,03.12.2020,19:00,1.0,(2.845727130703496+0j)
24884,03.12.2020,20:00,4.0,(4.517310240893176+0j)
24885,03.12.2020,21:00,4.0,(4.517310240893176+0j)
24886,03.12.2020,22:00,5.0,(4.866124944308272+0j)
24887,03.12.2020,23:00,1.0,(2.845727130703496+0j)
24888,04.12.2020,00:00,3.0,(4.1042487314692515+0j)
24889,04.12.2020,01:00,5.0,(4.866124944308272+0j)
24890,04.12.2020,02:00,5.0,(4.866124944308272+0j)
24891,04.12.2020,03:00,12.0,(6.515088753873438+0j)
24892,04.12.2020,04:00,10.0,(6.130933248752508+0j)
24893,04.12.2020,05:00,18.0,(7.457914888057963+0j)
24894,04.12.2020,06:00,36.0,(9.396383955788593+0j)
24895,04.12.2020,07:00,42.0,(9.891823330401618+0j)
24896,04.12.2020,08:00,27.0,(8.537181392110488+0j)
24897,04.12.2020,09:00,38.0,(9.567264627885733+0j)
24898,04.12.2020,10:00,25.0,(8.320956608290626+0j)
24899,04.12.2020,11:00,11.0,(6.32884048187752+0j)
24900,04.12.2020,12:00,11.0,(6.32884048187752+0j)
24901,04.12.2020,13:00,10.0,(6.130933248752508+0j)
24902,04.12.2020,14:00,5.0,(4.866124944308272+0j)
24903,04.12.2020,15:00,10.0,(6.130933248752508+0j)
24904,04.12.2020,16:00,9.0,(5.919350969396254+0j)
24905,04.12.2020,17:00,17.0,(7.317165783214581+0j)
24906,04.12.2020,18:00,23.0,(8.092869420675413+0j)
24907,04.12.2020,19:00,12.0,(6.515088753873438+0j)
24908,04.12.2020,20:00,9.0,(5.919350969396254+0j)
24909,04.12.2020,21:00,3.0,(4.1042487314692515+0j)
24910,04.12.2020,22:00,0.0,0j
24911,04.12.2020,23:00,3.0,(4.1042487314692515+0j)
24912,05.12.2020,00:00,4.0,(4.517310240893176+0j)
24913,05.12.2020,01:00,2.0,(3.585391514230274+0j)
24914,05.12.2020,02:00,4.0,(4.517310240893176+0j)
24915,05.12.2020,03:00,1.0,(2.845727130703496+0j)
24916,05.12.2020,04:00,0.0,0j
24917,05.12.2020,05:00,0.0,0j
24918,05.12.2020,06:00,0.0,0j
24919,05.12.2020,07:00,0.0,0j
24920,05.12.2020,08:00,0.0,0j
24921,05.12.2020,09:00,0.0,0j
24922,05.12.2020,10:00,0.0,0j
24923,05.12.2020,11:00,0.0,0j
24924,05.12.2020,12:00,0.0,0j
24925,05.12.2020,13:00,0.0,0j
24926,05.12.2020,14:00,0.0,0j
24927,05.12.2020,15:00,0.0,0j
24928,05.12.2020,16:00,1.0,(2.845727130703496+0j)
24929,05.12.2020,17:00,0.0,0j
24930,05.12.2020,18:00,0.0,0j
24931,05.12.2020,19:00,0.0,0j
24932,05.12.2020,20:00,2.0,(3.585391514230274+0j)
24933,05.12.2020,21:00,5.0,(4.866124944308272+0j)
24934,05.12.2020,22:00,8.0,(5.691454261406992+0j)
24935,05.12.2020,23:00,4.0,(4.517310240893176+0j)
24936,06.12.2020,00:00,0.0,0j
24937,06.12.2020,01:00,0.0,0j
24938,06.12.2020,02:00,0.0,0j
24939,06.12.2020,03:00,0.0,0j
24940,06.12.2020,04:00,1.0,(2.845727130703496+0j)
24941,06.12.2020,05:00,2.0,(3.585391514230274+0j)
24942,06.12.2020,06:00,1.0,(2.845727130703496+0j)
24943,06.12.2020,07:00,3.0,(4.1042487314692515+0j)
24944,06.12.2020,08:00,3.0,(4.1042487314692515+0j)
24945,06.12.2020,09:00,2.0,(3.585391514230274+0j)
24946,06.12.2020,10:00,0.0,0j
24947,06.12.2020,11:00,0.0,0j
24948,06.12.2020,12:00,0.0,0j
24949,06.12.2020,13:00,0.0,0j
24950,06.12.2020,14:00,0.0,0j
24951,06.12.2020,15:00,0.0,0j
24952,06.12.2020,16:00,0.0,0j
24953,06.12.2020,17:00,0.0,0j
24954,06.12.2020,18:00,0.0,0j
24955,06.12.2020,19:00,0.0,0j
24956,06.12.2020,20:00,0.0,0j
24957,06.12.2020,21:00,0.0,0j
24958,06.12.2020,22:00,0.0,0j
24959,06.12.2020,23:00,0.0,0j
24960,07.12.2020,00:00,0.0,0j
24961,07.12.2020,01:00,0.0,0j
24962,07.12.2020,02:00,1.0,(2.845727130703496+0j)
24963,07.12.2020,03:00,1.0,(2.845727130703496+0j)
24964,07.12.2020,04:00,3.0,(4.1042487314692515+0j)
24965,07.12.2020,05:00,3.0,(4.1042487314692515+0j)
24966,07.12.2020,06:00,7.0,(5.443680165984116+0j)
24967,07.12.2020,07:00,15.0,(7.018166609990766+0j)
24968,07.12.2020,08:00,20.0,(7.724491855603646+0j)
24969,07.12.2020,09:00,19.0,(7.593542967381978+0j)
24970,07.12.2020,10:00,10.0,(6.130933248752508+0j)
24971,07.12.2020,11:00,8.0,(5.691454261406992+0j)
24972,07.12.2020,12:00,15.0,(7.018166609990766+0j)
24973,07.12.2020,13:00,34.0,(9.219051195842558+0j)
24974,07.12.2020,14:00,14.0,(6.858607230018604+0j)
24975,07.12.2020,15:00,25.0,(8.320956608290626+0j)
24976,07.12.2020,16:00,24.0,(8.208497462938503+0j)
24977,07.12.2020,17:00,15.0,(7.018166609990766+0j)
24978,07.12.2020,18:00,50.0,(10.483748386047209+0j)
24979,07.12.2020,19:00,32.0,(9.034620481786352+0j)
24980,07.12.2020,20:00,23.0,(8.092869420675413+0j)
24981,07.12.2020,21:00,17.0,(7.317165783214581+0j)
24982,07.12.2020,22:00,10.0,(6.130933248752508+0j)
24983,07.12.2020,23:00,15.0,(7.018166609990766+0j)
24984,08.12.2020,00:00,18.0,(7.457914888057963+0j)
24985,08.12.2020,01:00,23.0,(8.092869420675413+0j)
24986,08.12.2020,02:00,28.0,(8.641303622061608+0j)
24987,08.12.2020,03:00,24.0,(8.208497462938503+0j)
24988,08.12.2020,04:00,22.0,(7.9738393445443+0j)
24989,08.12.2020,05:00,14.0,(6.858607230018604+0j)
24990,08.12.2020,06:00,18.0,(7.457914888057963+0j)
24991,08.12.2020,07:00,17.0,(7.317165783214581+0j)
24992,08.12.2020,08:00,9.0,(5.919350969396254+0j)
24993,08.12.2020,09:00,4.0,(4.517310240893176+0j)
24994,08.12.2020,10:00,5.0,(4.866124944308272+0j)
24995,08.12.2020,11:00,6.0,(5.171029370782441+0j)
24996,08.12.2020,12:00,13.0,(6.691256914211192+0j)
24997,08.12.2020,13:00,11.0,(6.32884048187752+0j)
24998,08.12.2020,14:00,13.0,(6.691256914211192+0j)
24999,08.12.2020,15:00,5.0,(4.866124944308272+0j)
25000,08.12.2020,16:00,2.0,(3.585391514230274+0j)
25001,08.12.2020,17:00,5.0,(4.866124944308272+0j)
25002,08.12.2020,18:00,4.0,(4.517310240893176+0j)
25003,08.12.2020,19:00,6.0,(5.171029370782441+0j)
25004,08.12.2020,20:00,5.0,(4.866124944308272+0j)
25005,08.12.2020,21:00,3.0,(4.1042487314692515+0j)
25006,08.12.2020,22:00,10.0,(6.130933248752508+0j)
25007,08.12.2020,23:00,17.0,(7.317165783214581+0j)
25008,09.12.2020,00:00,23.0,(8.092869420675413+0j)
25009,09.12.2020,01:00,15.0,(7.018166609990766+0j)
25010,09.12.2020,02:00,13.0,(6.691256914211192+0j)
25011,09.12.2020,03:00,19.0,(7.593542967381978+0j)
25012,09.12.2020,04:00,13.0,(6.691256914211192+0j)
25013,09.12.2020,05:00,26.0,(8.430455436469295+0j)
25014,09.12.2020,06:00,26.0,(8.430455436469295+0j)
25015,09.12.2020,07:00,29.0,(8.74297534497106+0j)
25016,09.12.2020,08:00,26.0,(8.430455436469295+0j)
25017,09.12.2020,09:00,20.0,(7.724491855603646+0j)
25018,09.12.2020,10:00,19.0,(7.593542967381978+0j)
25019,09.12.2020,11:00,19.0,(7.593542967381978+0j)
25020,09.12.2020,12:00,28.0,(8.641303622061608+0j)
25021,09.12.2020,13:00,41.0,(9.812685353516676+0j)
25022,09.12.2020,14:00,31.0,(8.939512150377235+0j)
25023,09.12.2020,15:00,32.0,(9.034620481786352+0j)
25024,09.12.2020,16:00,44.0,(10.0464080386713+0j)
25025,09.12.2020,17:00,50.0,(10.483748386047209+0j)
25026,09.12.2020,18:00,60.0,(11.140645059587433+0j)
25027,09.12.2020,19:00,55.0,(10.822164994364314+0j)
25028,09.12.2020,20:00,54.0,(10.756174542690822+0j)
25029,09.12.2020,21:00,55.0,(10.822164994364314+0j)
25030,09.12.2020,22:00,54.0,(10.756174542690822+0j)
25031,09.12.2020,23:00,50.0,(10.483748386047209+0j)
25032,10.12.2020,00:00,55.0,(10.822164994364314+0j)
25033,10.12.2020,01:00,59.0,(11.078405520382008+0j)
25034,10.12.2020,02:00,58.0,(11.015458675840927+0j)
25035,10.12.2020,03:00,54.0,(10.756174542690822+0j)
25036,10.12.2020,04:00,51.0,(10.5531792067093+0j)
25037,10.12.2020,05:00,56.0,(10.887360331968232+0j)
25038,10.12.2020,06:00,45.0,(10.121947777604984+0j)
25039,10.12.2020,07:00,61.0,(11.202196833891742+0j)
25040,10.12.2020,08:00,63.0,(11.323311051132062+0j)
25041,10.12.2020,09:00,50.0,(10.483748386047209+0j)
25042,10.12.2020,10:00,49.0,(10.41338553855059+0j)
25043,10.12.2020,11:00,63.0,(11.323311051132062+0j)
25044,10.12.2020,12:00,69.0,(11.671937444523078+0j)
25045,10.12.2020,13:00,63.0,(11.323311051132062+0j)
25046,10.12.2020,14:00,59.0,(11.078405520382008+0j)
25047,10.12.2020,15:00,67.0,(11.55805762209552+0j)
25048,10.12.2020,16:00,64.0,(11.382908522813985+0j)
25049,10.12.2020,17:00,66.0,(11.500266368369322+0j)
25050,10.12.2020,18:00,53.0,(10.689364281461948+0j)
25051,10.12.2020,19:00,52.0,(10.621708264608335+0j)
25052,10.12.2020,20:00,67.0,(11.55805762209552+0j)
25053,10.12.2020,21:00,68.0,(11.615276661700541+0j)
25054,10.12.2020,22:00,68.0,(11.615276661700541+0j)
25055,10.12.2020,23:00,69.0,(11.671937444523078+0j)
25056,11.12.2020,00:00,67.0,(11.55805762209552+0j)
25057,11.12.2020,01:00,64.0,(11.382908522813985+0j)
25058,11.12.2020,02:00,55.0,(10.822164994364314+0j)
25059,11.12.2020,03:00,48.0,(10.34205874156488+0j)
25060,11.12.2020,04:00,50.0,(10.483748386047209+0j)
25061,11.12.2020,05:00,32.0,(9.034620481786352+0j)
25062,11.12.2020,06:00,50.0,(10.483748386047209+0j)
25063,11.12.2020,07:00,36.0,(9.396383955788593+0j)
25064,11.12.2020,08:00,40.0,(9.732249888616542+0j)
25065,11.12.2020,09:00,36.0,(9.396383955788593+0j)
25066,11.12.2020,10:00,38.0,(9.567264627885733+0j)
25067,11.12.2020,11:00,34.0,(9.219051195842558+0j)
25068,11.12.2020,12:00,26.0,(8.430455436469295+0j)
25069,11.12.2020,13:00,24.0,(8.208497462938503+0j)
25070,11.12.2020,14:00,23.0,(8.092869420675413+0j)
25071,11.12.2020,15:00,19.0,(7.593542967381978+0j)
25072,11.12.2020,16:00,20.0,(7.724491855603646+0j)
25073,11.12.2020,17:00,18.0,(7.457914888057963+0j)
25074,11.12.2020,18:00,21.0,(7.851145380281553+0j)
25075,11.12.2020,19:00,26.0,(8.430455436469295+0j)
25076,11.12.2020,20:00,28.0,(8.641303622061608+0j)
25077,11.12.2020,21:00,32.0,(9.034620481786352+0j)
25078,11.12.2020,22:00,49.0,(10.41338553855059+0j)
25079,11.12.2020,23:00,51.0,(10.5531792067093+0j)
25080,12.12.2020,00:00,36.0,(9.396383955788593+0j)
25081,12.12.2020,01:00,46.0,(10.19637653715948+0j)
25082,12.12.2020,02:00,67.0,(11.55805762209552+0j)
25083,12.12.2020,03:00,58.0,(11.015458675840927+0j)
25084,12.12.2020,04:00,60.0,(11.140645059587433+0j)
25085,12.12.2020,05:00,44.0,(10.0464080386713+0j)
25086,12.12.2020,06:00,56.0,(10.887360331968232+0j)
25087,12.12.2020,07:00,53.0,(10.689364281461948+0j)
25088,12.12.2020,08:00,67.0,(11.55805762209552+0j)
25089,12.12.2020,09:00,66.0,(11.500266368369322+0j)
25090,12.12.2020,10:00,64.0,(11.382908522813985+0j)
25091,12.12.2020,11:00,67.0,(11.55805762209552+0j)
25092,12.12.2020,12:00,60.0,(11.140645059587433+0j)
25093,12.12.2020,13:00,45.0,(10.121947777604984+0j)
25094,12.12.2020,14:00,53.0,(10.689364281461948+0j)
25095,12.12.2020,15:00,48.0,(10.34205874156488+0j)
25096,12.12.2020,16:00,44.0,(10.0464080386713+0j)
25097,12.12.2020,17:00,44.0,(10.0464080386713+0j)
25098,12.12.2020,18:00,32.0,(9.034620481786352+0j)
25099,12.12.2020,19:00,45.0,(10.121947777604984+0j)
25100,12.12.2020,20:00,30.0,(8.84233584359671+0j)
25101,12.12.2020,21:00,32.0,(9.034620481786352+0j)
25102,12.12.2020,22:00,38.0,(9.567264627885733+0j)
25103,12.12.2020,23:00,20.0,(7.724491855603646+0j)
25104,13.12.2020,00:00,30.0,(8.84233584359671+0j)
25105,13.12.2020,01:00,45.0,(10.121947777604984+0j)
25106,13.12.2020,02:00,23.0,(8.092869420675413+0j)
25107,13.12.2020,03:00,31.0,(8.939512150377235+0j)
25108,13.12.2020,04:00,20.0,(7.724491855603646+0j)
25109,13.12.2020,05:00,29.0,(8.74297534497106+0j)
25110,13.12.2020,06:00,52.0,(10.621708264608335+0j)
25111,13.12.2020,07:00,54.0,(10.756174542690822+0j)
25112,13.12.2020,08:00,55.0,(10.822164994364314+0j)
25113,13.12.2020,09:00,55.0,(10.822164994364314+0j)
25114,13.12.2020,10:00,64.0,(11.382908522813985+0j)
25115,13.12.2020,11:00,65.0,(11.441888376335278+0j)
25116,13.12.2020,12:00,47.0,(10.269734286241032+0j)
25117,13.12.2020,13:00,51.0,(10.5531792067093+0j)
25118,13.12.2020,14:00,39.0,(9.650462409337567+0j)
25119,13.12.2020,15:00,46.0,(10.19637653715948+0j)
25120,13.12.2020,16:00,49.0,(10.41338553855059+0j)
25121,13.12.2020,17:00,34.0,(9.219051195842558+0j)
25122,13.12.2020,18:00,3.0,(4.1042487314692515+0j)
25123,13.12.2020,19:00,11.0,(6.32884048187752+0j)
25124,13.12.2020,20:00,24.0,(8.208497462938503+0j)
25125,13.12.2020,21:00,21.0,(7.851145380281553+0j)
25126,13.12.2020,22:00,37.0,(9.482594128751929+0j)
25127,13.12.2020,23:00,34.0,(9.219051195842558+0j)
25128,14.12.2020,00:00,49.0,(10.41338553855059+0j)
25129,14.12.2020,01:00,48.0,(10.34205874156488+0j)
25130,14.12.2020,02:00,37.0,(9.482594128751929+0j)
25131,14.12.2020,03:00,38.0,(9.567264627885733+0j)
25132,14.12.2020,04:00,45.0,(10.121947777604984+0j)
25133,14.12.2020,05:00,37.0,(9.482594128751929+0j)
25134,14.12.2020,06:00,29.0,(8.74297534497106+0j)
25135,14.12.2020,07:00,20.0,(7.724491855603646+0j)
25136,14.12.2020,08:00,18.0,(7.457914888057963+0j)
25137,14.12.2020,09:00,9.0,(5.919350969396254+0j)
25138,14.12.2020,10:00,17.0,(7.317165783214581+0j)
25139,14.12.2020,11:00,13.0,(6.691256914211192+0j)
25140,14.12.2020,12:00,23.0,(8.092869420675413+0j)
25141,14.12.2020,13:00,25.0,(8.320956608290626+0j)
25142,14.12.2020,14:00,28.0,(8.641303622061608+0j)
25143,14.12.2020,15:00,37.0,(9.482594128751929+0j)
25144,14.12.2020,16:00,38.0,(9.567264627885733+0j)
25145,14.12.2020,17:00,51.0,(10.5531792067093+0j)
25146,14.12.2020,18:00,54.0,(10.756174542690822+0j)
25147,14.12.2020,19:00,44.0,(10.0464080386713+0j)
25148,14.12.2020,20:00,42.0,(9.891823330401618+0j)
25149,14.12.2020,21:00,44.0,(10.0464080386713+0j)
25150,14.12.2020,22:00,41.0,(9.812685353516676+0j)
25151,14.12.2020,23:00,34.0,(9.219051195842558+0j)
25152,15.12.2020,00:00,35.0,(9.308562145233848+0j)
25153,15.12.2020,01:00,42.0,(9.891823330401618+0j)
25154,15.12.2020,02:00,66.0,(11.500266368369322+0j)
25155,15.12.2020,03:00,62.0,(11.263079534051261+0j)
25156,15.12.2020,04:00,68.0,(11.615276661700541+0j)
25157,15.12.2020,05:00,62.0,(11.263079534051261+0j)
25158,15.12.2020,06:00,69.0,(11.671937444523078+0j)
25159,15.12.2020,07:00,66.0,(11.500266368369322+0j)
25160,15.12.2020,08:00,68.0,(11.615276661700541+0j)
25161,15.12.2020,09:00,66.0,(11.500266368369322+0j)
25162,15.12.2020,10:00,69.0,(11.671937444523078+0j)
25163,15.12.2020,11:00,65.0,(11.441888376335278+0j)
25164,15.12.2020,12:00,67.0,(11.55805762209552+0j)
25165,15.12.2020,13:00,62.0,(11.263079534051261+0j)
25166,15.12.2020,14:00,65.0,(11.441888376335278+0j)
25167,15.12.2020,15:00,69.0,(11.671937444523078+0j)
25168,15.12.2020,16:00,69.0,(11.671937444523078+0j)
25169,15.12.2020,17:00,67.0,(11.55805762209552+0j)
25170,15.12.2020,18:00,68.0,(11.615276661700541+0j)
25171,15.12.2020,19:00,65.0,(11.441888376335278+0j)
25172,15.12.2020,20:00,63.0,(11.323311051132062+0j)
25173,15.12.2020,21:00,67.0,(11.55805762209552+0j)
25174,15.12.2020,22:00,69.0,(11.671937444523078+0j)
25175,15.12.2020,23:00,52.0,(10.621708264608335+0j)
25176,16.12.2020,00:00,68.0,(11.615276661700541+0j)
25177,16.12.2020,01:00,68.0,(11.615276661700541+0j)
25178,16.12.2020,02:00,59.0,(11.078405520382008+0j)
25179,16.12.2020,03:00,67.0,(11.55805762209552+0j)
25180,16.12.2020,04:00,62.0,(11.263079534051261+0j)
25181,16.12.2020,05:00,62.0,(11.263079534051261+0j)
25182,16.12.2020,06:00,57.0,(10.9517840818175+0j)
25183,16.12.2020,07:00,58.0,(11.015458675840927+0j)
25184,16.12.2020,08:00,62.0,(11.263079534051261+0j)
25185,16.12.2020,09:00,60.0,(11.140645059587433+0j)
25186,16.12.2020,10:00,46.0,(10.19637653715948+0j)
25187,16.12.2020,11:00,55.0,(10.822164994364314+0j)
25188,16.12.2020,12:00,38.0,(9.567264627885733+0j)
25189,16.12.2020,13:00,41.0,(9.812685353516676+0j)
25190,16.12.2020,14:00,42.0,(9.891823330401618+0j)
25191,16.12.2020,15:00,57.0,(10.9517840818175+0j)
25192,16.12.2020,16:00,47.0,(10.269734286241032+0j)
25193,16.12.2020,17:00,46.0,(10.19637653715948+0j)
25194,16.12.2020,18:00,38.0,(9.567264627885733+0j)
25195,16.12.2020,19:00,37.0,(9.482594128751929+0j)
25196,16.12.2020,20:00,32.0,(9.034620481786352+0j)
25197,16.12.2020,21:00,26.0,(8.430455436469295+0j)
25198,16.12.2020,22:00,24.0,(8.208497462938503+0j)
25199,16.12.2020,23:00,21.0,(7.851145380281553+0j)
25200,17.12.2020,00:00,15.0,(7.018166609990766+0j)
25201,17.12.2020,01:00,16.0,(7.170783028460548+0j)
25202,17.12.2020,02:00,17.0,(7.317165783214581+0j)
25203,17.12.2020,03:00,9.0,(5.919350969396254+0j)
25204,17.12.2020,04:00,11.0,(6.32884048187752+0j)
25205,17.12.2020,05:00,11.0,(6.32884048187752+0j)
25206,17.12.2020,06:00,11.0,(6.32884048187752+0j)
25207,17.12.2020,07:00,8.0,(5.691454261406992+0j)
25208,17.12.2020,08:00,4.0,(4.517310240893176+0j)
25209,17.12.2020,09:00,5.0,(4.866124944308272+0j)
25210,17.12.2020,10:00,1.0,(2.845727130703496+0j)
25211,17.12.2020,11:00,0.0,0j
25212,17.12.2020,12:00,0.0,0j
25213,17.12.2020,13:00,0.0,0j
25214,17.12.2020,14:00,1.0,(2.845727130703496+0j)
25215,17.12.2020,15:00,0.0,0j
25216,17.12.2020,16:00,1.0,(2.845727130703496+0j)
25217,17.12.2020,17:00,5.0,(4.866124944308272+0j)
25218,17.12.2020,18:00,4.0,(4.517310240893176+0j)
25219,17.12.2020,19:00,8.0,(5.691454261406992+0j)
25220,17.12.2020,20:00,16.0,(7.170783028460548+0j)
25221,17.12.2020,21:00,12.0,(6.515088753873438+0j)
25222,17.12.2020,22:00,11.0,(6.32884048187752+0j)
25223,17.12.2020,23:00,11.0,(6.32884048187752+0j)
25224,18.12.2020,00:00,18.0,(7.457914888057963+0j)
25225,18.12.2020,01:00,23.0,(8.092869420675413+0j)
25226,18.12.2020,02:00,26.0,(8.430455436469295+0j)
25227,18.12.2020,03:00,26.0,(8.430455436469295+0j)
25228,18.12.2020,04:00,31.0,(8.939512150377235+0j)
25229,18.12.2020,05:00,27.0,(8.537181392110488+0j)
25230,18.12.2020,06:00,29.0,(8.74297534497106+0j)
25231,18.12.2020,07:00,30.0,(8.84233584359671+0j)
25232,18.12.2020,08:00,26.0,(8.430455436469295+0j)
25233,18.12.2020,09:00,30.0,(8.84233584359671+0j)
25234,18.12.2020,10:00,24.0,(8.208497462938503+0j)
25235,18.12.2020,11:00,24.0,(8.208497462938503+0j)
25236,18.12.2020,12:00,31.0,(8.939512150377235+0j)
25237,18.12.2020,13:00,39.0,(9.650462409337567+0j)
25238,18.12.2020,14:00,44.0,(10.0464080386713+0j)
25239,18.12.2020,15:00,52.0,(10.621708264608335+0j)
25240,18.12.2020,16:00,47.0,(10.269734286241032+0j)
25241,18.12.2020,17:00,40.0,(9.732249888616542+0j)
25242,18.12.2020,18:00,48.0,(10.34205874156488+0j)
25243,18.12.2020,19:00,43.0,(9.969714910096506+0j)
25244,18.12.2020,20:00,49.0,(10.41338553855059+0j)
25245,18.12.2020,21:00,33.0,(9.127767465531983+0j)
25246,18.12.2020,22:00,28.0,(8.641303622061608+0j)
25247,18.12.2020,23:00,42.0,(9.891823330401618+0j)
25248,19.12.2020,00:00,38.0,(9.567264627885733+0j)
25249,19.12.2020,01:00,38.0,(9.567264627885733+0j)
25250,19.12.2020,02:00,42.0,(9.891823330401618+0j)
25251,19.12.2020,03:00,42.0,(9.891823330401618+0j)
25252,19.12.2020,04:00,44.0,(10.0464080386713+0j)
25253,19.12.2020,05:00,44.0,(10.0464080386713+0j)
25254,19.12.2020,06:00,48.0,(10.34205874156488+0j)
25255,19.12.2020,07:00,46.0,(10.19637653715948+0j)
25256,19.12.2020,08:00,54.0,(10.756174542690822+0j)
25257,19.12.2020,09:00,50.0,(10.483748386047209+0j)
25258,19.12.2020,10:00,49.0,(10.41338553855059+0j)
25259,19.12.2020,11:00,38.0,(9.567264627885733+0j)
25260,19.12.2020,12:00,19.0,(7.593542967381978+0j)
25261,19.12.2020,13:00,10.0,(6.130933248752508+0j)
25262,19.12.2020,14:00,5.0,(4.866124944308272+0j)
25263,19.12.2020,15:00,7.0,(5.443680165984116+0j)
25264,19.12.2020,16:00,9.0,(5.919350969396254+0j)
25265,19.12.2020,17:00,5.0,(4.866124944308272+0j)
25266,19.12.2020,18:00,21.0,(7.851145380281553+0j)
25267,19.12.2020,19:00,24.0,(8.208497462938503+0j)
25268,19.12.2020,20:00,13.0,(6.691256914211192+0j)
25269,19.12.2020,21:00,10.0,(6.130933248752508+0j)
25270,19.12.2020,22:00,7.0,(5.443680165984116+0j)
25271,19.12.2020,23:00,24.0,(8.208497462938503+0j)
25272,20.12.2020,00:00,7.0,(5.443680165984116+0j)
25273,20.12.2020,01:00,7.0,(5.443680165984116+0j)
25274,20.12.2020,02:00,6.0,(5.171029370782441+0j)
25275,20.12.2020,03:00,5.0,(4.866124944308272+0j)
25276,20.12.2020,04:00,4.0,(4.517310240893176+0j)
25277,20.12.2020,05:00,6.0,(5.171029370782441+0j)
25278,20.12.2020,06:00,3.0,(4.1042487314692515+0j)
25279,20.12.2020,07:00,4.0,(4.517310240893176+0j)
25280,20.12.2020,08:00,5.0,(4.866124944308272+0j)
25281,20.12.2020,09:00,7.0,(5.443680165984116+0j)
25282,20.12.2020,10:00,4.0,(4.517310240893176+0j)
25283,20.12.2020,11:00,3.0,(4.1042487314692515+0j)
25284,20.12.2020,12:00,4.0,(4.517310240893176+0j)
25285,20.12.2020,13:00,3.0,(4.1042487314692515+0j)
25286,20.12.2020,14:00,7.0,(5.443680165984116+0j)
25287,20.12.2020,15:00,9.0,(5.919350969396254+0j)
25288,20.12.2020,16:00,4.0,(4.517310240893176+0j)
25289,20.12.2020,17:00,10.0,(6.130933248752508+0j)
25290,20.12.2020,18:00,19.0,(7.593542967381978+0j)
25291,20.12.2020,19:00,21.0,(7.851145380281553+0j)
25292,20.12.2020,20:00,22.0,(7.9738393445443+0j)
25293,20.12.2020,21:00,19.0,(7.593542967381978+0j)
25294,20.12.2020,22:00,13.0,(6.691256914211192+0j)
25295,20.12.2020,23:00,18.0,(7.457914888057963+0j)
25296,21.12.2020,00:00,28.0,(8.641303622061608+0j)
25297,21.12.2020,01:00,24.0,(8.208497462938503+0j)
25298,21.12.2020,02:00,28.0,(8.641303622061608+0j)
25299,21.12.2020,03:00,17.0,(7.317165783214581+0j)
25300,21.12.2020,04:00,23.0,(8.092869420675413+0j)
25301,21.12.2020,05:00,16.0,(7.170783028460548+0j)
25302,21.12.2020,06:00,14.0,(6.858607230018604+0j)
25303,21.12.2020,07:00,30.0,(8.84233584359671+0j)
25304,21.12.2020,08:00,26.0,(8.430455436469295+0j)
25305,21.12.2020,09:00,15.0,(7.018166609990766+0j)
25306,21.12.2020,10:00,22.0,(7.9738393445443+0j)
25307,21.12.2020,11:00,30.0,(8.84233584359671+0j)
25308,21.12.2020,12:00,30.0,(8.84233584359671+0j)
25309,21.12.2020,13:00,27.0,(8.537181392110488+0j)
25310,21.12.2020,14:00,26.0,(8.430455436469295+0j)
25311,21.12.2020,15:00,28.0,(8.641303622061608+0j)
25312,21.12.2020,16:00,29.0,(8.74297534497106+0j)
25313,21.12.2020,17:00,36.0,(9.396383955788593+0j)
25314,21.12.2020,18:00,37.0,(9.482594128751929+0j)
25315,21.12.2020,19:00,38.0,(9.567264627885733+0j)
25316,21.12.2020,20:00,30.0,(8.84233584359671+0j)
25317,21.12.2020,21:00,37.0,(9.482594128751929+0j)
25318,21.12.2020,22:00,41.0,(9.812685353516676+0j)
25319,21.12.2020,23:00,26.0,(8.430455436469295+0j)
25320,22.12.2020,00:00,40.0,(9.732249888616542+0j)
25321,22.12.2020,01:00,42.0,(9.891823330401618+0j)
25322,22.12.2020,02:00,44.0,(10.0464080386713+0j)
25323,22.12.2020,03:00,58.0,(11.015458675840927+0j)
25324,22.12.2020,04:00,51.0,(10.5531792067093+0j)
25325,22.12.2020,05:00,50.0,(10.483748386047209+0j)
25326,22.12.2020,06:00,36.0,(9.396383955788593+0j)
25327,22.12.2020,07:00,39.0,(9.650462409337567+0j)
25328,22.12.2020,08:00,41.0,(9.812685353516676+0j)
25329,22.12.2020,09:00,45.0,(10.121947777604984+0j)
25330,22.12.2020,10:00,39.0,(9.650462409337567+0j)
25331,22.12.2020,11:00,43.0,(9.969714910096506+0j)
25332,22.12.2020,12:00,35.0,(9.308562145233848+0j)
25333,22.12.2020,13:00,43.0,(9.969714910096506+0j)
25334,22.12.2020,14:00,35.0,(9.308562145233848+0j)
25335,22.12.2020,15:00,38.0,(9.567264627885733+0j)
25336,22.12.2020,16:00,42.0,(9.891823330401618+0j)
25337,22.12.2020,17:00,35.0,(9.308562145233848+0j)
25338,22.12.2020,18:00,40.0,(9.732249888616542+0j)
25339,22.12.2020,19:00,29.0,(8.74297534497106+0j)
25340,22.12.2020,20:00,26.0,(8.430455436469295+0j)
25341,22.12.2020,21:00,26.0,(8.430455436469295+0j)
25342,22.12.2020,22:00,20.0,(7.724491855603646+0j)
25343,22.12.2020,23:00,31.0,(8.939512150377235+0j)
25344,23.12.2020,00:00,13.0,(6.691256914211192+0j)
25345,23.12.2020,01:00,42.0,(9.891823330401618+0j)
25346,23.12.2020,02:00,32.0,(9.034620481786352+0j)
25347,23.12.2020,03:00,30.0,(8.84233584359671+0j)
25348,23.12.2020,04:00,28.0,(8.641303622061608+0j)
25349,23.12.2020,05:00,25.0,(8.320956608290626+0j)
25350,23.12.2020,06:00,22.0,(7.9738393445443+0j)
25351,23.12.2020,07:00,23.0,(8.092869420675413+0j)
25352,23.12.2020,08:00,19.0,(7.593542967381978+0j)
25353,23.12.2020,09:00,12.0,(6.515088753873438+0j)
25354,23.12.2020,10:00,14.0,(6.858607230018604+0j)
25355,23.12.2020,11:00,9.0,(5.919350969396254+0j)
25356,23.12.2020,12:00,3.0,(4.1042487314692515+0j)
25357,23.12.2020,13:00,2.0,(3.585391514230274+0j)
25358,23.12.2020,14:00,0.0,0j
25359,23.12.2020,15:00,0.0,0j
25360,23.12.2020,16:00,0.0,0j
25361,23.12.2020,17:00,0.0,0j
25362,23.12.2020,18:00,0.0,0j
25363,23.12.2020,19:00,0.0,0j
25364,23.12.2020,20:00,0.0,0j
25365,23.12.2020,21:00,2.0,(3.585391514230274+0j)
25366,23.12.2020,22:00,3.0,(4.1042487314692515+0j)
25367,23.12.2020,23:00,0.0,0j
25368,24.12.2020,00:00,0.0,0j
25369,24.12.2020,01:00,0.0,0j
25370,24.12.2020,02:00,0.0,0j
25371,24.12.2020,03:00,0.0,0j
25372,24.12.2020,04:00,0.0,0j
25373,24.12.2020,05:00,0.0,0j
25374,24.12.2020,06:00,0.0,0j
25375,24.12.2020,07:00,0.0,0j
25376,24.12.2020,08:00,1.0,(2.845727130703496+0j)
25377,24.12.2020,09:00,0.0,0j
25378,24.12.2020,10:00,1.0,(2.845727130703496+0j)
25379,24.12.2020,11:00,2.0,(3.585391514230274+0j)
25380,24.12.2020,12:00,0.0,0j
25381,24.12.2020,13:00,0.0,0j
25382,24.12.2020,14:00,1.0,(2.845727130703496+0j)
25383,24.12.2020,15:00,0.0,0j
25384,24.12.2020,16:00,0.0,0j
25385,24.12.2020,17:00,2.0,(3.585391514230274+0j)
25386,24.12.2020,18:00,9.0,(5.919350969396254+0j)
25387,24.12.2020,19:00,16.0,(7.170783028460548+0j)
25388,24.12.2020,20:00,20.0,(7.724491855603646+0j)
25389,24.12.2020,21:00,23.0,(8.092869420675413+0j)
25390,24.12.2020,22:00,19.0,(7.593542967381978+0j)
25391,24.12.2020,23:00,19.0,(7.593542967381978+0j)
25392,25.12.2020,00:00,13.0,(6.691256914211192+0j)
25393,25.12.2020,01:00,20.0,(7.724491855603646+0j)
25394,25.12.2020,02:00,28.0,(8.641303622061608+0j)
25395,25.12.2020,03:00,34.0,(9.219051195842558+0j)
25396,25.12.2020,04:00,35.0,(9.308562145233848+0j)
25397,25.12.2020,05:00,36.0,(9.396383955788593+0j)
25398,25.12.2020,06:00,37.0,(9.482594128751929+0j)
25399,25.12.2020,07:00,45.0,(10.121947777604984+0j)
25400,25.12.2020,08:00,41.0,(9.812685353516676+0j)
25401,25.12.2020,09:00,44.0,(10.0464080386713+0j)
25402,25.12.2020,10:00,55.0,(10.822164994364314+0j)
25403,25.12.2020,11:00,59.0,(11.078405520382008+0j)
25404,25.12.2020,12:00,45.0,(10.121947777604984+0j)
25405,25.12.2020,13:00,57.0,(10.9517840818175+0j)
25406,25.12.2020,14:00,54.0,(10.756174542690822+0j)
25407,25.12.2020,15:00,48.0,(10.34205874156488+0j)
25408,25.12.2020,16:00,51.0,(10.5531792067093+0j)
25409,25.12.2020,17:00,56.0,(10.887360331968232+0j)
25410,25.12.2020,18:00,55.0,(10.822164994364314+0j)
25411,25.12.2020,19:00,59.0,(11.078405520382008+0j)
25412,25.12.2020,20:00,53.0,(10.689364281461948+0j)
25413,25.12.2020,21:00,54.0,(10.756174542690822+0j)
25414,25.12.2020,22:00,53.0,(10.689364281461948+0j)
25415,25.12.2020,23:00,64.0,(11.382908522813985+0j)
25416,26.12.2020,00:00,49.0,(10.41338553855059+0j)
25417,26.12.2020,01:00,60.0,(11.140645059587433+0j)
25418,26.12.2020,02:00,58.0,(11.015458675840927+0j)
25419,26.12.2020,03:00,60.0,(11.140645059587433+0j)
25420,26.12.2020,04:00,63.0,(11.323311051132062+0j)
25421,26.12.2020,05:00,64.0,(11.382908522813985+0j)
25422,26.12.2020,06:00,52.0,(10.621708264608335+0j)
25423,26.12.2020,07:00,48.0,(10.34205874156488+0j)
25424,26.12.2020,08:00,46.0,(10.19637653715948+0j)
25425,26.12.2020,09:00,58.0,(11.015458675840927+0j)
25426,26.12.2020,10:00,58.0,(11.015458675840927+0j)
25427,26.12.2020,11:00,55.0,(10.822164994364314+0j)
25428,26.12.2020,12:00,59.0,(11.078405520382008+0j)
25429,26.12.2020,13:00,61.0,(11.202196833891742+0j)
25430,26.12.2020,14:00,60.0,(11.140645059587433+0j)
25431,26.12.2020,15:00,53.0,(10.689364281461948+0j)
25432,26.12.2020,16:00,47.0,(10.269734286241032+0j)
25433,26.12.2020,17:00,45.0,(10.121947777604984+0j)
25434,26.12.2020,18:00,57.0,(10.9517840818175+0j)
25435,26.12.2020,19:00,29.0,(8.74297534497106+0j)
25436,26.12.2020,20:00,45.0,(10.121947777604984+0j)
25437,26.12.2020,21:00,44.0,(10.0464080386713+0j)
25438,26.12.2020,22:00,36.0,(9.396383955788593+0j)
25439,26.12.2020,23:00,31.0,(8.939512150377235+0j)
25440,27.12.2020,00:00,43.0,(9.969714910096506+0j)
25441,27.12.2020,01:00,58.0,(11.015458675840927+0j)
25442,27.12.2020,02:00,47.0,(10.269734286241032+0j)
25443,27.12.2020,03:00,49.0,(10.41338553855059+0j)
25444,27.12.2020,04:00,42.0,(9.891823330401618+0j)
25445,27.12.2020,05:00,57.0,(10.9517840818175+0j)
25446,27.12.2020,06:00,23.0,(8.092869420675413+0j)
25447,27.12.2020,07:00,44.0,(10.0464080386713+0j)
25448,27.12.2020,08:00,52.0,(10.621708264608335+0j)
25449,27.12.2020,09:00,43.0,(9.969714910096506+0j)
25450,27.12.2020,10:00,36.0,(9.396383955788593+0j)
25451,27.12.2020,11:00,28.0,(8.641303622061608+0j)
25452,27.12.2020,12:00,19.0,(7.593542967381978+0j)
25453,27.12.2020,13:00,21.0,(7.851145380281553+0j)
25454,27.12.2020,14:00,34.0,(9.219051195842558+0j)
25455,27.12.2020,15:00,25.0,(8.320956608290626+0j)
25456,27.12.2020,16:00,48.0,(10.34205874156488+0j)
25457,27.12.2020,17:00,50.0,(10.483748386047209+0j)
25458,27.12.2020,18:00,50.0,(10.483748386047209+0j)
25459,27.12.2020,19:00,46.0,(10.19637653715948+0j)
25460,27.12.2020,20:00,49.0,(10.41338553855059+0j)
25461,27.12.2020,21:00,53.0,(10.689364281461948+0j)
25462,27.12.2020,22:00,66.0,(11.500266368369322+0j)
25463,27.12.2020,23:00,65.0,(11.441888376335278+0j)
25464,28.12.2020,00:00,50.0,(10.483748386047209+0j)
25465,28.12.2020,01:00,47.0,(10.269734286241032+0j)
25466,28.12.2020,02:00,64.0,(11.382908522813985+0j)
25467,28.12.2020,03:00,55.0,(10.822164994364314+0j)
25468,28.12.2020,04:00,57.0,(10.9517840818175+0j)
25469,28.12.2020,05:00,46.0,(10.19637653715948+0j)
25470,28.12.2020,06:00,45.0,(10.121947777604984+0j)
25471,28.12.2020,07:00,41.0,(9.812685353516676+0j)
25472,28.12.2020,08:00,48.0,(10.34205874156488+0j)
25473,28.12.2020,09:00,34.0,(9.219051195842558+0j)
25474,28.12.2020,10:00,26.0,(8.430455436469295+0j)
25475,28.12.2020,11:00,40.0,(9.732249888616542+0j)
25476,28.12.2020,12:00,40.0,(9.732249888616542+0j)
25477,28.12.2020,13:00,23.0,(8.092869420675413+0j)
25478,28.12.2020,14:00,10.0,(6.130933248752508+0j)
25479,28.12.2020,15:00,10.0,(6.130933248752508+0j)
25480,28.12.2020,16:00,11.0,(6.32884048187752+0j)
25481,28.12.2020,17:00,33.0,(9.127767465531983+0j)
25482,28.12.2020,18:00,36.0,(9.396383955788593+0j)
25483,28.12.2020,19:00,37.0,(9.482594128751929+0j)
25484,28.12.2020,20:00,35.0,(9.308562145233848+0j)
25485,28.12.2020,21:00,41.0,(9.812685353516676+0j)
25486,28.12.2020,22:00,42.0,(9.891823330401618+0j)
25487,28.12.2020,23:00,45.0,(10.121947777604984+0j)
25488,29.12.2020,00:00,46.0,(10.19637653715948+0j)
25489,29.12.2020,01:00,51.0,(10.5531792067093+0j)
25490,29.12.2020,02:00,45.0,(10.121947777604984+0j)
25491,29.12.2020,03:00,47.0,(10.269734286241032+0j)
25492,29.12.2020,04:00,45.0,(10.121947777604984+0j)
25493,29.12.2020,05:00,54.0,(10.756174542690822+0j)
25494,29.12.2020,06:00,57.0,(10.9517840818175+0j)
25495,29.12.2020,07:00,63.0,(11.323311051132062+0j)
25496,29.12.2020,08:00,63.0,(11.323311051132062+0j)
25497,29.12.2020,09:00,47.0,(10.269734286241032+0j)
25498,29.12.2020,10:00,54.0,(10.756174542690822+0j)
25499,29.12.2020,11:00,63.0,(11.323311051132062+0j)
25500,29.12.2020,12:00,63.0,(11.323311051132062+0j)
25501,29.12.2020,13:00,57.0,(10.9517840818175+0j)
25502,29.12.2020,14:00,40.0,(9.732249888616542+0j)
25503,29.12.2020,15:00,44.0,(10.0464080386713+0j)
25504,29.12.2020,16:00,36.0,(9.396383955788593+0j)
25505,29.12.2020,17:00,40.0,(9.732249888616542+0j)
25506,29.12.2020,18:00,43.0,(9.969714910096506+0j)
25507,29.12.2020,19:00,59.0,(11.078405520382008+0j)
25508,29.12.2020,20:00,58.0,(11.015458675840927+0j)
25509,29.12.2020,21:00,60.0,(11.140645059587433+0j)
25510,29.12.2020,22:00,62.0,(11.263079534051261+0j)
25511,29.12.2020,23:00,51.0,(10.5531792067093+0j)
25512,30.12.2020,00:00,51.0,(10.5531792067093+0j)
25513,30.12.2020,01:00,44.0,(10.0464080386713+0j)
25514,30.12.2020,02:00,47.0,(10.269734286241032+0j)
25515,30.12.2020,03:00,57.0,(10.9517840818175+0j)
25516,30.12.2020,04:00,45.0,(10.121947777604984+0j)
25517,30.12.2020,05:00,44.0,(10.0464080386713+0j)
25518,30.12.2020,06:00,41.0,(9.812685353516676+0j)
25519,30.12.2020,07:00,33.0,(9.127767465531983+0j)
25520,30.12.2020,08:00,31.0,(8.939512150377235+0j)
25521,30.12.2020,09:00,37.0,(9.482594128751929+0j)
25522,30.12.2020,10:00,33.0,(9.127767465531983+0j)
25523,30.12.2020,11:00,46.0,(10.19637653715948+0j)
25524,30.12.2020,12:00,52.0,(10.621708264608335+0j)
25525,30.12.2020,13:00,31.0,(8.939512150377235+0j)
25526,30.12.2020,14:00,34.0,(9.219051195842558+0j)
25527,30.12.2020,15:00,22.0,(7.9738393445443+0j)
25528,30.12.2020,16:00,18.0,(7.457914888057963+0j)
25529,30.12.2020,17:00,20.0,(7.724491855603646+0j)
25530,30.12.2020,18:00,28.0,(8.641303622061608+0j)
25531,30.12.2020,19:00,31.0,(8.939512150377235+0j)
25532,30.12.2020,20:00,30.0,(8.84233584359671+0j)
25533,30.12.2020,21:00,31.0,(8.939512150377235+0j)
25534,30.12.2020,22:00,43.0,(9.969714910096506+0j)
25535,30.12.2020,23:00,37.0,(9.482594128751929+0j)
25536,31.12.2020,00:00,34.0,(9.219051195842558+0j)
25537,31.12.2020,01:00,32.0,(9.034620481786352+0j)
25538,31.12.2020,02:00,22.0,(7.9738393445443+0j)
25539,31.12.2020,03:00,23.0,(8.092869420675413+0j)
25540,31.12.2020,04:00,17.0,(7.317165783214581+0j)
25541,31.12.2020,05:00,41.0,(9.812685353516676+0j)
25542,31.12.2020,06:00,54.0,(10.756174542690822+0j)
25543,31.12.2020,07:00,50.0,(10.483748386047209+0j)
25544,31.12.2020,08:00,47.0,(10.269734286241032+0j)
25545,31.12.2020,09:00,44.0,(10.0464080386713+0j)
25546,31.12.2020,10:00,36.0,(9.396383955788593+0j)
25547,31.12.2020,11:00,43.0,(9.969714910096506+0j)
25548,31.12.2020,12:00,54.0,(10.756174542690822+0j)
25549,31.12.2020,13:00,53.0,(10.689364281461948+0j)
25550,31.12.2020,14:00,32.0,(9.034620481786352+0j)
25551,31.12.2020,15:00,34.0,(9.219051195842558+0j)
25552,31.12.2020,16:00,34.0,(9.219051195842558+0j)
25553,31.12.2020,17:00,38.0,(9.567264627885733+0j)
25554,31.12.2020,18:00,24.0,(8.208497462938503+0j)
25555,31.12.2020,19:00,36.0,(9.396383955788593+0j)
25556,31.12.2020,20:00,35.0,(9.308562145233848+0j)
25557,31.12.2020,21:00,53.0,(10.689364281461948+0j)
25558,31.12.2020,22:00,40.0,(9.732249888616542+0j)
25559,31.12.2020,23:00,46.0,(10.19637653715948+0j)
25560,01.01.2021,00:00,39.0,(9.650462409337567+0j)
25561,01.01.2021,01:00,49.0,(10.41338553855059+0j)
25562,01.01.2021,02:00,51.0,(10.5531792067093+0j)
25563,01.01.2021,03:00,55.0,(10.822164994364314+0j)
25564,01.01.2021,04:00,51.0,(10.5531792067093+0j)
25565,01.01.2021,05:00,37.0,(9.482594128751929+0j)
25566,01.01.2021,06:00,60.0,(11.140645059587433+0j)
25567,01.01.2021,07:00,30.0,(8.84233584359671+0j)
25568,01.01.2021,08:00,37.0,(9.482594128751929+0j)
25569,01.01.2021,09:00,58.0,(11.015458675840927+0j)
25570,01.01.2021,10:00,35.0,(9.308562145233848+0j)
25571,01.01.2021,11:00,30.0,(8.84233584359671+0j)
25572,01.01.2021,12:00,11.0,(6.32884048187752+0j)
25573,01.01.2021,13:00,5.0,(4.866124944308272+0j)
25574,01.01.2021,14:00,2.0,(3.585391514230274+0j)
25575,01.01.2021,15:00,0.0,0j
25576,01.01.2021,16:00,3.0,(4.1042487314692515+0j)
25577,01.01.2021,17:00,1.0,(2.845727130703496+0j)
25578,01.01.2021,18:00,4.0,(4.517310240893176+0j)
25579,01.01.2021,19:00,9.0,(5.919350969396254+0j)
25580,01.01.2021,20:00,6.0,(5.171029370782441+0j)
25581,01.01.2021,21:00,5.0,(4.866124944308272+0j)
25582,01.01.2021,22:00,9.0,(5.919350969396254+0j)
25583,01.01.2021,23:00,7.0,(5.443680165984116+0j)
25584,02.01.2021,00:00,4.0,(4.517310240893176+0j)
25585,02.01.2021,01:00,6.0,(5.171029370782441+0j)
25586,02.01.2021,02:00,4.0,(4.517310240893176+0j)
25587,02.01.2021,03:00,23.0,(8.092869420675413+0j)
25588,02.01.2021,04:00,10.0,(6.130933248752508+0j)
25589,02.01.2021,05:00,4.0,(4.517310240893176+0j)
25590,02.01.2021,06:00,13.0,(6.691256914211192+0j)
25591,02.01.2021,07:00,5.0,(4.866124944308272+0j)
25592,02.01.2021,08:00,4.0,(4.517310240893176+0j)
25593,02.01.2021,09:00,10.0,(6.130933248752508+0j)
25594,02.01.2021,10:00,5.0,(4.866124944308272+0j)
25595,02.01.2021,11:00,9.0,(5.919350969396254+0j)
25596,02.01.2021,12:00,5.0,(4.866124944308272+0j)
25597,02.01.2021,13:00,1.0,(2.845727130703496+0j)
25598,02.01.2021,14:00,0.0,0j
25599,02.01.2021,15:00,0.0,0j
25600,02.01.2021,16:00,0.0,0j
25601,02.01.2021,17:00,0.0,0j
25602,02.01.2021,18:00,1.0,(2.845727130703496+0j)
25603,02.01.2021,19:00,7.0,(5.443680165984116+0j)
25604,02.01.2021,20:00,10.0,(6.130933248752508+0j)
25605,02.01.2021,21:00,12.0,(6.515088753873438+0j)
25606,02.01.2021,22:00,14.0,(6.858607230018604+0j)
25607,02.01.2021,23:00,14.0,(6.858607230018604+0j)
25608,03.01.2021,00:00,12.0,(6.515088753873438+0j)
25609,03.01.2021,01:00,14.0,(6.858607230018604+0j)
25610,03.01.2021,02:00,14.0,(6.858607230018604+0j)
25611,03.01.2021,03:00,5.0,(4.866124944308272+0j)
25612,03.01.2021,04:00,4.0,(4.517310240893176+0j)
25613,03.01.2021,05:00,5.0,(4.866124944308272+0j)
25614,03.01.2021,06:00,6.0,(5.171029370782441+0j)
25615,03.01.2021,07:00,8.0,(5.691454261406992+0j)
25616,03.01.2021,08:00,12.0,(6.515088753873438+0j)
25617,03.01.2021,09:00,31.0,(8.939512150377235+0j)
25618,03.01.2021,10:00,23.0,(8.092869420675413+0j)
25619,03.01.2021,11:00,13.0,(6.691256914211192+0j)
25620,03.01.2021,12:00,24.0,(8.208497462938503+0j)
25621,03.01.2021,13:00,18.0,(7.457914888057963+0j)
25622,03.01.2021,14:00,18.0,(7.457914888057963+0j)
25623,03.01.2021,15:00,9.0,(5.919350969396254+0j)
25624,03.01.2021,16:00,3.0,(4.1042487314692515+0j)
25625,03.01.2021,17:00,3.0,(4.1042487314692515+0j)
25626,03.01.2021,18:00,2.0,(3.585391514230274+0j)
25627,03.01.2021,19:00,1.0,(2.845727130703496+0j)
25628,03.01.2021,20:00,3.0,(4.1042487314692515+0j)
25629,03.01.2021,21:00,2.0,(3.585391514230274+0j)
25630,03.01.2021,22:00,3.0,(4.1042487314692515+0j)
25631,03.01.2021,23:00,0.0,0j
25632,04.01.2021,00:00,1.0,(2.845727130703496+0j)
25633,04.01.2021,01:00,2.0,(3.585391514230274+0j)
25634,04.01.2021,02:00,3.0,(4.1042487314692515+0j)
25635,04.01.2021,03:00,3.0,(4.1042487314692515+0j)
25636,04.01.2021,04:00,8.0,(5.691454261406992+0j)
25637,04.01.2021,05:00,24.0,(8.208497462938503+0j)
25638,04.01.2021,06:00,23.0,(8.092869420675413+0j)
25639,04.01.2021,07:00,35.0,(9.308562145233848+0j)
25640,04.01.2021,08:00,29.0,(8.74297534497106+0j)
25641,04.01.2021,09:00,23.0,(8.092869420675413+0j)
25642,04.01.2021,10:00,20.0,(7.724491855603646+0j)
25643,04.01.2021,11:00,19.0,(7.593542967381978+0j)
25644,04.01.2021,12:00,23.0,(8.092869420675413+0j)
25645,04.01.2021,13:00,26.0,(8.430455436469295+0j)
25646,04.01.2021,14:00,26.0,(8.430455436469295+0j)
25647,04.01.2021,15:00,39.0,(9.650462409337567+0j)
25648,04.01.2021,16:00,45.0,(10.121947777604984+0j)
25649,04.01.2021,17:00,23.0,(8.092869420675413+0j)
25650,04.01.2021,18:00,32.0,(9.034620481786352+0j)
25651,04.01.2021,19:00,39.0,(9.650462409337567+0j)
25652,04.01.2021,20:00,34.0,(9.219051195842558+0j)
25653,04.01.2021,21:00,63.0,(11.323311051132062+0j)
25654,04.01.2021,22:00,63.0,(11.323311051132062+0j)
25655,04.01.2021,23:00,66.0,(11.500266368369322+0j)
25656,05.01.2021,00:00,60.0,(11.140645059587433+0j)
25657,05.01.2021,01:00,54.0,(10.756174542690822+0j)
25658,05.01.2021,02:00,39.0,(9.650462409337567+0j)
25659,05.01.2021,03:00,42.0,(9.891823330401618+0j)
25660,05.01.2021,04:00,37.0,(9.482594128751929+0j)
25661,05.01.2021,05:00,32.0,(9.034620481786352+0j)
25662,05.01.2021,06:00,22.0,(7.9738393445443+0j)
25663,05.01.2021,07:00,16.0,(7.170783028460548+0j)
25664,05.01.2021,08:00,18.0,(7.457914888057963+0j)
25665,05.01.2021,09:00,16.0,(7.170783028460548+0j)
25666,05.01.2021,10:00,20.0,(7.724491855603646+0j)
25667,05.01.2021,11:00,24.0,(8.208497462938503+0j)
25668,05.01.2021,12:00,14.0,(6.858607230018604+0j)
25669,05.01.2021,13:00,20.0,(7.724491855603646+0j)
25670,05.01.2021,14:00,24.0,(8.208497462938503+0j)
25671,05.01.2021,15:00,13.0,(6.691256914211192+0j)
25672,05.01.2021,16:00,13.0,(6.691256914211192+0j)
25673,05.01.2021,17:00,11.0,(6.32884048187752+0j)
25674,05.01.2021,18:00,11.0,(6.32884048187752+0j)
25675,05.01.2021,19:00,10.0,(6.130933248752508+0j)
25676,05.01.2021,20:00,11.0,(6.32884048187752+0j)
25677,05.01.2021,21:00,9.0,(5.919350969396254+0j)
25678,05.01.2021,22:00,5.0,(4.866124944308272+0j)
25679,05.01.2021,23:00,9.0,(5.919350969396254+0j)
25680,06.01.2021,00:00,6.0,(5.171029370782441+0j)
25681,06.01.2021,01:00,9.0,(5.919350969396254+0j)
25682,06.01.2021,02:00,12.0,(6.515088753873438+0j)
25683,06.01.2021,03:00,11.0,(6.32884048187752+0j)
25684,06.01.2021,04:00,12.0,(6.515088753873438+0j)
25685,06.01.2021,05:00,14.0,(6.858607230018604+0j)
25686,06.01.2021,06:00,16.0,(7.170783028460548+0j)
25687,06.01.2021,07:00,11.0,(6.32884048187752+0j)
25688,06.01.2021,08:00,12.0,(6.515088753873438+0j)
25689,06.01.2021,09:00,8.0,(5.691454261406992+0j)
25690,06.01.2021,10:00,14.0,(6.858607230018604+0j)
25691,06.01.2021,11:00,11.0,(6.32884048187752+0j)
25692,06.01.2021,12:00,9.0,(5.919350969396254+0j)
25693,06.01.2021,13:00,6.0,(5.171029370782441+0j)
25694,06.01.2021,14:00,9.0,(5.919350969396254+0j)
25695,06.01.2021,15:00,10.0,(6.130933248752508+0j)
25696,06.01.2021,16:00,8.0,(5.691454261406992+0j)
25697,06.01.2021,17:00,15.0,(7.018166609990766+0j)
25698,06.01.2021,18:00,12.0,(6.515088753873438+0j)
25699,06.01.2021,19:00,25.0,(8.320956608290626+0j)
25700,06.01.2021,20:00,28.0,(8.641303622061608+0j)
25701,06.01.2021,21:00,27.0,(8.537181392110488+0j)
25702,06.01.2021,22:00,20.0,(7.724491855603646+0j)
25703,06.01.2021,23:00,22.0,(7.9738393445443+0j)
25704,07.01.2021,00:00,29.0,(8.74297534497106+0j)
25705,07.01.2021,01:00,36.0,(9.396383955788593+0j)
25706,07.01.2021,02:00,38.0,(9.567264627885733+0j)
25707,07.01.2021,03:00,52.0,(10.621708264608335+0j)
25708,07.01.2021,04:00,41.0,(9.812685353516676+0j)
25709,07.01.2021,05:00,39.0,(9.650462409337567+0j)
25710,07.01.2021,06:00,54.0,(10.756174542690822+0j)
25711,07.01.2021,07:00,34.0,(9.219051195842558+0j)
25712,07.01.2021,08:00,21.0,(7.851145380281553+0j)
25713,07.01.2021,09:00,39.0,(9.650462409337567+0j)
25714,07.01.2021,10:00,38.0,(9.567264627885733+0j)
25715,07.01.2021,11:00,25.0,(8.320956608290626+0j)
25716,07.01.2021,12:00,26.0,(8.430455436469295+0j)
25717,07.01.2021,13:00,20.0,(7.724491855603646+0j)
25718,07.01.2021,14:00,16.0,(7.170783028460548+0j)
25719,07.01.2021,15:00,16.0,(7.170783028460548+0j)
25720,07.01.2021,16:00,8.0,(5.691454261406992+0j)
25721,07.01.2021,17:00,29.0,(8.74297534497106+0j)
25722,07.01.2021,18:00,11.0,(6.32884048187752+0j)
25723,07.01.2021,19:00,33.0,(9.127767465531983+0j)
25724,07.01.2021,20:00,40.0,(9.732249888616542+0j)
25725,07.01.2021,21:00,23.0,(8.092869420675413+0j)
25726,07.01.2021,22:00,39.0,(9.650462409337567+0j)
25727,07.01.2021,23:00,25.0,(8.320956608290626+0j)
25728,08.01.2021,00:00,21.0,(7.851145380281553+0j)
25729,08.01.2021,01:00,35.0,(9.308562145233848+0j)
25730,08.01.2021,02:00,37.0,(9.482594128751929+0j)
25731,08.01.2021,03:00,38.0,(9.567264627885733+0j)
25732,08.01.2021,04:00,52.0,(10.621708264608335+0j)
25733,08.01.2021,05:00,53.0,(10.689364281461948+0j)
25734,08.01.2021,06:00,40.0,(9.732249888616542+0j)
25735,08.01.2021,07:00,34.0,(9.219051195842558+0j)
25736,08.01.2021,08:00,53.0,(10.689364281461948+0j)
25737,08.01.2021,09:00,54.0,(10.756174542690822+0j)
25738,08.01.2021,10:00,59.0,(11.078405520382008+0j)
25739,08.01.2021,11:00,56.0,(10.887360331968232+0j)
25740,08.01.2021,12:00,33.0,(9.127767465531983+0j)
25741,08.01.2021,13:00,25.0,(8.320956608290626+0j)
25742,08.01.2021,14:00,23.0,(8.092869420675413+0j)
25743,08.01.2021,15:00,42.0,(9.891823330401618+0j)
25744,08.01.2021,16:00,25.0,(8.320956608290626+0j)
25745,08.01.2021,17:00,48.0,(10.34205874156488+0j)
25746,08.01.2021,18:00,55.0,(10.822164994364314+0j)
25747,08.01.2021,19:00,50.0,(10.483748386047209+0j)
25748,08.01.2021,20:00,52.0,(10.621708264608335+0j)
25749,08.01.2021,21:00,54.0,(10.756174542690822+0j)
25750,08.01.2021,22:00,42.0,(9.891823330401618+0j)
25751,08.01.2021,23:00,41.0,(9.812685353516676+0j)
25752,09.01.2021,00:00,64.0,(11.382908522813985+0j)
25753,09.01.2021,01:00,58.0,(11.015458675840927+0j)
25754,09.01.2021,02:00,61.0,(11.202196833891742+0j)
25755,09.01.2021,03:00,64.0,(11.382908522813985+0j)
25756,09.01.2021,04:00,47.0,(10.269734286241032+0j)
25757,09.01.2021,05:00,52.0,(10.621708264608335+0j)
25758,09.01.2021,06:00,51.0,(10.5531792067093+0j)
25759,09.01.2021,07:00,59.0,(11.078405520382008+0j)
25760,09.01.2021,08:00,60.0,(11.140645059587433+0j)
25761,09.01.2021,09:00,63.0,(11.323311051132062+0j)
25762,09.01.2021,10:00,61.0,(11.202196833891742+0j)
25763,09.01.2021,11:00,61.0,(11.202196833891742+0j)
25764,09.01.2021,12:00,50.0,(10.483748386047209+0j)
25765,09.01.2021,13:00,52.0,(10.621708264608335+0j)
25766,09.01.2021,14:00,51.0,(10.5531792067093+0j)
25767,09.01.2021,15:00,48.0,(10.34205874156488+0j)
25768,09.01.2021,16:00,54.0,(10.756174542690822+0j)
25769,09.01.2021,17:00,49.0,(10.41338553855059+0j)
25770,09.01.2021,18:00,46.0,(10.19637653715948+0j)
25771,09.01.2021,19:00,54.0,(10.756174542690822+0j)
25772,09.01.2021,20:00,54.0,(10.756174542690822+0j)
25773,09.01.2021,21:00,49.0,(10.41338553855059+0j)
25774,09.01.2021,22:00,47.0,(10.269734286241032+0j)
25775,09.01.2021,23:00,50.0,(10.483748386047209+0j)
25776,10.01.2021,00:00,46.0,(10.19637653715948+0j)
25777,10.01.2021,01:00,53.0,(10.689364281461948+0j)
25778,10.01.2021,02:00,53.0,(10.689364281461948+0j)
25779,10.01.2021,03:00,44.0,(10.0464080386713+0j)
25780,10.01.2021,04:00,25.0,(8.320956608290626+0j)
25781,10.01.2021,05:00,24.0,(8.208497462938503+0j)
25782,10.01.2021,06:00,31.0,(8.939512150377235+0j)
25783,10.01.2021,07:00,26.0,(8.430455436469295+0j)
25784,10.01.2021,08:00,39.0,(9.650462409337567+0j)
25785,10.01.2021,09:00,40.0,(9.732249888616542+0j)
25786,10.01.2021,10:00,37.0,(9.482594128751929+0j)
25787,10.01.2021,11:00,33.0,(9.127767465531983+0j)
25788,10.01.2021,12:00,4.0,(4.517310240893176+0j)
25789,10.01.2021,13:00,14.0,(6.858607230018604+0j)
25790,10.01.2021,14:00,13.0,(6.691256914211192+0j)
25791,10.01.2021,15:00,29.0,(8.74297534497106+0j)
25792,10.01.2021,16:00,55.0,(10.822164994364314+0j)
25793,10.01.2021,17:00,48.0,(10.34205874156488+0j)
25794,10.01.2021,18:00,34.0,(9.219051195842558+0j)
25795,10.01.2021,19:00,41.0,(9.812685353516676+0j)
25796,10.01.2021,20:00,34.0,(9.219051195842558+0j)
25797,10.01.2021,21:00,24.0,(8.208497462938503+0j)
25798,10.01.2021,22:00,30.0,(8.84233584359671+0j)
25799,10.01.2021,23:00,38.0,(9.567264627885733+0j)
25800,11.01.2021,00:00,28.0,(8.641303622061608+0j)
25801,11.01.2021,01:00,53.0,(10.689364281461948+0j)
25802,11.01.2021,02:00,55.0,(10.822164994364314+0j)
25803,11.01.2021,03:00,59.0,(11.078405520382008+0j)
25804,11.01.2021,04:00,60.0,(11.140645059587433+0j)
25805,11.01.2021,05:00,60.0,(11.140645059587433+0j)
25806,11.01.2021,06:00,63.0,(11.323311051132062+0j)
25807,11.01.2021,07:00,63.0,(11.323311051132062+0j)
25808,11.01.2021,08:00,61.0,(11.202196833891742+0j)
25809,11.01.2021,09:00,59.0,(11.078405520382008+0j)
25810,11.01.2021,10:00,63.0,(11.323311051132062+0j)
25811,11.01.2021,11:00,59.0,(11.078405520382008+0j)
25812,11.01.2021,12:00,62.0,(11.263079534051261+0j)
25813,11.01.2021,13:00,60.0,(11.140645059587433+0j)
25814,11.01.2021,14:00,59.0,(11.078405520382008+0j)
25815,11.01.2021,15:00,55.0,(10.822164994364314+0j)
25816,11.01.2021,16:00,56.0,(10.887360331968232+0j)
25817,11.01.2021,17:00,59.0,(11.078405520382008+0j)
25818,11.01.2021,18:00,59.0,(11.078405520382008+0j)
25819,11.01.2021,19:00,60.0,(11.140645059587433+0j)
25820,11.01.2021,20:00,60.0,(11.140645059587433+0j)
25821,11.01.2021,21:00,60.0,(11.140645059587433+0j)
25822,11.01.2021,22:00,60.0,(11.140645059587433+0j)
25823,11.01.2021,23:00,60.0,(11.140645059587433+0j)
25824,12.01.2021,00:00,60.0,(11.140645059587433+0j)
25825,12.01.2021,01:00,60.0,(11.140645059587433+0j)
25826,12.01.2021,02:00,60.0,(11.140645059587433+0j)
25827,12.01.2021,03:00,60.0,(11.140645059587433+0j)
25828,12.01.2021,04:00,60.0,(11.140645059587433+0j)
25829,12.01.2021,05:00,60.0,(11.140645059587433+0j)
25830,12.01.2021,06:00,60.0,(11.140645059587433+0j)
25831,12.01.2021,07:00,60.0,(11.140645059587433+0j)
25832,12.01.2021,08:00,60.0,(11.140645059587433+0j)
25833,12.01.2021,09:00,60.0,(11.140645059587433+0j)
25834,12.01.2021,10:00,60.0,(11.140645059587433+0j)
25835,12.01.2021,11:00,60.0,(11.140645059587433+0j)
25836,12.01.2021,12:00,60.0,(11.140645059587433+0j)
25837,12.01.2021,13:00,60.0,(11.140645059587433+0j)
25838,12.01.2021,14:00,60.0,(11.140645059587433+0j)
25839,12.01.2021,15:00,60.0,(11.140645059587433+0j)
25840,12.01.2021,16:00,60.0,(11.140645059587433+0j)
25841,12.01.2021,17:00,60.0,(11.140645059587433+0j)
25842,12.01.2021,18:00,60.0,(11.140645059587433+0j)
25843,12.01.2021,19:00,60.0,(11.140645059587433+0j)
25844,12.01.2021,20:00,60.0,(11.140645059587433+0j)
25845,12.01.2021,21:00,53.0,(10.689364281461948+0j)
25846,12.01.2021,22:00,53.0,(10.689364281461948+0j)
25847,12.01.2021,23:00,9.0,(5.919350969396254+0j)
25848,13.01.2021,00:00,3.0,(4.1042487314692515+0j)
25849,13.01.2021,01:00,2.0,(3.585391514230274+0j)
25850,13.01.2021,02:00,10.0,(6.130933248752508+0j)
25851,13.01.2021,03:00,0.0,0j
25852,13.01.2021,04:00,0.0,0j
25853,13.01.2021,05:00,0.0,0j
25854,13.01.2021,06:00,3.0,(4.1042487314692515+0j)
25855,13.01.2021,07:00,0.0,0j
25856,13.01.2021,08:00,0.0,0j
25857,13.01.2021,09:00,0.0,0j
25858,13.01.2021,10:00,0.0,0j
25859,13.01.2021,11:00,3.0,(4.1042487314692515+0j)
25860,13.01.2021,12:00,2.0,(3.585391514230274+0j)
25861,13.01.2021,13:00,7.0,(5.443680165984116+0j)
25862,13.01.2021,14:00,10.0,(6.130933248752508+0j)
25863,13.01.2021,15:00,14.0,(6.858607230018604+0j)
25864,13.01.2021,16:00,11.0,(6.32884048187752+0j)
25865,13.01.2021,17:00,7.0,(5.443680165984116+0j)
25866,13.01.2021,18:00,6.0,(5.171029370782441+0j)
25867,13.01.2021,19:00,2.0,(3.585391514230274+0j)
25868,13.01.2021,20:00,2.0,(3.585391514230274+0j)
25869,13.01.2021,21:00,1.0,(2.845727130703496+0j)
25870,13.01.2021,22:00,4.0,(4.517310240893176+0j)
25871,13.01.2021,23:00,0.0,0j
25872,14.01.2021,00:00,0.0,0j
25873,14.01.2021,01:00,0.0,0j
25874,14.01.2021,02:00,0.0,0j
25875,14.01.2021,03:00,1.0,(2.845727130703496+0j)
25876,14.01.2021,04:00,5.0,(4.866124944308272+0j)
25877,14.01.2021,05:00,8.0,(5.691454261406992+0j)
25878,14.01.2021,06:00,18.0,(7.457914888057963+0j)
25879,14.01.2021,07:00,27.0,(8.537181392110488+0j)
25880,14.01.2021,08:00,29.0,(8.74297534497106+0j)
25881,14.01.2021,09:00,29.0,(8.74297534497106+0j)
25882,14.01.2021,10:00,29.0,(8.74297534497106+0j)
25883,14.01.2021,11:00,16.0,(7.170783028460548+0j)
25884,14.01.2021,12:00,8.0,(5.691454261406992+0j)
25885,14.01.2021,13:00,6.0,(5.171029370782441+0j)
25886,14.01.2021,14:00,3.0,(4.1042487314692515+0j)
25887,14.01.2021,15:00,1.0,(2.845727130703496+0j)
25888,14.01.2021,16:00,0.0,0j
25889,14.01.2021,17:00,0.0,0j
25890,14.01.2021,18:00,0.0,0j
25891,14.01.2021,19:00,4.0,(4.517310240893176+0j)
25892,14.01.2021,20:00,1.0,(2.845727130703496+0j)
25893,14.01.2021,21:00,2.0,(3.585391514230274+0j)
25894,14.01.2021,22:00,0.0,0j
25895,14.01.2021,23:00,10.0,(6.130933248752508+0j)
25896,15.01.2021,00:00,31.0,(8.939512150377235+0j)
25897,15.01.2021,01:00,23.0,(8.092869420675413+0j)
25898,15.01.2021,02:00,20.0,(7.724491855603646+0j)
25899,15.01.2021,03:00,19.0,(7.593542967381978+0j)
25900,15.01.2021,04:00,14.0,(6.858607230018604+0j)
25901,15.01.2021,05:00,0.0,0j
25902,15.01.2021,06:00,0.0,0j
25903,15.01.2021,07:00,14.0,(6.858607230018604+0j)
25904,15.01.2021,08:00,27.0,(8.537181392110488+0j)
25905,15.01.2021,09:00,34.0,(9.219051195842558+0j)
25906,15.01.2021,10:00,28.0,(8.641303622061608+0j)
25907,15.01.2021,11:00,18.0,(7.457914888057963+0j)
25908,15.01.2021,12:00,19.0,(7.593542967381978+0j)
25909,15.01.2021,13:00,24.0,(8.208497462938503+0j)
25910,15.01.2021,14:00,26.0,(8.430455436469295+0j)
25911,15.01.2021,15:00,25.0,(8.320956608290626+0j)
25912,15.01.2021,16:00,25.0,(8.320956608290626+0j)
25913,15.01.2021,17:00,26.0,(8.430455436469295+0j)
25914,15.01.2021,18:00,16.0,(7.170783028460548+0j)
25915,15.01.2021,19:00,10.0,(6.130933248752508+0j)
25916,15.01.2021,20:00,13.0,(6.691256914211192+0j)
25917,15.01.2021,21:00,14.0,(6.858607230018604+0j)
25918,15.01.2021,22:00,10.0,(6.130933248752508+0j)
25919,15.01.2021,23:00,7.0,(5.443680165984116+0j)
25920,16.01.2021,00:00,5.0,(4.866124944308272+0j)
25921,16.01.2021,01:00,6.0,(5.171029370782441+0j)
25922,16.01.2021,02:00,4.0,(4.517310240893176+0j)
25923,16.01.2021,03:00,6.0,(5.171029370782441+0j)
25924,16.01.2021,04:00,6.0,(5.171029370782441+0j)
25925,16.01.2021,05:00,4.0,(4.517310240893176+0j)
25926,16.01.2021,06:00,1.0,(2.845727130703496+0j)
25927,16.01.2021,07:00,3.0,(4.1042487314692515+0j)
25928,16.01.2021,08:00,2.0,(3.585391514230274+0j)
25929,16.01.2021,09:00,2.0,(3.585391514230274+0j)
25930,16.01.2021,10:00,3.0,(4.1042487314692515+0j)
25931,16.01.2021,11:00,12.0,(6.515088753873438+0j)
25932,16.01.2021,12:00,9.0,(5.919350969396254+0j)
25933,16.01.2021,13:00,30.0,(8.84233584359671+0j)
25934,16.01.2021,14:00,25.0,(8.320956608290626+0j)
25935,16.01.2021,15:00,18.0,(7.457914888057963+0j)
25936,16.01.2021,16:00,24.0,(8.208497462938503+0j)
25937,16.01.2021,17:00,29.0,(8.74297534497106+0j)
25938,16.01.2021,18:00,42.0,(9.891823330401618+0j)
25939,16.01.2021,19:00,43.0,(9.969714910096506+0j)
25940,16.01.2021,20:00,38.0,(9.567264627885733+0j)
25941,16.01.2021,21:00,47.0,(10.269734286241032+0j)
25942,16.01.2021,22:00,50.0,(10.483748386047209+0j)
25943,16.01.2021,23:00,51.0,(10.5531792067093+0j)
25944,17.01.2021,00:00,40.0,(9.732249888616542+0j)
25945,17.01.2021,01:00,47.0,(10.269734286241032+0j)
25946,17.01.2021,02:00,52.0,(10.621708264608335+0j)
25947,17.01.2021,03:00,45.0,(10.121947777604984+0j)
25948,17.01.2021,04:00,50.0,(10.483748386047209+0j)
25949,17.01.2021,05:00,45.0,(10.121947777604984+0j)
25950,17.01.2021,06:00,35.0,(9.308562145233848+0j)
25951,17.01.2021,07:00,35.0,(9.308562145233848+0j)
25952,17.01.2021,08:00,41.0,(9.812685353516676+0j)
25953,17.01.2021,09:00,34.0,(9.219051195842558+0j)
25954,17.01.2021,10:00,27.0,(8.537181392110488+0j)
25955,17.01.2021,11:00,29.0,(8.74297534497106+0j)
25956,17.01.2021,12:00,29.0,(8.74297534497106+0j)
25957,17.01.2021,13:00,36.0,(9.396383955788593+0j)
25958,17.01.2021,14:00,28.0,(8.641303622061608+0j)
25959,17.01.2021,15:00,27.0,(8.537181392110488+0j)
25960,17.01.2021,16:00,30.0,(8.84233584359671+0j)
25961,17.01.2021,17:00,20.0,(7.724491855603646+0j)
25962,17.01.2021,18:00,14.0,(6.858607230018604+0j)
25963,17.01.2021,19:00,16.0,(7.170783028460548+0j)
25964,17.01.2021,20:00,24.0,(8.208497462938503+0j)
25965,17.01.2021,21:00,19.0,(7.593542967381978+0j)
25966,17.01.2021,22:00,16.0,(7.170783028460548+0j)
25967,17.01.2021,23:00,15.0,(7.018166609990766+0j)
25968,18.01.2021,00:00,11.0,(6.32884048187752+0j)
25969,18.01.2021,01:00,14.0,(6.858607230018604+0j)
25970,18.01.2021,02:00,11.0,(6.32884048187752+0j)
25971,18.01.2021,03:00,13.0,(6.691256914211192+0j)
25972,18.01.2021,04:00,20.0,(7.724491855603646+0j)
25973,18.01.2021,05:00,21.0,(7.851145380281553+0j)
25974,18.01.2021,06:00,31.0,(8.939512150377235+0j)
25975,18.01.2021,07:00,35.0,(9.308562145233848+0j)
25976,18.01.2021,08:00,19.0,(7.593542967381978+0j)
25977,18.01.2021,09:00,19.0,(7.593542967381978+0j)
25978,18.01.2021,10:00,11.0,(6.32884048187752+0j)
25979,18.01.2021,11:00,3.0,(4.1042487314692515+0j)
25980,18.01.2021,12:00,4.0,(4.517310240893176+0j)
25981,18.01.2021,13:00,9.0,(5.919350969396254+0j)
25982,18.01.2021,14:00,28.0,(8.641303622061608+0j)
25983,18.01.2021,15:00,18.0,(7.457914888057963+0j)
25984,18.01.2021,16:00,25.0,(8.320956608290626+0j)
25985,18.01.2021,17:00,29.0,(8.74297534497106+0j)
25986,18.01.2021,18:00,28.0,(8.641303622061608+0j)
25987,18.01.2021,19:00,24.0,(8.208497462938503+0j)
25988,18.01.2021,20:00,18.0,(7.457914888057963+0j)
25989,18.01.2021,21:00,16.0,(7.170783028460548+0j)
25990,18.01.2021,22:00,11.0,(6.32884048187752+0j)
25991,18.01.2021,23:00,19.0,(7.593542967381978+0j)
25992,19.01.2021,00:00,14.0,(6.858607230018604+0j)
25993,19.01.2021,01:00,22.0,(7.9738393445443+0j)
25994,19.01.2021,02:00,22.0,(7.9738393445443+0j)
25995,19.01.2021,03:00,26.0,(8.430455436469295+0j)
25996,19.01.2021,04:00,32.0,(9.034620481786352+0j)
25997,19.01.2021,05:00,38.0,(9.567264627885733+0j)
25998,19.01.2021,06:00,35.0,(9.308562145233848+0j)
25999,19.01.2021,07:00,42.0,(9.891823330401618+0j)
26000,19.01.2021,08:00,33.0,(9.127767465531983+0j)
26001,19.01.2021,09:00,22.0,(7.9738393445443+0j)
26002,19.01.2021,10:00,16.0,(7.170783028460548+0j)
26003,19.01.2021,11:00,25.0,(8.320956608290626+0j)
26004,19.01.2021,12:00,12.0,(6.515088753873438+0j)
26005,19.01.2021,13:00,12.0,(6.515088753873438+0j)
26006,19.01.2021,14:00,23.0,(8.092869420675413+0j)
26007,19.01.2021,15:00,25.0,(8.320956608290626+0j)
26008,19.01.2021,16:00,23.0,(8.092869420675413+0j)
26009,19.01.2021,17:00,20.0,(7.724491855603646+0j)
26010,19.01.2021,18:00,28.0,(8.641303622061608+0j)
26011,19.01.2021,19:00,24.0,(8.208497462938503+0j)
26012,19.01.2021,20:00,32.0,(9.034620481786352+0j)
26013,19.01.2021,21:00,31.0,(8.939512150377235+0j)
26014,19.01.2021,22:00,38.0,(9.567264627885733+0j)
26015,19.01.2021,23:00,35.0,(9.308562145233848+0j)
26016,20.01.2021,00:00,25.0,(8.320956608290626+0j)
26017,20.01.2021,01:00,20.0,(7.724491855603646+0j)
26018,20.01.2021,02:00,16.0,(7.170783028460548+0j)
26019,20.01.2021,03:00,17.0,(7.317165783214581+0j)
26020,20.01.2021,04:00,24.0,(8.208497462938503+0j)
26021,20.01.2021,05:00,27.0,(8.537181392110488+0j)
26022,20.01.2021,06:00,17.0,(7.317165783214581+0j)
26023,20.01.2021,07:00,7.0,(5.443680165984116+0j)
26024,20.01.2021,08:00,0.0,0j
26025,20.01.2021,09:00,0.0,0j
26026,20.01.2021,10:00,0.0,0j
26027,20.01.2021,11:00,0.0,0j
26028,20.01.2021,12:00,0.0,0j
26029,20.01.2021,13:00,0.0,0j
26030,20.01.2021,14:00,0.0,0j
26031,20.01.2021,15:00,0.0,0j
26032,20.01.2021,16:00,0.0,0j
26033,20.01.2021,17:00,0.0,0j
26034,20.01.2021,18:00,0.0,0j
26035,20.01.2021,19:00,0.0,0j
26036,20.01.2021,20:00,0.0,0j
26037,20.01.2021,21:00,8.0,(5.691454261406992+0j)
26038,20.01.2021,22:00,7.0,(5.443680165984116+0j)
26039,20.01.2021,23:00,3.0,(4.1042487314692515+0j)
26040,21.01.2021,00:00,3.0,(4.1042487314692515+0j)
26041,21.01.2021,01:00,5.0,(4.866124944308272+0j)
26042,21.01.2021,02:00,4.0,(4.517310240893176+0j)
26043,21.01.2021,03:00,6.0,(5.171029370782441+0j)
26044,21.01.2021,04:00,6.0,(5.171029370782441+0j)
26045,21.01.2021,05:00,5.0,(4.866124944308272+0j)
26046,21.01.2021,06:00,6.0,(5.171029370782441+0j)
26047,21.01.2021,07:00,13.0,(6.691256914211192+0j)
26048,21.01.2021,08:00,8.0,(5.691454261406992+0j)
26049,21.01.2021,09:00,8.0,(5.691454261406992+0j)
26050,21.01.2021,10:00,9.0,(5.919350969396254+0j)
26051,21.01.2021,11:00,10.0,(6.130933248752508+0j)
26052,21.01.2021,12:00,13.0,(6.691256914211192+0j)
26053,21.01.2021,13:00,10.0,(6.130933248752508+0j)
26054,21.01.2021,14:00,7.0,(5.443680165984116+0j)
26055,21.01.2021,15:00,13.0,(6.691256914211192+0j)
26056,21.01.2021,16:00,10.0,(6.130933248752508+0j)
26057,21.01.2021,17:00,14.0,(6.858607230018604+0j)
26058,21.01.2021,18:00,20.0,(7.724491855603646+0j)
26059,21.01.2021,19:00,30.0,(8.84233584359671+0j)
26060,21.01.2021,20:00,29.0,(8.74297534497106+0j)
26061,21.01.2021,21:00,31.0,(8.939512150377235+0j)
26062,21.01.2021,22:00,34.0,(9.219051195842558+0j)
26063,21.01.2021,23:00,44.0,(10.0464080386713+0j)
26064,22.01.2021,00:00,42.0,(9.891823330401618+0j)
26065,22.01.2021,01:00,42.0,(9.891823330401618+0j)
26066,22.01.2021,02:00,40.0,(9.732249888616542+0j)
26067,22.01.2021,03:00,32.0,(9.034620481786352+0j)
26068,22.01.2021,04:00,32.0,(9.034620481786352+0j)
26069,22.01.2021,05:00,39.0,(9.650462409337567+0j)
26070,22.01.2021,06:00,33.0,(9.127767465531983+0j)
26071,22.01.2021,07:00,31.0,(8.939512150377235+0j)
26072,22.01.2021,08:00,34.0,(9.219051195842558+0j)
26073,22.01.2021,09:00,34.0,(9.219051195842558+0j)
26074,22.01.2021,10:00,34.0,(9.219051195842558+0j)
26075,22.01.2021,11:00,45.0,(10.121947777604984+0j)
26076,22.01.2021,12:00,48.0,(10.34205874156488+0j)
26077,22.01.2021,13:00,44.0,(10.0464080386713+0j)
26078,22.01.2021,14:00,37.0,(9.482594128751929+0j)
26079,22.01.2021,15:00,42.0,(9.891823330401618+0j)
26080,22.01.2021,16:00,39.0,(9.650462409337567+0j)
26081,22.01.2021,17:00,48.0,(10.34205874156488+0j)
26082,22.01.2021,18:00,43.0,(9.969714910096506+0j)
26083,22.01.2021,19:00,38.0,(9.567264627885733+0j)
26084,22.01.2021,20:00,38.0,(9.567264627885733+0j)
26085,22.01.2021,21:00,33.0,(9.127767465531983+0j)
26086,22.01.2021,22:00,32.0,(9.034620481786352+0j)
26087,22.01.2021,23:00,31.0,(8.939512150377235+0j)
26088,23.01.2021,00:00,42.0,(9.891823330401618+0j)
26089,23.01.2021,01:00,48.0,(10.34205874156488+0j)
26090,23.01.2021,02:00,44.0,(10.0464080386713+0j)
26091,23.01.2021,03:00,35.0,(9.308562145233848+0j)
26092,23.01.2021,04:00,34.0,(9.219051195842558+0j)
26093,23.01.2021,05:00,41.0,(9.812685353516676+0j)
26094,23.01.2021,06:00,45.0,(10.121947777604984+0j)
26095,23.01.2021,07:00,41.0,(9.812685353516676+0j)
26096,23.01.2021,08:00,46.0,(10.19637653715948+0j)
26097,23.01.2021,09:00,50.0,(10.483748386047209+0j)
26098,23.01.2021,10:00,38.0,(9.567264627885733+0j)
26099,23.01.2021,11:00,37.0,(9.482594128751929+0j)
26100,23.01.2021,12:00,57.0,(10.9517840818175+0j)
26101,23.01.2021,13:00,57.0,(10.9517840818175+0j)
26102,23.01.2021,14:00,47.0,(10.269734286241032+0j)
26103,23.01.2021,15:00,39.0,(9.650462409337567+0j)
26104,23.01.2021,16:00,60.0,(11.140645059587433+0j)
26105,23.01.2021,17:00,60.0,(11.140645059587433+0j)
26106,23.01.2021,18:00,67.0,(11.55805762209552+0j)
26107,23.01.2021,19:00,55.0,(10.822164994364314+0j)
26108,23.01.2021,20:00,67.0,(11.55805762209552+0j)
26109,23.01.2021,21:00,57.0,(10.9517840818175+0j)
26110,23.01.2021,22:00,45.0,(10.121947777604984+0j)
26111,23.01.2021,23:00,57.0,(10.9517840818175+0j)
26112,24.01.2021,00:00,62.0,(11.263079534051261+0j)
26113,24.01.2021,01:00,68.0,(11.615276661700541+0j)
26114,24.01.2021,02:00,58.0,(11.015458675840927+0j)
26115,24.01.2021,03:00,47.0,(10.269734286241032+0j)
26116,24.01.2021,04:00,67.0,(11.55805762209552+0j)
26117,24.01.2021,05:00,67.0,(11.55805762209552+0j)
26118,24.01.2021,06:00,69.0,(11.671937444523078+0j)
26119,24.01.2021,07:00,69.0,(11.671937444523078+0j)
26120,24.01.2021,08:00,69.0,(11.671937444523078+0j)
26121,24.01.2021,09:00,69.0,(11.671937444523078+0j)
26122,24.01.2021,10:00,68.0,(11.615276661700541+0j)
26123,24.01.2021,11:00,63.0,(11.323311051132062+0j)
26124,24.01.2021,12:00,68.0,(11.615276661700541+0j)
26125,24.01.2021,13:00,60.0,(11.140645059587433+0j)
26126,24.01.2021,14:00,55.0,(10.822164994364314+0j)
26127,24.01.2021,15:00,65.0,(11.441888376335278+0j)
26128,24.01.2021,16:00,58.0,(11.015458675840927+0j)
26129,24.01.2021,17:00,61.0,(11.202196833891742+0j)
26130,24.01.2021,18:00,42.0,(9.891823330401618+0j)
26131,24.01.2021,19:00,64.0,(11.382908522813985+0j)
26132,24.01.2021,20:00,62.0,(11.263079534051261+0j)
26133,24.01.2021,21:00,67.0,(11.55805762209552+0j)
26134,24.01.2021,22:00,69.0,(11.671937444523078+0j)
26135,24.01.2021,23:00,57.0,(10.9517840818175+0j)
26136,25.01.2021,00:00,69.0,(11.671937444523078+0j)
26137,25.01.2021,01:00,65.0,(11.441888376335278+0j)
26138,25.01.2021,02:00,67.0,(11.55805762209552+0j)
26139,25.01.2021,03:00,67.0,(11.55805762209552+0j)
26140,25.01.2021,04:00,69.0,(11.671937444523078+0j)
26141,25.01.2021,05:00,69.0,(11.671937444523078+0j)
26142,25.01.2021,06:00,69.0,(11.671937444523078+0j)
26143,25.01.2021,07:00,69.0,(11.671937444523078+0j)
26144,25.01.2021,08:00,47.0,(10.269734286241032+0j)
26145,25.01.2021,09:00,68.0,(11.615276661700541+0j)
26146,25.01.2021,10:00,63.0,(11.323311051132062+0j)
26147,25.01.2021,11:00,69.0,(11.671937444523078+0j)
26148,25.01.2021,12:00,68.0,(11.615276661700541+0j)
26149,25.01.2021,13:00,69.0,(11.671937444523078+0j)
26150,25.01.2021,14:00,69.0,(11.671937444523078+0j)
26151,25.01.2021,15:00,69.0,(11.671937444523078+0j)
26152,25.01.2021,16:00,69.0,(11.671937444523078+0j)
26153,25.01.2021,17:00,59.0,(11.078405520382008+0j)
26154,25.01.2021,18:00,55.0,(10.822164994364314+0j)
26155,25.01.2021,19:00,58.0,(11.015458675840927+0j)
26156,25.01.2021,20:00,48.0,(10.34205874156488+0j)
26157,25.01.2021,21:00,36.0,(9.396383955788593+0j)
26158,25.01.2021,22:00,37.0,(9.482594128751929+0j)
26159,25.01.2021,23:00,50.0,(10.483748386047209+0j)
26160,26.01.2021,00:00,47.0,(10.269734286241032+0j)
26161,26.01.2021,01:00,53.0,(10.689364281461948+0j)
26162,26.01.2021,02:00,65.0,(11.441888376335278+0j)
26163,26.01.2021,03:00,62.0,(11.263079534051261+0j)
26164,26.01.2021,04:00,60.0,(11.140645059587433+0j)
26165,26.01.2021,05:00,56.0,(10.887360331968232+0j)
26166,26.01.2021,06:00,51.0,(10.5531792067093+0j)
26167,26.01.2021,07:00,69.0,(11.671937444523078+0j)
26168,26.01.2021,08:00,57.0,(10.9517840818175+0j)
26169,26.01.2021,09:00,69.0,(11.671937444523078+0j)
26170,26.01.2021,10:00,66.0,(11.500266368369322+0j)
26171,26.01.2021,11:00,56.0,(10.887360331968232+0j)
26172,26.01.2021,12:00,65.0,(11.441888376335278+0j)
26173,26.01.2021,13:00,60.0,(11.140645059587433+0j)
26174,26.01.2021,14:00,61.0,(11.202196833891742+0j)
26175,26.01.2021,15:00,61.0,(11.202196833891742+0j)
26176,26.01.2021,16:00,37.0,(9.482594128751929+0j)
26177,26.01.2021,17:00,51.0,(10.5531792067093+0j)
26178,26.01.2021,18:00,60.0,(11.140645059587433+0j)
26179,26.01.2021,19:00,63.0,(11.323311051132062+0j)
26180,26.01.2021,20:00,60.0,(11.140645059587433+0j)
26181,26.01.2021,21:00,60.0,(11.140645059587433+0j)
26182,26.01.2021,22:00,63.0,(11.323311051132062+0j)
26183,26.01.2021,23:00,63.0,(11.323311051132062+0j)
26184,27.01.2021,00:00,51.0,(10.5531792067093+0j)
26185,27.01.2021,01:00,52.0,(10.621708264608335+0j)
26186,27.01.2021,02:00,54.0,(10.756174542690822+0j)
26187,27.01.2021,03:00,60.0,(11.140645059587433+0j)
26188,27.01.2021,04:00,58.0,(11.015458675840927+0j)
26189,27.01.2021,05:00,50.0,(10.483748386047209+0j)
26190,27.01.2021,06:00,8.0,(5.691454261406992+0j)
26191,27.01.2021,07:00,4.0,(4.517310240893176+0j)
26192,27.01.2021,08:00,3.0,(4.1042487314692515+0j)
26193,27.01.2021,09:00,10.0,(6.130933248752508+0j)
26194,27.01.2021,10:00,6.0,(5.171029370782441+0j)
26195,27.01.2021,11:00,4.0,(4.517310240893176+0j)
26196,27.01.2021,12:00,5.0,(4.866124944308272+0j)
26197,27.01.2021,13:00,0.0,0j
26198,27.01.2021,14:00,4.0,(4.517310240893176+0j)
26199,27.01.2021,15:00,7.0,(5.443680165984116+0j)
26200,27.01.2021,16:00,9.0,(5.919350969396254+0j)
26201,27.01.2021,17:00,11.0,(6.32884048187752+0j)
26202,27.01.2021,18:00,18.0,(7.457914888057963+0j)
26203,27.01.2021,19:00,37.0,(9.482594128751929+0j)
26204,27.01.2021,20:00,37.0,(9.482594128751929+0j)
26205,27.01.2021,21:00,63.0,(11.323311051132062+0j)
26206,27.01.2021,22:00,24.0,(8.208497462938503+0j)
26207,27.01.2021,23:00,24.0,(8.208497462938503+0j)
26208,28.01.2021,00:00,22.0,(7.9738393445443+0j)
26209,28.01.2021,01:00,17.0,(7.317165783214581+0j)
26210,28.01.2021,02:00,16.0,(7.170783028460548+0j)
26211,28.01.2021,03:00,12.0,(6.515088753873438+0j)
26212,28.01.2021,04:00,7.0,(5.443680165984116+0j)
26213,28.01.2021,05:00,2.0,(3.585391514230274+0j)
26214,28.01.2021,06:00,0.0,0j
26215,28.01.2021,07:00,0.0,0j
26216,28.01.2021,08:00,0.0,0j
26217,28.01.2021,09:00,0.0,0j
26218,28.01.2021,10:00,0.0,0j
26219,28.01.2021,11:00,0.0,0j
26220,28.01.2021,12:00,0.0,0j
26221,28.01.2021,13:00,0.0,0j
26222,28.01.2021,14:00,0.0,0j
26223,28.01.2021,15:00,0.0,0j
26224,28.01.2021,16:00,0.0,0j
26225,28.01.2021,17:00,0.0,0j
26226,28.01.2021,18:00,0.0,0j
26227,28.01.2021,19:00,2.0,(3.585391514230274+0j)
26228,28.01.2021,20:00,5.0,(4.866124944308272+0j)
26229,28.01.2021,21:00,6.0,(5.171029370782441+0j)
26230,28.01.2021,22:00,0.0,0j
26231,28.01.2021,23:00,0.0,0j
26232,29.01.2021,00:00,0.0,0j
26233,29.01.2021,01:00,0.0,0j
26234,29.01.2021,02:00,0.0,0j
26235,29.01.2021,03:00,0.0,0j
26236,29.01.2021,04:00,0.0,0j
26237,29.01.2021,05:00,0.0,0j
26238,29.01.2021,06:00,3.0,(4.1042487314692515+0j)
26239,29.01.2021,07:00,14.0,(6.858607230018604+0j)
26240,29.01.2021,08:00,12.0,(6.515088753873438+0j)
26241,29.01.2021,09:00,16.0,(7.170783028460548+0j)
26242,29.01.2021,10:00,17.0,(7.317165783214581+0j)
26243,29.01.2021,11:00,17.0,(7.317165783214581+0j)
26244,29.01.2021,12:00,10.0,(6.130933248752508+0j)
26245,29.01.2021,13:00,20.0,(7.724491855603646+0j)
26246,29.01.2021,14:00,25.0,(8.320956608290626+0j)
26247,29.01.2021,15:00,22.0,(7.9738393445443+0j)
26248,29.01.2021,16:00,26.0,(8.430455436469295+0j)
26249,29.01.2021,17:00,42.0,(9.891823330401618+0j)
26250,29.01.2021,18:00,51.0,(10.5531792067093+0j)
26251,29.01.2021,19:00,47.0,(10.269734286241032+0j)
26252,29.01.2021,20:00,50.0,(10.483748386047209+0j)
26253,29.01.2021,21:00,50.0,(10.483748386047209+0j)
26254,29.01.2021,22:00,54.0,(10.756174542690822+0j)
26255,29.01.2021,23:00,60.0,(11.140645059587433+0j)
26256,30.01.2021,00:00,60.0,(11.140645059587433+0j)
26257,30.01.2021,01:00,60.0,(11.140645059587433+0j)
26258,30.01.2021,02:00,67.0,(11.55805762209552+0j)
26259,30.01.2021,03:00,53.0,(10.689364281461948+0j)
26260,30.01.2021,04:00,68.0,(11.615276661700541+0j)
26261,30.01.2021,05:00,67.0,(11.55805762209552+0j)
26262,30.01.2021,06:00,69.0,(11.671937444523078+0j)
26263,30.01.2021,07:00,67.0,(11.55805762209552+0j)
26264,30.01.2021,08:00,69.0,(11.671937444523078+0j)
26265,30.01.2021,09:00,68.0,(11.615276661700541+0j)
26266,30.01.2021,10:00,69.0,(11.671937444523078+0j)
26267,30.01.2021,11:00,69.0,(11.671937444523078+0j)
26268,30.01.2021,12:00,69.0,(11.671937444523078+0j)
26269,30.01.2021,13:00,42.0,(9.891823330401618+0j)
26270,30.01.2021,14:00,32.0,(9.034620481786352+0j)
26271,30.01.2021,15:00,29.0,(8.74297534497106+0j)
26272,30.01.2021,16:00,41.0,(9.812685353516676+0j)
26273,30.01.2021,17:00,15.0,(7.018166609990766+0j)
26274,30.01.2021,18:00,12.0,(6.515088753873438+0j)
26275,30.01.2021,19:00,3.0,(4.1042487314692515+0j)
26276,30.01.2021,20:00,1.0,(2.845727130703496+0j)
26277,30.01.2021,21:00,0.0,0j
26278,30.01.2021,22:00,0.0,0j
26279,30.01.2021,23:00,2.0,(3.585391514230274+0j)
26280,31.01.2021,00:00,10.0,(6.130933248752508+0j)
26281,31.01.2021,01:00,11.0,(6.32884048187752+0j)
26282,31.01.2021,02:00,9.0,(5.919350969396254+0j)
26283,31.01.2021,03:00,2.0,(3.585391514230274+0j)
26284,31.01.2021,04:00,2.0,(3.585391514230274+0j)
26285,31.01.2021,05:00,0.0,0j
26286,31.01.2021,06:00,0.0,0j
26287,31.01.2021,07:00,7.0,(5.443680165984116+0j)
26288,31.01.2021,08:00,13.0,(6.691256914211192+0j)
26289,31.01.2021,09:00,9.0,(5.919350969396254+0j)
26290,31.01.2021,10:00,23.0,(8.092869420675413+0j)
26291,31.01.2021,11:00,16.0,(7.170783028460548+0j)
26292,31.01.2021,12:00,12.0,(6.515088753873438+0j)
26293,31.01.2021,13:00,16.0,(7.170783028460548+0j)
26294,31.01.2021,14:00,18.0,(7.457914888057963+0j)
26295,31.01.2021,15:00,23.0,(8.092869420675413+0j)
26296,31.01.2021,16:00,37.0,(9.482594128751929+0j)
26297,31.01.2021,17:00,49.0,(10.41338553855059+0j)
26298,31.01.2021,18:00,33.0,(9.127767465531983+0j)
26299,31.01.2021,19:00,55.0,(10.822164994364314+0j)
26300,31.01.2021,20:00,57.0,(10.9517840818175+0j)
26301,31.01.2021,21:00,55.0,(10.822164994364314+0j)
26302,31.01.2021,22:00,55.0,(10.822164994364314+0j)
26303,31.01.2021,23:00,59.0,(11.078405520382008+0j)
26304,01.02.2021,00:00,65.0,(11.441888376335278+0j)
26305,01.02.2021,01:00,65.0,(11.441888376335278+0j)
26306,01.02.2021,02:00,63.0,(11.323311051132062+0j)
26307,01.02.2021,03:00,65.0,(11.441888376335278+0j)
26308,01.02.2021,04:00,61.0,(11.202196833891742+0j)
26309,01.02.2021,05:00,65.0,(11.441888376335278+0j)
26310,01.02.2021,06:00,55.0,(10.822164994364314+0j)
26311,01.02.2021,07:00,68.0,(11.615276661700541+0j)
26312,01.02.2021,08:00,68.0,(11.615276661700541+0j)
26313,01.02.2021,09:00,68.0,(11.615276661700541+0j)
26314,01.02.2021,10:00,68.0,(11.615276661700541+0j)
26315,01.02.2021,11:00,68.0,(11.615276661700541+0j)
26316,01.02.2021,12:00,68.0,(11.615276661700541+0j)
26317,01.02.2021,13:00,59.0,(11.078405520382008+0j)
26318,01.02.2021,14:00,62.0,(11.263079534051261+0j)
26319,01.02.2021,15:00,68.0,(11.615276661700541+0j)
26320,01.02.2021,16:00,68.0,(11.615276661700541+0j)
26321,01.02.2021,17:00,68.0,(11.615276661700541+0j)
26322,01.02.2021,18:00,68.0,(11.615276661700541+0j)
26323,01.02.2021,19:00,68.0,(11.615276661700541+0j)
26324,01.02.2021,20:00,68.0,(11.615276661700541+0j)
26325,01.02.2021,21:00,67.0,(11.55805762209552+0j)
26326,01.02.2021,22:00,45.0,(10.121947777604984+0j)
26327,01.02.2021,23:00,33.0,(9.127767465531983+0j)
